NWF-C- 8C 
        144.0  70.5   0.0   0.0   1.0
NRM    234.4  79.6 234.4  79.6 7.99E-02 005.5 181.0  09.1 61.87108 748.0746 191.2008 shoemake 2024-07-01 17:11:05 
LN2    202.6  79.0 202.6  79.0 7.75E-02 006.7 175.0  09.6 95.42515 886.0316 181.8349 shoemake 2024-07-11 16:27:45 
TT  70 208.4  78.4 208.4  78.4 7.36E-02 005.5 175.8  08.6 53.89483 698.1129 84.09601 shoemake 2024-07-30 20:09:40 
TT 100 201.6  78.0 201.6  78.0 7.13E-02 002.3 174.4  08.8 49.45019 273.2663 92.73664 shoemake 2024-08-01 12:51:07 
TT 130 182.0  77.1 182.0  77.1 3.83E-02 006.0 170.4  10.5 64.96401 387.8746 74.08545 shoemake 2024-09-07 18:28:09 
TT 160 185.2  78.2 185.2  78.2 3.22E-02 003.7 171.7  10.9 26.06978 199.5361 48.39952 shoemake 2024-09-12 14:30:05 
TT 190 161.7  70.2 161.7  70.2 2.97E-02 002.3 161.4  11.0 24.54082 104.6580 55.75493 shoemake 2024-09-17 16:05:20 
TT 210 166.2  72.6 166.2  72.6 2.87E-02 005.5 164.2  11.0 66.97198 262.4450 53.20650 shoemake 2024-10-11 03:03:59 
TT 240 167.6  74.5 167.6  74.5 1.30E-02 008.0 166.1  11.6 40.25024 176.5726 18.82590 shoemake 2024-10-18 11:56:38 
TT 270 173.2  76.4 173.2  76.4 1.07E-02 001.9 168.5  11.6 10.88119 28.09133 21.13229 shoemake 2024-10-26 18:14:24 
TT 300 170.0  75.3 170.0  75.3 1.06E-02 004.4 167.2  11.6 15.93282 80.78016 9.679352 shoemake 2024-11-06 18:08:00 
TT 330 165.9  73.9 165.9  73.9 1.02E-02 006.0 165.4  11.7 26.03098 104.0532 15.72545 shoemake 2024-11-15 18:42:53 
TT 360 170.2  75.3 170.2  75.3 8.25E-03 006.3 167.2  11.5 19.94779 88.42930 13.50763 shoemake 2024-11-18 18:17:48 
TT 360 230.5  70.6 230.5  70.6 6.69E-03 038.3 180.4  00.1 6.680539 502.1579 167.0083 shoemake 2024-11-22 23:39:04 
TT 360 163.9  72.8 163.9  72.8 8.29E-03 002.0 164.1  11.7 9.659252 25.36901 12.85041 shoemake 2024-11-23 21:36:55 
TT 390 159.6  70.1 159.6  70.1 6.94E-03 002.0 161.0  11.7 8.499532 19.06525 13.50004 shoemake 2024-11-25 11:01:58 
TT 420 164.6  70.7 164.6  70.7 3.13E-03 003.4 162.4  10.5 4.750625 16.39791 7.588892 shoemake 2024-11-27 00:33:03 
TT 450 165.6  71.6 165.6  71.6 1.56E-03 004.3 163.2  10.6 2.745536 10.90557 3.450550 shoemake 2024-12-05 07:37:14 
TT 450 164.4  71.3 164.4  71.3 1.57E-03 007.6 162.8  10.8 6.036610 20.37906 1.123925 shoemake 2025-02-06 05:36:30 
TT 480 151.8  46.0 151.8  46.0 5.36E-05 007.6 137.1  05.6 0.534012 0.592230 0.054941 shoemake 2025-04-09 18:33:03 
TT 510 138.1  63.8 138.1  63.8 6.21E-05 007.0 152.3  17.9 0.514088 0.661685 0.042529 shoemake 2025-04-25 22:04:31 
