NWF-C- 4C 
        240.0  55.0   0.0   0.0   1.0
NRM    010.3 -14.4 010.3 -14.4 1.13E-01 002.4 254.6 -44.7 418.8355 214.3072 110.4360 shoemake 2024-07-01 16:35:04 
LN2    003.8 -07.5 003.8 -07.5 1.04E-01 003.6 241.3 -45.2 569.3834 335.3237 87.73717 shoemake 2024-07-11 15:47:36 
TT  70 007.6 -12.2 007.6 -12.2 9.96E-02 001.3 249.9 -45.4 209.9902 90.79962 44.11610 shoemake 2024-07-30 19:20:06 
TT 100 005.1 -13.0 005.1 -13.0 6.57E-02 000.7 248.6 -47.9 58.25004 50.04668 47.13363 shoemake 2024-08-01 12:09:02 
TT 130 005.3 -13.8 005.3 -13.8 6.35E-02 001.5 249.7 -48.2 155.9125 61.19357 53.93610 shoemake 2024-09-07 17:46:11 
TT 160 359.5 -13.1 359.5 -13.1 3.39E-02 002.4 243.3 -52.1 129.5571 61.22969 23.84038 shoemake 2024-09-12 13:48:06 
TT 190 356.6 -11.0 356.6 -11.0 3.09E-02 000.7 237.6 -52.7 24.64599 22.05469 32.81501 shoemake 2024-09-17 15:23:16 
TT 210 358.1 -13.1 358.1 -13.1 2.98E-02 001.3 241.8 -53.1 55.86320 30.61170 19.37522 shoemake 2024-10-11 02:21:55 
TT 240 354.9 -11.5 354.9 -11.5 1.44E-02 002.9 236.2 -54.2 58.65567 44.03719 8.824386 shoemake 2024-10-18 11:14:35 
TT 270 356.0 -13.2 356.0 -13.2 1.13E-02 004.4 239.7 -54.7 76.55281 40.21155 11.27208 shoemake 2024-10-26 17:36:34 
TT 300 353.4 -10.7 353.4 -10.7 1.13E-02 000.9 233.5 -54.6 15.40889 11.59414 3.354663 shoemake 2024-11-06 17:25:34 
TT 330 325.2  55.0 325.2  55.0 3.48E-03 071.8 180.0  00.0 20.66540 573.9657 975.9901 shoemake 2024-11-15 18:01:01 
TT 330 354.3 -12.3 354.3 -12.3 1.12E-02 003.2 236.4 -55.2 51.10564 35.17112 9.201411 shoemake 2024-11-15 23:18:41 
TT 360 353.9 -11.8 353.9 -11.8 1.11E-02 002.3 235.3 -55.1 34.35456 27.84530 8.736439 shoemake 2024-11-18 17:35:37 
TT 360 328.5  54.9 328.5  54.9 3.43E-03 072.0 181.9 -00.0 26.94680 571.3611 977.4806 shoemake 2024-11-22 22:57:16 
TT 360 354.1 -11.9 354.1 -11.9 1.11E-02 001.7 235.6 -55.1 23.47016 20.70323 9.612615 shoemake 2024-11-23 21:09:48 
TT 390 355.6 -13.2 355.6 -13.2 1.11E-02 001.9 239.2 -55.0 26.74978 24.15529 10.43061 shoemake 2024-11-25 10:19:41 
TT 420 353.8 -12.0 353.8 -12.0 1.07E-02 002.3 235.5 -55.4 32.90234 25.11783 11.11540 shoemake 2024-11-26 23:50:51 
TT 450 353.3 -11.6 353.3 -11.6 9.42E-03 002.3 234.3 -55.5 30.09632 21.57123 9.034007 shoemake 2024-12-05 06:54:49 
TT 450 355.8 -14.4 355.8 -14.4 9.56E-03 003.7 240.9 -55.7 51.79268 36.10911 3.488260 shoemake 2025-02-06 04:54:15 
TT 480 352.0 -11.8 352.0 -11.8 6.75E-03 001.4 232.9 -56.4 12.18921 12.26020 2.162989 shoemake 2025-04-09 17:50:57 
TT 510 345.7 -05.2 345.7 -05.2 3.79E-05 008.0 217.0 -54.7 0.396564 0.414901 0.032105 shoemake 2025-04-25 21:22:42 
