NWF-C- 8G 
        144.0  70.5   0.0   0.0   1.0
NRM    284.9  58.1 284.9  58.1 5.47E-02 038.1 205.8  00.2 1815.152 3730.390 1103.377 shoemake 2024-07-01 17:19:38 
NRM    220.5  80.2 220.5  80.2 6.71E-02 008.8 178.5  09.9 69.01963 1022.410 157.1971 shoemake 2024-07-01 17:45:38 
LN2    223.6  80.9 223.6  80.9 6.49E-02 012.0 179.1  10.4 61.16248 1367.486 164.9975 shoemake 2024-07-11 16:36:26 
TT  70 209.2  80.3 209.2  80.3 6.24E-02 002.7 176.6  10.3 35.89171 247.0321 158.4220 shoemake 2024-07-30 20:21:20 
TT 100 211.5  80.3 211.5  80.3 6.18E-02 001.7 177.0  10.3 49.74119 71.04170 169.5139 shoemake 2024-08-01 13:00:59 
TT 130 170.8  76.9 170.8  76.9 3.03E-02 007.4 168.6  12.3 48.04763 376.5687 101.9125 shoemake 2024-09-07 18:37:52 
TT 160 170.2  77.1 170.2  77.1 2.56E-02 007.1 168.7  12.5 42.63378 303.3150 82.96204 shoemake 2024-09-12 14:39:56 
TT 190 157.7  70.2 157.7  70.2 2.50E-02 003.2 160.8  12.3 59.72552 102.2758 73.71833 shoemake 2024-09-17 16:15:12 
TT 210 172.9  77.9 172.9  77.9 2.47E-02 005.1 169.7  12.5 19.95173 197.8715 91.00734 shoemake 2024-10-11 03:13:59 
TT 240 163.3  74.3 163.3  74.3 1.35E-02 002.2 165.3  12.5 10.33573 27.35551 43.74544 shoemake 2024-10-18 12:06:31 
TT 270 169.6  77.3 169.6  77.3 1.17E-02 002.4 168.8  12.8 8.878090 38.95834 27.41386 shoemake 2024-10-27 06:16:47 
TT 300 231.1  79.6 231.1  79.6 1.11E-02 002.1 180.3  09.1 9.250111 34.01154 21.88937 shoemake 2024-11-06 18:18:00 
TT 330 211.4  80.1 211.4  80.1 9.86E-03 001.7 176.9  10.1 11.83376 12.25743 26.04578 shoemake 2024-11-15 18:52:48 
TT 360 180.9  77.4 180.9  77.4 6.68E-03 002.5 170.4  10.9 7.520551 21.16304 18.93692 shoemake 2024-11-18 18:27:43 
TT 360 232.5  70.5 232.5  70.5 6.54E-03 013.1 181.1 -00.0 7.670101 96.93922 118.0433 shoemake 2024-11-22 23:49:00 
TT 390 194.2  79.5 194.2  79.5 5.05E-03 002.6 173.9  10.8 6.158869 14.44686 17.29828 shoemake 2024-11-25 11:34:49 
TT 420 198.6  78.9 198.6  78.9 1.37E-03 002.8 174.3  09.9 1.876417 2.570997 6.211836 shoemake 2024-11-27 00:43:01 
TT 450 211.1  78.8 211.1  78.8 5.03E-04 006.7 176.5  08.8 0.482071 5.527820 2.206198 shoemake 2024-12-05 07:47:17 
TT 450 181.0  74.5 181.0  74.5 5.12E-04 003.4 168.4  08.8 0.582230 2.775942 1.222638 shoemake 2025-02-06 05:46:30 
TT 480 172.3  32.2 172.3  32.2 2.83E-05 010.0 132.9 -14.9 0.429118 0.414455 0.050319 shoemake 2025-04-09 18:42:58 
TT 510 126.2  79.3 126.2  79.3 2.08E-05 011.5 168.8  21.6 0.351942 0.398935 0.019493 shoemake 2025-04-25 22:14:15 
