NWF-C- 6E 
        112.0  63.0   0.0   0.0   1.0
NRM    061.0 -47.5 061.0 -47.5 7.17E-02 006.1 028.1  05.7 341.9782 659.5976 182.7404 shoemake 2024-07-01 16:56:16 
LN2    055.4 -49.7 055.4 -49.7 6.93E-02 001.3 023.7  06.1 66.12392 81.16633 132.6587 shoemake 2024-07-11 16:10:57 
TT  70 063.4 -44.3 063.4 -44.3 6.53E-02 007.1 031.4  07.1 428.5521 690.6476 57.91557 shoemake 2024-07-30 19:49:16 
TT 100 061.1 -45.2 061.1 -45.2 5.62E-02 004.3 029.5  07.5 217.7331 358.5630 48.47114 shoemake 2024-08-01 12:33:48 
TT 130 059.4 -43.7 059.4 -43.7 4.02E-02 002.2 029.5  09.4 94.43663 123.4625 31.08963 shoemake 2024-09-07 18:10:56 
TT 160 057.9 -43.4 057.9 -43.4 1.71E-02 053.9 028.8  10.3 1578.321 867.7929 326.1585 shoemake 2024-09-12 14:12:48 
TT 160 063.4 -41.4 063.4 -41.4 3.43E-02 002.1 033.3  09.4 61.20762 96.10312 58.51090 shoemake 2024-09-13 14:00:37 
TT 190 054.3 -43.5 054.3 -43.5 1.38E-02 050.3 026.5  11.7 1288.773 644.2064 299.1172 shoemake 2024-09-17 15:48:00 
TT 190 062.7 -38.7 062.7 -38.7 2.77E-02 003.8 034.6  11.8 102.8093 151.1857 18.55095 shoemake 2024-09-17 17:36:17 
TT 190 053.2 -43.7 053.2 -43.7 2.77E-02 000.5 025.7  12.0 27.68552 9.891271 20.62058 shoemake 2024-09-17 18:00:56 
TT 210 060.9 -39.7 060.9 -39.7 1.31E-02 057.3 032.9  11.9 1150.311 744.0543 288.1014 shoemake 2024-10-11 02:46:44 
TT 210 050.8 -44.9 050.8 -44.9 1.31E-02 061.4 023.6  11.8 1258.894 550.0865 287.3709 shoemake 2024-10-14 13:10:35 
TT 210 059.4 -40.8 059.4 -40.8 2.61E-02 005.5 031.3  11.7 132.6051 212.7559 26.55632 shoemake 2024-10-14 14:20:12 
TT 240 057.7 -40.2 057.7 -40.2 9.20E-03 001.4 030.6  13.0 11.69214 18.14650 10.13109 shoemake 2024-10-18 11:39:20 
TT 270 060.1 -38.8 060.1 -38.8 7.67E-03 007.0 033.0  12.9 54.38730 73.12323 22.26604 shoemake 2024-10-26 17:58:55 
TT 270 063.1 -36.6 063.1 -36.6 7.62E-03 002.1 036.2  13.1 13.10635 19.12157 16.36843 shoemake 2024-10-28 17:34:50 
TT 300 060.0 -37.8 060.0 -37.8 3.87E-03 047.0 033.5  13.8 334.9312 221.9844 98.63012 shoemake 2024-11-06 17:50:29 
TT 300 059.7 -39.2 059.7 -39.2 7.75E-03 001.1 032.5  12.8 6.505704 7.038513 13.67371 shoemake 2024-11-11 12:15:53 
TT 330 062.1 -36.3 062.1 -36.3 3.78E-03 060.4 035.9  13.9 317.6409 230.0383 96.90955 shoemake 2024-11-15 18:25:41 
TT 330 059.2 -39.3 059.2 -39.3 7.55E-03 001.3 032.1  12.9 6.676393 8.007352 14.80000 shoemake 2024-11-15 23:21:18 
TT 360 063.4 -35.4 063.4 -35.4 3.71E-03 056.6 037.3  13.8 306.1736 233.0982 94.91005 shoemake 2024-11-18 18:00:28 
TT 360 053.9 -41.0 053.9 -41.0 3.70E-03 022.2 027.7  13.9 340.4509 178.7644 95.44826 shoemake 2024-11-19 08:55:31 
TT 360 062.5 -36.0 062.5 -36.0 3.71E-03 011.1 036.3  13.9 309.9690 228.0965 95.22941 shoemake 2024-11-20 18:11:27 
TT 360 025.1 -62.9 025.1 -62.9 5.15E-03 047.7 003.6 -00.1 39.58981 542.9416 162.5829 shoemake 2024-11-22 23:21:52 
TT 360 063.2 -35.7 063.2 -35.7 3.71E-03 060.5 037.0  13.8 307.8787 231.9021 94.71149 shoemake 2024-11-23 21:27:05 
TT 360 060.8 -38.2 060.8 -38.2 7.39E-03 002.2 033.8  13.1 15.08174 21.41632 14.75294 shoemake 2024-11-24 00:36:49 
TT 390 058.6 -38.5 058.6 -38.5 3.57E-03 061.5 032.2  13.9 313.5327 197.5608 92.00684 shoemake 2024-11-25 10:44:35 
TT 390 060.4 -38.9 060.4 -38.9 7.11E-03 003.0 033.1  12.8 19.99528 27.00369 18.50235 shoemake 2024-11-25 12:49:32 
TT 420 056.5 -39.6 056.5 -39.6 3.04E-03 061.1 030.2  14.0 272.9779 158.8738 78.86160 shoemake 2024-11-27 00:15:41 
TT 420 063.7 -36.5 063.7 -36.5 6.05E-03 002.7 036.7  12.9 15.69355 18.20364 17.41268 shoemake 2024-11-27 13:03:16 
TT 450 028.0  43.3 028.0  43.3 1.78E-08 062.1 154.4  71.2 0.002436 0.001689 0.002190 shoemake 2024-12-05 07:19:44 
TT 450 057.6 -37.2 057.6 -37.2 2.15E-03 055.5 032.4  15.4 187.4059 118.8862 61.24771 shoemake 2024-12-05 15:41:31 
TT 450 315.3  43.9 315.3  43.9 5.31E-09 082.2 233.9  37.5 0.002271 0.001574 0.005009 shoemake 2024-12-06 00:42:33 
TT 450 062.4 -34.1 062.4 -34.1 2.15E-03 059.7 037.6  15.4 175.7603 135.4751 61.18698 shoemake 2024-12-06 00:54:03 
TT 450 053.2 -41.7 053.2 -41.7 2.14E-03 043.1 026.8  13.6 198.3171 100.3427 54.27205 shoemake 2024-12-06 00:59:05 
TT 450 059.9 -37.0 059.9 -37.0 4.29E-03 001.8 034.0  14.4 5.887987 7.774884 10.55526 shoemake 2024-12-06 01:12:10 
TT 450 053.7 -38.6 053.7 -38.6 2.18E-03 038.2 029.0  16.1 196.2833 108.7805 64.64307 shoemake 2025-02-06 05:19:08 
TT 450 062.3 -33.1 062.3 -33.1 2.19E-03 033.7 038.2  16.2 176.4434 139.1943 65.05391 shoemake 2025-02-07 00:54:16 
TT 450 055.9 -38.6 055.9 -38.6 4.35E-03 003.1 030.4  15.1 12.56414 19.23094 8.198415 shoemake 2025-02-10 17:54:14 
TT 480 057.6 -28.9 057.6 -28.9 2.93E-04 037.0 037.7  22.0 22.94881 17.78522 11.73213 shoemake 2025-04-09 18:15:44 
TT 480 052.5 -33.4 052.5 -33.4 5.76E-04 007.1 031.1  20.9 3.616702 6.287440 0.859160 shoemake 2025-04-15 15:20:19 
TT 510 043.1 -30.3 043.1 -30.3 3.54E-04 004.1 025.2  27.6 1.177974 2.275654 0.474312 shoemake 2025-04-25 21:47:16 
