NWF-C- 5B 
        119.0  58.5   0.0   0.0   1.0
NRM    129.0  09.4 129.0  09.4 1.07E-01 006.8 105.8 -07.5 1219.583 357.8469 124.8653 shoemake 2024-07-01 16:41:32 
LN2    126.6  06.6 126.6  06.6 1.00E-01 001.6 102.2 -07.0 217.4172 105.9661 162.4605 shoemake 2024-07-11 15:54:11 
TT  70 127.1  07.4 127.1  07.4 9.80E-02 004.7 103.2 -06.9 782.9486 183.7130 58.19253 shoemake 2024-07-30 19:28:55 
TT 100 127.1  10.3 127.1  10.3 8.37E-02 007.1 105.6 -05.4 995.1960 286.3461 62.15320 shoemake 2024-08-01 12:16:31 
TT 130 129.2  14.0 129.2  14.0 8.10E-02 005.0 109.8 -05.0 661.5560 256.1813 64.54022 shoemake 2024-09-07 17:53:35 
TT 160 129.0  14.0 129.0  14.0 7.80E-02 006.3 109.7 -04.8 808.8201 297.4670 49.97072 shoemake 2024-09-12 13:55:34 
TT 190 126.8  14.9 126.8  14.9 5.76E-02 001.0 109.2 -02.6 81.45744 52.95017 36.25949 shoemake 2024-09-17 15:30:44 
TT 210 130.6  20.8 130.6  20.8 5.40E-02 004.1 116.2 -02.3 345.4467 174.8309 36.25198 shoemake 2024-10-11 02:29:28 
TT 240 125.4  14.6 125.4  14.6 2.77E-02 003.4 108.2 -01.7 154.3323 56.72167 21.45009 shoemake 2024-10-18 11:21:59 
TT 270 126.9  16.9 126.9  16.9 2.25E-02 003.2 111.0 -01.6 108.3248 46.23926 42.75468 shoemake 2024-10-26 17:43:14 
TT 300 128.8  19.8 128.8  19.8 2.25E-02 005.4 114.3 -01.4 192.6933 90.60482 12.66352 shoemake 2024-11-06 17:33:07 
TT 330 129.4  20.6 129.4  20.6 2.21E-02 002.2 115.4 -01.5 71.19601 39.06198 28.19276 shoemake 2024-11-15 18:08:35 
TT 360 132.5  24.6 132.5  24.6 2.19E-02 004.4 120.2 -01.5 143.5636 83.16992 25.77716 shoemake 2024-11-18 17:43:11 
TT 360 204.4  58.5 204.4  58.5 9.46E-03 065.4 180.1  00.0 10.65105 2120.459 60.16324 shoemake 2024-11-22 23:04:46 
TT 360 128.8  19.6 128.8  19.6 2.19E-02 002.4 114.2 -01.5 79.72040 44.79183 29.20738 shoemake 2024-11-23 21:14:47 
TT 390 127.5  17.9 127.5  17.9 2.17E-02 002.2 112.1 -01.5 69.14894 35.34182 38.86132 shoemake 2024-11-25 10:27:16 
TT 420 128.2  18.7 128.2  18.7 2.09E-02 002.3 113.2 -01.6 68.70062 38.42387 38.72048 shoemake 2024-11-26 23:58:22 
TT 450 128.0  18.7 128.0  18.7 1.88E-02 004.1 113.1 -01.4 119.9590 55.18504 32.86430 shoemake 2024-12-05 07:02:23 
TT 450 133.0  25.9 133.0  25.9 1.90E-02 004.3 121.5 -01.1 120.8021 78.11875 16.30954 shoemake 2025-02-06 05:01:50 
TT 480 131.5  23.6 131.5  23.6 8.90E-03 004.3 119.0 -01.3 58.54984 33.90720 6.107142 shoemake 2025-04-09 17:58:27 
TT 510 125.2  47.0 125.2  47.0 1.84E-04 001.4 136.0  15.7 0.375442 0.476816 0.096046 shoemake 2025-04-25 21:30:02 
