PKSF- 5A 
         87.0  36.0   0.0   0.0   1.0
NRM    328.3  57.9 328.3  57.9 3.17E-02 002.5 244.7  73.7 92.95739 98.11733 22.14884 shoemake 2024-07-17 15:43:15 
NRM    331.4  61.3 331.4  61.3 3.25E-02 004.9 231.4  74.7 208.6510 188.1694 22.07096 shoemake 2024-07-18 20:30:37 
LT1 77 328.1  60.2 328.1  60.2 3.25E-02 002.8 236.5  73.4 124.2348 101.4243 6.455369 shoemake 2024-08-02 22:32:30 
LT2 77 328.8  62.8 328.8  62.8 3.26E-02 000.8 227.6  73.1 32.23887 34.92776 7.453588 shoemake 2024-08-13 19:01:22 
TT  70 327.4  60.5 327.4  60.5 3.03E-02 001.5 235.6  73.0 54.86300 55.63380 14.15984 shoemake 2024-08-14 21:07:28 
TT 100 329.0  62.0 329.0  62.0 3.17E-02 001.9 230.2  73.4 74.81151 75.23504 10.56701 shoemake 2025-07-09 20:32:31 
TT 160 328.8  60.0 328.8  60.0 3.13E-02 004.0 237.0  73.7 176.7271 128.5372 13.96907 shoemake 2025-07-11 21:14:36 
TT 210 327.3  61.4 327.3  61.4 2.39E-02 002.9 232.8  72.8 95.81353 78.48504 19.88991 shoemake 2025-07-17 14:53:51 
TT 240 327.6  60.1 327.6  60.1 2.35E-02 004.6 236.9  73.2 160.2157 102.9313 23.09333 shoemake 2025-07-21 14:46:06 
TT 270 334.4  56.9 334.4  56.9 7.85E-03 003.0 247.9  77.1 34.90515 22.52250 4.874379 shoemake 2025-07-23 15:25:29 
TT 300 335.8  57.3 335.8  57.3 7.39E-03 004.7 246.0  77.8 53.39235 28.93842 3.225855 shoemake 2025-07-25 12:48:59 
TT 330 348.6  44.3 348.6  44.3 2.72E-03 001.6 327.9  78.9 5.967844 4.896908 1.741664 shoemake 2025-07-30 17:54:02 
TT 360 348.1  43.5 348.1  43.5 2.53E-03 001.7 328.2  78.0 4.528654 6.086772 1.196362 shoemake 2025-07-31 21:19:19 
TT 390 348.5  42.4 348.5  42.4 2.39E-03 001.7 331.4  77.2 5.932497 4.142092 0.847566 shoemake 2025-08-03 15:49:33 
TT 420 348.6  43.1 348.6  43.1 2.09E-03 002.6 330.2  77.8 6.940009 6.546307 1.002690 shoemake 2025-08-05 14:54:49 
TT 450 348.0  43.7 348.0  43.7 1.20E-03 001.6 327.2  78.2 2.437834 2.404389 0.372707 shoemake 2025-08-06 21:38:29 
