PKSF- 4C 
         59.0  48.0   0.0   0.0   1.0
NRM    095.8  09.2 095.8  09.2 5.32E-03 001.3 123.2 -19.5 5.576124 5.953257 9.375633 shoemake 2024-07-17 15:24:10 
NRM    097.1  09.7 097.1  09.7 5.41E-03 002.3 124.7 -20.0 16.02307 11.75625 11.70230 shoemake 2024-07-18 20:05:46 
LT1 77 100.0  12.1 100.0  12.1 5.82E-03 002.0 128.6 -19.8 16.33768 12.40090 4.160215 shoemake 2024-08-02 22:13:36 
LT2 77 094.7  07.9 094.7  07.9 5.90E-03 002.4 121.4 -19.8 21.06192 12.17770 5.295012 shoemake 2024-08-13 18:38:53 
TT  70 094.4  07.3 094.4  07.3 5.62E-03 005.3 120.8 -20.1 45.30290 26.44888 4.683786 shoemake 2024-08-14 20:45:29 
TT 100 098.7  09.9 098.7  09.9 5.73E-03 010.2 126.1 -20.7 83.39988 60.63232 1.851174 shoemake 2025-07-09 20:10:24 
TT 160 101.5  09.3 101.5  09.3 2.56E-03 058.5 128.1 -22.9 155.6727 198.4195 106.4857 shoemake 2025-07-11 20:52:26 
TT 160 094.8  04.0 094.8  04.0 2.61E-03 035.2 118.9 -22.9 123.9358 224.8579 108.4621 shoemake 2025-07-12 16:13:27 
TT 160 097.4  05.9 097.4  05.9 5.22E-03 000.9 122.3 -23.1 7.363105 5.371719 2.119544 shoemake 2025-07-12 16:24:53 
TT 210 095.9  05.1 095.9  05.1 4.79E-03 006.4 120.6 -22.8 43.79804 31.99164 3.592604 shoemake 2025-07-17 14:31:35 
TT 240 094.2  06.4 094.2  06.4 2.52E-03 010.4 120.0 -20.6 38.72984 25.62732 3.692719 shoemake 2025-07-21 14:23:46 
TT 270 092.7  06.1 092.7  06.1 2.38E-03 009.6 118.6 -19.9 34.88020 20.00078 1.700261 shoemake 2025-07-23 15:03:12 
TT 300 055.6  13.6 055.6  13.6 5.21E-04 002.5 098.2  11.4 1.669534 1.441051 1.102933 shoemake 2025-07-25 12:26:37 
TT 330 038.8  18.9 038.8  18.9 4.40E-04 003.6 091.5  27.2 2.580117 1.081871 0.683133 shoemake 2025-07-30 17:32:40 
TT 360 008.1  41.9 008.1  41.9 1.26E-04 006.2 103.3  61.0 1.193206 0.756800 0.110774 shoemake 2025-07-31 20:58:20 
TT 390 343.4  30.2 343.4  30.2 1.53E-04 004.4 049.7  73.4 0.846179 0.857241 0.047458 shoemake 2025-08-03 15:27:16 
TT 420 333.3  28.4 333.3  28.4 7.89E-05 082.5 016.6  75.9 2.010868 0.716081 8.181733 shoemake 2025-08-05 14:32:31 
TT 420 333.2  28.2 333.2  28.2 1.58E-04 004.1 016.1  75.7 0.771108 0.862368 0.085556 shoemake 2025-08-05 19:58:30 
TT 450 329.3  28.7 329.3  28.7 1.66E-04 004.0 001.8  76.7 0.777806 0.883776 0.062095 shoemake 2025-08-06 21:16:19 
