PKSF- 4.0 sun compass orientation
      0 121.0  48.0   0.0   0.0   1.0
NRM    143.4 -14.3 143.4 -14.3 9.44E-03 001.7 094.1 -26.1 18.40027 12.54130 17.05595 shoemake 2024-07-17 15:30:26 
NRM    141.1 -18.0 141.1 -18.0 9.59E-03 002.2 089.3 -26.7 25.63033 17.78493 20.69945 shoemake 2024-07-18 20:13:57 
LT1 77 143.0 -15.9 143.0 -15.9 1.01E-02 007.1 092.4 -26.8 125.1511 8.343299 7.244450 shoemake 2024-08-02 22:19:47 
LT2 77 142.1 -16.7 142.1 -16.7 1.03E-02 003.7 091.1 -26.6 66.09511 7.774511 10.29946 shoemake 2024-08-13 18:46:20 
TT  70 144.5 -13.9 144.5 -13.9 9.80E-03 003.9 095.2 -26.6 65.30469 8.124790 9.897545 shoemake 2024-08-14 20:52:47 
TT 100 148.2 -10.3 148.2 -10.3 1.01E-02 002.4 100.9 -27.0 41.48753 13.01259 5.815582 shoemake 2025-07-09 20:17:40 
TT 160 146.2 -13.3 146.2 -13.3 8.05E-03 008.0 096.9 -27.5 111.4461 17.29119 6.232042 shoemake 2025-07-11 20:59:45 
TT 210 140.6 -18.3 140.6 -18.3 7.14E-03 001.1 088.7 -26.5 12.25801 9.424113 8.124824 shoemake 2025-07-17 14:38:52 
