PKSF- 4K 
         59.0  48.0   0.0   0.0   1.0
NRM    088.5 -34.0 088.5 -34.0 8.74E-03 003.1 079.0 -42.8 39.35370 23.85090 13.90384 shoemake 2024-07-17 15:41:08 
NRM    085.3 -40.4 085.3 -40.4 8.91E-03 004.0 069.6 -43.4 54.92006 26.51788 17.41161 shoemake 2024-07-18 20:27:52 
LT1 77 089.1 -34.0 089.1 -34.0 9.28E-03 005.3 079.2 -43.3 82.28807 26.18033 9.043257 shoemake 2024-08-02 22:30:24 
LT2 77 084.8 -41.0 084.8 -41.0 9.41E-03 001.5 068.6 -43.2 14.21081 15.01771 14.16484 shoemake 2024-08-13 18:58:54 
TT  70 087.8 -35.7 087.8 -35.7 9.14E-03 001.1 076.5 -43.1 11.15274 10.58713 8.251677 shoemake 2024-08-14 21:05:02 
TT 100 087.1 -39.8 087.1 -39.8 9.27E-03 010.7 071.1 -44.3 167.4965 49.33629 7.616929 shoemake 2025-07-09 20:30:04 
TT 160 084.3 -40.0 084.3 -40.0 3.57E-03 015.1 069.6 -42.5 98.59151 263.9476 257.7167 shoemake 2025-07-11 21:12:10 
TT 210 082.6 -38.5 082.6 -38.5 5.45E-03 001.9 070.6 -40.7 13.98234 14.22122 3.695382 shoemake 2025-07-17 14:51:23 
TT 240 067.5 -45.2 067.5 -45.2 2.00E-03 001.9 056.8 -33.7 5.464066 4.399994 1.463901 shoemake 2025-07-21 14:43:38 
TT 270 065.5 -45.9 065.5 -45.9 1.92E-03 002.6 055.3 -32.7 7.356513 4.865923 1.260502 shoemake 2025-07-23 15:23:02 
TT 300 339.8 -30.0 339.8 -30.0 3.06E-04 039.1 010.0  17.3 30.74889 5.431279 9.705666 shoemake 2025-07-25 12:46:31 
TT 300 332.1 -31.3 332.1 -31.3 3.03E-04 061.0 003.0  16.6 31.00939 1.688733 9.276239 shoemake 2025-07-28 11:58:27 
TT 300 334.7 -32.8 334.7 -32.8 6.06E-04 002.9 005.1  15.0 0.749606 2.504052 1.825216 shoemake 2025-07-28 13:22:29 
TT 330 329.7 -28.2 329.7 -28.2 6.15E-04 002.4 000.9  19.8 0.827375 1.654025 1.980616 shoemake 2025-07-30 17:51:41 
TT 360 306.3 -02.8 306.3 -02.8 4.91E-04 004.8 329.8  40.8 1.580222 3.832003 0.718520 shoemake 2025-07-31 21:16:58 
TT 390 305.2 -02.5 305.2 -02.5 4.76E-04 006.8 328.2  40.7 3.744374 4.071512 1.366702 shoemake 2025-08-03 15:47:06 
TT 420 306.4 -02.1 306.4 -02.1 4.31E-04 004.2 329.5  41.5 1.099809 2.839016 1.199646 shoemake 2025-08-05 14:52:20 
TT 450 304.1  02.6 304.1  02.6 2.17E-04 058.6 323.9  44.8 13.35455 9.755772 16.38829 shoemake 2025-08-06 21:35:59 
TT 450 299.3  03.6 299.3  03.6 4.36E-04 005.2 317.4  43.5 1.851633 3.371064 1.328693 shoemake 2025-08-07 17:34:02 
