PKSF- 3L 
         78.0  73.0   0.0   0.0   1.0
NRM    232.0 -00.1 232.0 -00.1 1.04E-01 003.0 262.1 -24.6 276.7729 277.7661 395.2711 shoemake 2024-07-17 15:19:53 
NRM    233.8 -05.8 233.8 -05.8 1.06E-01 003.2 268.7 -24.6 281.5348 261.9379 465.9585 shoemake 2024-07-18 20:00:12 
LT1 77 235.1 -16.0 235.1 -16.0 1.06E-01 002.4 279.9 -25.8 81.94987 168.0692 409.8114 shoemake 2024-08-02 22:09:23 
LT2 77 231.5 -02.4 231.5 -02.4 1.05E-01 004.4 264.3 -25.9 711.1986 124.3731 372.0051 shoemake 2024-08-13 18:33:58 
TT  70 231.6 -05.3 231.6 -05.3 9.79E-02 003.6 267.4 -26.6 478.2892 195.4108 345.5722 shoemake 2024-08-14 20:40:42 
TT 100 232.2  00.9 232.2  00.9 5.07E-02 059.5 261.1 -24.1 771.4400 4883.625 2212.266 shoemake 2025-07-09 20:05:27 
TT 100 230.4 -01.5 230.4 -01.5 1.01E-01 004.8 263.0 -26.6 723.0007 157.1244 422.6074 shoemake 2025-07-10 14:34:22 
TT 160 227.9 -10.1 227.9 -10.1 6.42E-02 003.2 271.6 -31.4 181.7683 202.9233 251.9195 shoemake 2025-07-11 20:47:32 
TT 210 228.7 -05.2 228.7 -05.2 2.96E-02 046.2 266.4 -29.3 185.5304 2751.505 1548.661 shoemake 2025-07-17 14:26:38 
TT 210 227.1 -09.0 227.1 -09.0 5.91E-02 003.0 270.2 -31.9 111.8990 167.3396 249.1541 shoemake 2025-07-17 18:13:40 
TT 240 232.1 -11.1 232.1 -11.1 9.20E-03 005.2 273.9 -27.6 67.26684 38.48780 34.56420 shoemake 2025-07-21 14:18:50 
TT 270 236.1 -13.0 236.1 -13.0 3.81E-03 052.8 276.9 -24.3 45.10472 368.5532 167.3834 shoemake 2025-07-23 14:58:20 
TT 270 234.6 -16.9 234.6 -16.9 7.62E-03 003.7 280.8 -26.5 27.57040 23.37099 34.94267 shoemake 2025-07-24 11:00:30 
TT 300 271.2 -18.8 271.2 -18.8 1.13E-03 003.5 292.0  06.6 6.195541 3.292367 0.510264 shoemake 2025-07-25 12:21:43 
TT 330 287.2 -16.2 287.2 -16.2 9.79E-04 002.4 295.8  21.7 3.425127 2.018095 1.128873 shoemake 2025-07-30 17:27:57 
TT 360 319.9 -00.4 319.9 -00.4 3.41E-04 005.9 299.5  57.5 3.006841 1.516917 1.560966 shoemake 2025-07-31 20:53:41 
TT 390 328.1 -07.5 328.1 -07.5 3.14E-04 004.4 320.0  58.7 1.560792 1.917980 0.061776 shoemake 2025-08-03 15:22:23 
TT 420 314.5 -17.3 314.5 -17.3 1.14E-04 069.3 314.6  42.5 6.312839 6.400029 8.230906 shoemake 2025-08-05 14:27:36 
TT 420 321.3 -16.9 321.3 -16.9 2.43E-04 003.8 321.0  47.2 1.197827 1.173626 0.246597 shoemake 2025-08-05 19:56:03 
TT 450 331.2 -06.6 331.2 -06.6 2.74E-04 003.2 323.9  61.2 1.139205 1.131762 0.125284 shoemake 2025-08-06 21:11:23 
