PKSF- 7.0 sun compass orientation
      0 122.8  36.0   0.0   0.0   1.0
NRM    100.5 -71.3 100.5 -71.3 1.11E-02 003.5 024.4 -44.0 29.64862 56.66829 24.87462 shoemake 2024-07-17 18:18:45 
NRM    031.8 -36.0 031.8 -36.0 7.71E-03 048.9 359.2   0.0 33.77816 222.2435 856.4187 shoemake 2024-07-18 21:39:47 
NRM    028.1 -35.9 028.1 -35.9 7.39E-03 051.0 356.2   0.0 39.33907 316.5887 857.3102 shoemake 2024-07-19 12:52:32 
NRM    100.6 -72.0 100.6 -72.0 1.12E-02 005.7 023.6 -44.5 48.31889 100.1988 21.95148 shoemake 2024-07-19 15:45:55 
NRM    026.7 -36.0 026.7 -36.0 7.31E-03 051.3 355.1  -0.2 47.91848 330.9288 854.6788 shoemake 2024-07-19 17:27:14 
NRM    091.5 -74.7 091.5 -74.7 1.12E-02 004.3 018.4 -44.4 41.44385 72.20944 21.81600 shoemake 2024-07-19 19:56:36 
LT1 77 098.7 -72.7 098.7 -72.7 1.12E-02 003.9 022.4 -44.5 44.73338 60.19909 17.64748 shoemake 2024-08-02 23:31:20 
LT2 77 095.7 -73.6 095.7 -73.6 1.12E-02 001.5 020.6 -44.5 20.93661 11.87400 16.20715 shoemake 2024-08-13 20:03:57 
TT  70 095.7 -73.8 095.7 -73.8 1.01E-02 001.5 020.4 -44.6 13.54108 17.76549 13.72504 shoemake 2024-08-14 22:09:59 
TT 100 091.1 -76.2 091.1 -76.2 1.04E-02 005.7 016.8 -45.4 46.93479 91.81490 15.56040 shoemake 2025-07-09 21:33:58 
TT 160 045.4 -81.6 045.4 -81.6 7.51E-03 011.6 002.6 -45.8 23.17238 151.6820 12.04364 shoemake 2025-07-11 22:16:08 
TT 210 050.9 -79.0 050.9 -79.0 6.32E-03 001.8 004.7 -43.4 15.65984 11.84821 9.081227 shoemake 2025-07-17 15:55:50 
