PKSF- 2.0 sun compass orientation
      0  82.0  64.0   0.0   0.0   1.0
NRM    353.8  57.3 353.8  57.3 6.48E-02 002.0 178.1  58.7 164.8904 157.9607 76.55334 shoemake 2024-07-17 14:43:49 
NRM    353.3  57.2 353.3  57.2 6.60E-02 003.4 178.6  58.8 236.1540 312.6563 85.12437 shoemake 2024-07-18 19:13:10 
LT1 77 350.1  57.7 350.1  57.7 6.21E-02 002.4 181.9  58.3 111.9141 234.5425 60.07500 shoemake 2024-08-02 21:33:35 
LT2 77 350.2  57.8 350.2  57.8 6.20E-02 001.1 181.8  58.2 110.4641 56.27653 32.35671 shoemake 2024-08-13 17:51:20 
TT  70 351.9  57.3 351.9  57.3 4.73E-02 001.9 180.1  58.7 92.80086 126.7268 35.88512 shoemake 2024-08-14 19:57:59 
TT 100 356.9  55.8 356.9  55.8 4.90E-02 008.2 174.5  60.0 95.34663 701.1640 22.33569 shoemake 2025-07-09 19:23:38 
TT 160 354.8  53.6 354.8  53.6 2.84E-02 006.1 176.4  62.3 52.29940 299.8872 11.05850 shoemake 2025-07-11 20:05:39 
TT 210 351.3  51.6 351.3  51.6 1.47E-02 005.5 181.0  64.4 32.30380 137.8783 6.311797 shoemake 2025-07-17 13:44:38 
