PKSF- 3C 
         78.0  73.0   0.0   0.0   1.0
NRM    224.0  01.4 224.0  01.4 1.08E-01 005.8 257.3 -31.7 1045.543 295.7135 144.7951 shoemake 2024-07-17 15:00:46 
NRM    226.8 -07.0 226.8 -07.0 1.10E-01 006.4 267.7 -31.6 1191.055 224.8868 203.4394 shoemake 2024-07-18 19:35:16 
NRM    223.8  01.5 223.8  01.5 1.10E-01 004.4 257.1 -31.8 785.5894 299.4610 180.2486 shoemake 2024-07-19 12:18:14 
LT1 77 224.4 -00.5 224.4 -00.5 1.13E-01 001.0 259.7 -32.0 159.5870 105.8156 56.09610 shoemake 2024-08-02 21:50:25 
LT2 77 223.6 -00.3 223.6 -00.3 1.12E-01 009.2 259.1 -32.6 1763.036 417.5923 72.91693 shoemake 2024-08-13 18:11:33 
TT  70 223.9 -01.2 223.9 -01.2 1.05E-01 006.5 260.2 -32.6 1180.717 159.3511 96.42470 shoemake 2024-08-14 20:18:42 
TT 100 224.5 -03.4 224.5 -03.4 1.08E-01 007.6 262.9 -32.8 1425.757 201.8327 26.73722 shoemake 2025-07-09 19:43:16 
TT 160 220.2  00.9 220.2  00.9 8.33E-02 005.3 256.3 -35.4 745.2046 201.7292 32.20311 shoemake 2025-07-11 20:25:22 
TT 210 220.3 -03.0 220.3 -03.0 4.08E-02 006.7 260.8 -36.6 474.9276 78.94816 35.46549 shoemake 2025-07-17 14:04:25 
TT 240 223.6 -06.3 223.6 -06.3 1.45E-02 002.5 266.0 -34.5 63.10362 22.56908 9.416112 shoemake 2025-07-21 13:56:30 
TT 270 226.8 -05.3 226.8 -05.3 7.95E-03 002.9 265.9 -31.2 39.03374 12.28080 3.077561 shoemake 2025-07-23 14:35:56 
TT 300 238.3 -14.9 238.3 -14.9 2.51E-03 001.9 279.5 -22.6 7.874179 3.494274 1.010672 shoemake 2025-07-25 11:59:27 
TT 330 266.3 -12.7 266.3 -12.7 8.93E-04 009.3 284.7  04.2 14.32980 3.067485 0.510575 shoemake 2025-07-30 17:06:35 
TT 360 283.0 -14.9 283.0 -14.9 5.06E-04 008.0 292.7  18.5 6.904159 2.193612 0.356871 shoemake 2025-07-31 20:32:38 
TT 390 286.4 -13.6 286.4 -13.6 4.18E-04 005.5 293.0  22.1 3.840255 1.521949 0.274335 shoemake 2025-08-03 15:00:08 
TT 420 299.7 -10.4 299.7 -10.4 3.15E-04 011.2 296.5  35.1 5.399913 3.163398 0.544541 shoemake 2025-08-05 14:05:16 
TT 450 300.4 -15.4 300.4 -15.4 2.54E-04 005.2 302.1  33.2 1.912717 1.360997 0.740789 shoemake 2025-08-06 20:49:19 
