PKSF- 8.0 sun compass orientation
      0  49.0  28.0   0.0   0.0   1.0
NRM    089.5 -15.1 089.5 -15.1 7.93E-02 006.3 120.5 -31.6 726.6507 467.4317 175.4827 shoemake 2024-07-17 18:24:16 
NRM    096.1 -12.6 096.1 -12.6 8.03E-02 005.4 128.5 -31.9 547.2637 503.1859 176.8468 shoemake 2024-07-18 21:45:21 
NRM    138.1  28.1 138.1  28.1 4.18E-02 060.1 179.2   0.1 212.2948 5777.991 4565.185 shoemake 2024-07-19 12:58:11 
NRM    094.4 -12.8 094.4 -12.8 8.04E-02 002.1 126.6 -31.4 198.4829 185.8476 165.1259 shoemake 2024-07-19 15:51:32 
LT1 77 092.4 -13.9 092.4 -13.9 8.02E-02 006.8 124.0 -31.7 792.0590 537.3123 47.79793 shoemake 2024-08-02 23:35:34 
LT2 77 090.9 -14.6 090.9 -14.6 8.08E-02 006.1 122.1 -31.7 728.1814 460.1363 53.62817 shoemake 2024-08-13 20:08:54 
TT  70 093.8 -13.5 093.8 -13.5 7.70E-02 001.0 125.7 -31.9 102.1430 76.63010 61.83630 shoemake 2024-08-14 22:14:48 
TT 100 087.8 -16.8 087.8 -16.8 7.83E-02 010.8 117.8 -32.5 1315.657 710.8609 21.54163 shoemake 2025-07-09 21:38:54 
TT 160 097.0 -11.8 097.0 -11.8 3.39E-02 002.4 129.8 -31.5 108.7077 95.41019 11.63811 shoemake 2025-07-11 22:21:01 
TT 210 096.3 -11.9 096.3 -11.9 3.18E-02 007.9 129.1 -31.3 339.8675 284.9613 20.35668 shoemake 2025-07-17 16:00:47 
