PKSF- 7.0 sun compass orientation
      0 122.8  36.0   0.0   0.0   1.0
NRM    085.2 -42.2 085.2 -42.2 8.88E-03 008.9 037.7 -16.1 85.76726 108.3369 23.39914 shoemake 2024-07-17 17:57:09 
NRM    082.2 -43.9 082.2 -43.9 9.04E-03 005.5 034.8 -16.6 49.30549 70.80283 18.77129 shoemake 2024-07-18 21:20:26 
NRM    037.6 -35.9 037.6 -35.9 7.24E-03 039.0 003.9  -0.0 37.04857 515.8848 277.5053 shoemake 2024-07-19 12:32:52 
NRM    082.7 -43.8 082.7 -43.8 9.03E-03 005.9 035.2 -16.7 48.82286 78.41224 17.20558 shoemake 2024-07-19 15:40:45 
NRM    027.5 -35.8 027.5 -35.8 6.43E-03 046.7 355.7   0.1 65.37680 620.3864 279.1002 shoemake 2024-07-19 17:22:04 
NRM    099.2 -36.1 099.2 -36.1 9.05E-03 002.5 050.6 -16.7 29.03205 21.35704 19.14265 shoemake 2024-07-19 19:53:44 
LT1 77 090.5 -40.9 090.5 -40.9 9.32E-03 000.6 041.9 -17.0 7.177298 6.748442 6.565040 shoemake 2024-08-02 23:16:33 
LT2 77 096.8 -38.1 096.8 -38.1 9.35E-03 000.9 047.8 -17.2 10.07246 9.288430 6.952887 shoemake 2024-08-13 19:46:22 
TT  70 091.4 -40.6 091.4 -40.6 8.66E-03 002.7 042.7 -17.1 28.49031 28.64587 6.773614 shoemake 2024-08-14 21:52:48 
TT 100 090.3 -41.6 090.3 -41.6 8.87E-03 007.2 041.4 -17.5 74.41492 84.38845 2.597012 shoemake 2025-07-09 21:16:40 
TT 160 086.1 -43.3 086.1 -43.3 7.34E-03 003.5 037.7 -17.4 29.22166 34.21655 2.188927 shoemake 2025-07-11 21:58:50 
TT 210 091.2 -37.3 091.2 -37.3 5.54E-03 000.6 044.3 -14.2 6.611593 5.145346 2.122555 shoemake 2025-07-17 15:38:32 
