PKSF- 0H 
         77.5  32.0   0.0   0.0   1.0
NRM    283.2  23.4 283.2  23.4 2.69E-01 008.6 278.9  33.3 3701.147 3597.050 3418.655 shoemake 2024-07-17 21:09:51 
NRM    283.3  24.4 283.3  24.4 3.12E-01 002.4 278.3  34.2 893.2505 727.3354 636.9487 shoemake 2024-07-18 22:45:51 
LT1 77 285.0  22.3 285.0  22.3 2.31E-01 008.9 281.3  33.4 3301.307 3003.778 490.2235 shoemake 2024-08-03 00:22:21 
LT1 77 287.0  21.9 287.0  21.9 2.67E-01 006.1 283.4  34.1 1937.681 3787.995 2503.058 shoemake 2024-08-05 12:12:50 
LT1 77 347.7 -32.0 347.7 -32.0 7.61E-02 074.8 000.3  00.0 388.3261 25567.29 17641.24 shoemake 2024-08-05 14:10:31 
LT1 77 287.0  22.0 287.0  22.0 3.02E-01 003.9 283.4  34.1 1951.616 592.0297 494.4401 shoemake 2024-08-05 14:41:34 
LT2 77 282.3  24.8 282.3  24.8 2.99E-01 001.3 277.1  34.0 510.5000 400.0455 329.4994 shoemake 2024-08-13 21:03:56 
TT  70 289.5  20.0 289.5  20.0 2.58E-01 005.7 287.0  33.7 2461.528 597.5728 385.4055 shoemake 2024-08-14 23:08:41 
TT 100 286.3  23.1 286.3  23.1 2.65E-01 010.1 282.0  34.7 4629.867 879.0548 330.5167 shoemake 2025-07-09 22:32:58 
TT 160 284.4  23.8 284.4  23.8 1.63E-01 001.3 279.7  34.3 239.1368 216.1499 216.1537 shoemake 2025-07-11 23:15:16 
TT 210 290.3  20.3 290.3  20.3 7.70E-02 005.2 287.6  34.4 656.3159 234.8578 133.6062 shoemake 2025-07-17 16:55:02 
TT 240 286.7  22.8 286.7  22.8 6.96E-02 005.7 282.6  34.6 667.4380 204.5686 135.6163 shoemake 2025-07-21 16:47:52 
TT 270 287.2  23.4 287.2  23.4 2.61E-02 007.0 282.6  35.4 309.8130 83.70144 34.96015 shoemake 2025-07-23 17:27:03 
TT 300 291.6  21.1 291.6  21.1 2.12E-02 007.5 288.4  35.7 264.2642 90.60362 35.23672 shoemake 2025-07-25 14:50:33 
TT 330 291.9  21.7 291.9  21.7 1.18E-02 002.4 288.1  36.4 43.52090 21.34821 21.23094 shoemake 2025-07-30 19:48:48 
TT 360 293.7  21.2 293.7  21.2 1.09E-02 007.5 290.3  36.8 135.3150 44.52763 14.05801 shoemake 2025-07-31 23:13:44 
TT 390 299.0  18.4 299.0  18.4 1.02E-02 007.8 297.5  37.1 125.6523 60.27966 12.94963 shoemake 2025-08-03 17:50:59 
TT 420 295.7  19.4 295.7  19.4 8.46E-03 002.4 293.5  36.3 32.86270 12.39377 9.972288 shoemake 2025-08-05 16:56:31 
TT 450 296.2  19.9 296.2  19.9 4.25E-03 007.0 293.7  37.0 48.78167 18.72972 5.088661 shoemake 2025-08-07 15:10:08 
