PKSF- 9H 
         54.0  28.0   0.0   0.0   1.0
NRM    329.8 -57.1 329.8 -57.1 1.16E-01 004.7 003.7 -29.2 221.7714 872.7070 286.4331 shoemake 2024-07-17 19:04:02 
NRM    335.0 -56.8 335.0 -56.8 1.17E-01 002.2 007.0 -29.2 240.1610 304.6147 241.2041 shoemake 2024-07-18 22:21:03 
LT1 77 348.2 -54.2 348.2 -54.2 1.09E-01 003.5 015.8 -27.8 217.2527 639.6332 63.82980 shoemake 2024-08-03 00:02:58 
LT2 77 335.3 -55.3 335.3 -55.3 1.08E-01 005.9 007.4 -27.7 208.6714 1099.134 94.88306 shoemake 2024-08-13 20:41:27 
TT  70 334.6 -54.4 334.6 -54.4 9.80E-02 004.8 007.0 -26.7 107.6400 815.1894 73.72727 shoemake 2024-08-14 22:46:36 
TT 100 332.4 -55.0 332.4 -55.0 1.01E-01 002.3 005.6 -27.2 117.0735 390.1897 36.81828 shoemake 2025-07-09 22:10:50 
TT 160 339.3 -52.1 339.3 -52.1 5.15E-02 007.6 010.4 -24.8 144.6910 669.8868 19.31200 shoemake 2025-07-11 22:53:04 
TT 210 346.4 -49.9 346.4 -49.9 3.12E-02 003.2 015.7 -23.3 79.05024 160.8139 18.66533 shoemake 2025-07-17 16:32:48 
TT 240 347.6 -44.8 347.6 -44.8 8.99E-03 005.0 017.6 -18.5 34.50120 71.44125 7.053526 shoemake 2025-07-21 16:25:34 
TT 270 353.0 -44.3 353.0 -44.3 8.16E-03 008.7 021.6 -18.9 48.55537 115.5416 3.733558 shoemake 2025-07-23 17:04:47 
TT 300 352.3 -36.8 352.3 -36.8 3.80E-03 005.5 023.0 -11.5 11.91677 34.96118 2.865413 shoemake 2025-07-25 14:28:13 
TT 330 349.2 -36.4 349.2 -36.4 3.43E-03 004.8 020.6 -10.5 12.82017 26.18486 2.195232 shoemake 2025-07-30 19:27:46 
TT 360 350.9 -25.7 350.9 -25.7 1.39E-03 007.2 024.3 -00.4 7.517426 15.95369 1.015971 shoemake 2025-07-31 22:52:46 
TT 390 353.3 -22.7 353.3 -22.7 1.16E-03 004.0 027.0  02.1 3.824398 7.212917 0.746482 shoemake 2025-08-03 17:28:40 
TT 420 352.6 -20.7 352.6 -20.7 1.00E-03 004.4 026.9  04.2 3.622964 6.810970 0.729375 shoemake 2025-08-05 16:34:12 
TT 450 347.1 -18.5 347.1 -18.5 9.57E-04 005.3 022.2  07.4 3.657360 8.231549 0.606796 shoemake 2025-08-07 14:47:47 
