PKSF- 2.0 sun compass orientation
      0  82.0  64.0   0.0   0.0   1.0
NRM    001.6  53.7 001.6  53.7 6.03E-02 002.4 168.1  61.4 155.2067 194.8652 59.51909 shoemake 2024-07-17 14:39:32 
NRM    359.5  54.2 359.5  54.2 6.16E-02 002.9 170.8  61.3 211.6578 231.1782 62.90574 shoemake 2024-07-18 19:07:34 
LT1 77 002.6  54.0 002.6  54.0 5.82E-02 002.0 167.1  60.9 94.16638 178.5668 27.57290 shoemake 2024-08-02 21:01:58 
LT2 77 000.2  53.8 000.2  53.8 5.82E-02 004.2 169.9  61.5 44.76126 423.0950 49.24170 shoemake 2024-08-13 17:46:22 
TT  70 000.4  53.9 000.4  53.9 4.63E-02 001.9 169.7  61.4 47.89633 144.3730 23.56253 shoemake 2024-08-14 19:53:08 
TT 100 001.5  52.8 001.5  52.8 4.85E-02 004.9 167.6  62.3 113.6949 401.3701 18.01369 shoemake 2025-07-09 19:18:38 
TT 160 004.1  50.2 004.1  50.2 3.03E-02 004.3 162.1  64.1 77.50667 212.4604 12.10910 shoemake 2025-07-11 20:00:44 
TT 210 001.5  49.2 001.5  49.2 1.66E-02 004.5 164.8  65.7 41.84762 124.9600 7.037110 shoemake 2025-07-17 13:39:38 
