PKSF- 3.0 sun compass orientation
      0  83.3  73.0   0.0   0.0   1.0
NRM    230.7  -0.1 230.7  -0.1 1.51E-01 005.5 259.5 -31.0 1432.547 960.5805 228.1846 shoemake 2024-07-17 15:02:55 
NRM    231.6  -1.5 231.6  -1.5 1.57E-01 002.4 261.4 -30.7 521.2692 293.7827 325.8143 shoemake 2024-07-18 19:38:03 
LT1 77 229.0   2.9 229.0   2.9 1.55E-01 006.4 255.5 -31.6 1673.657 840.6253 104.3177 shoemake 2024-08-02 21:52:33 
LT2 77 230.2   1.5 230.2   1.5 1.58E-01 005.9 257.6 -31.0 1581.633 349.8574 124.2765 shoemake 2024-08-13 18:14:00 
TT  70 231.4  -3.5 231.4  -3.5 1.48E-01 001.2 263.5 -31.5 279.3288 113.3981 104.0727 shoemake 2024-08-14 20:21:09 
TT 100 228.8   0.9 228.8   0.9 1.50E-01 012.2 257.6 -32.5 3169.858 696.6811 59.82128 shoemake 2025-07-09 19:45:45 
TT 160 227.5  -3.8 227.5  -3.8 1.14E-01 004.3 262.5 -35.3 845.5053 183.2894 57.12664 shoemake 2025-07-11 20:27:48 
TT 210 227.1  -7.2 227.1  -7.2 5.10E-02 006.5 266.3 -36.6 577.5057 84.85833 38.31316 shoemake 2025-07-17 14:06:54 
