PKSF- 9.0 sun compass orientation
      0  53.0  28.0   0.0   0.0   1.0
NRM    355.4 -55.7 355.4 -55.7 9.42E-02 003.1 020.5 -30.4 224.4553 407.8253 221.0578 shoemake 2024-07-17 18:53:46 
NRM    354.0 -56.1 354.0 -56.1 9.52E-02 002.3 019.5 -30.6 219.2497 280.2540 180.8744 shoemake 2024-07-18 22:12:51 
LT1 77 353.5 -55.4 353.5 -55.4 9.00E-02 006.1 019.4 -29.8 353.0346 886.4091 60.67960 shoemake 2024-08-02 23:56:39 
LT2 77 357.3 -54.8 357.3 -54.8 8.95E-02 005.5 022.0 -29.9 376.2101 773.2662 101.6858 shoemake 2024-08-13 20:33:54 
TT  70 003.7 -53.6 003.7 -53.6 8.33E-02 004.9 026.5 -30.0 287.9354 647.6000 69.07421 shoemake 2024-08-14 22:39:09 
TT 100 357.6 -55.4 357.6 -55.4 8.44E-02 011.1 022.0 -30.5 632.7606 1532.222 25.60924 shoemake 2025-07-09 22:03:31 
TT 160 000.9 -56.3 000.9 -56.3 4.23E-02 007.0 023.7 -31.9 222.3238 472.8120 18.31804 shoemake 2025-07-11 22:45:41 
TT 210 002.1 -55.8 002.1 -55.8 3.07E-02 006.6 024.6 -31.7 170.5454 314.3669 18.84643 shoemake 2025-07-17 16:25:27 
