PKSF- 5.0 sun compass orientation
      0  81.3  36.0   0.0   0.0   1.0
NRM    308.8  72.8 308.8  72.8 1.34E-01 002.9 207.5  64.3 358.0699 491.3725 475.3759 shoemake 2024-07-17 16:00:06 
NRM    314.6  72.4 314.6  72.4 1.46E-01 003.2 206.4  66.0 551.7094 584.8655 172.2730 shoemake 2024-07-18 20:52:43 
LT1 77 311.0  74.9 311.0  74.9 1.34E-01 001.3 202.6  63.9 250.6102 141.1215 354.0315 shoemake 2024-08-02 22:55:21 
LT2 77 312.5  72.3 312.5  72.3 1.40E-01 003.3 207.3  65.5 560.2127 568.2667 103.5454 shoemake 2024-08-13 19:21:23 
TT  70 310.1  70.0 310.1  70.0 1.21E-01 002.7 213.2  65.7 440.7412 351.0538 130.4519 shoemake 2024-08-14 21:28:22 
TT 100 310.9  69.9 310.9  69.9 1.26E-01 002.2 213.1  66.0 376.4868 306.8035 56.31227 shoemake 2025-07-09 20:52:06 
TT 160 313.2  71.2 313.2  71.2 1.09E-01 002.0 209.6  66.2 296.5662 246.7332 56.09865 shoemake 2025-07-11 21:34:16 
TT 210 317.3  68.4 317.3  68.4 4.58E-02 002.7 214.6  68.7 180.9467 130.9576 17.95955 shoemake 2025-07-17 15:13:43 
