PKSF- 8.0 sun compass orientation
      0  49.0  28.0   0.0   0.0   1.0
NRM    083.6 -26.2 083.6 -26.2 1.15E-01 010.1 108.2 -39.0 1920.320 683.1660 259.4115 shoemake 2024-07-17 18:37:17 
NRM    082.5 -26.5 082.5 -26.5 1.18E-01 002.7 106.9 -38.7 424.8521 305.2814 210.5059 shoemake 2024-07-18 21:56:15 
LT1 77 081.8 -26.8 081.8 -26.8 1.15E-01 007.9 106.0 -38.7 1542.865 455.6730 62.61129 shoemake 2024-08-02 23:43:52 
LT2 77 077.8 -28.6 077.8 -28.6 1.16E-01 005.4 101.0 -38.4 1077.178 240.7892 73.01395 shoemake 2024-08-13 20:18:56 
TT  70 083.2 -25.7 083.2 -25.7 1.07E-01 006.3 108.1 -38.4 1118.329 367.1285 70.74225 shoemake 2024-08-14 22:24:35 
TT 100 083.4 -27.0 083.4 -27.0 1.08E-01 012.3 107.4 -39.6 2248.069 717.7549 36.65129 shoemake 2025-07-09 21:48:39 
TT 160 081.2 -27.9 081.2 -27.9 3.43E-02 013.0 104.7 -39.4 766.3791 210.3913 10.87446 shoemake 2025-07-11 22:30:49 
TT 210 078.8 -27.7 078.8 -27.7 3.19E-02 005.0 102.5 -38.1 267.4515 78.61134 20.97367 shoemake 2025-07-17 16:10:34 
