PKSF- 8E 
         51.0  28.0   0.0   0.0   1.0
NRM    082.6 -25.6 082.6 -25.6 9.74E-02 006.4 105.8 -37.1 1022.323 353.3960 219.8738 shoemake 2024-07-17 18:34:33 
NRM    086.3 -23.8 086.3 -23.8 9.90E-02 002.6 110.6 -37.3 345.5098 247.9351 172.7018 shoemake 2024-07-18 21:53:30 
LT1 77 083.8 -24.7 083.8 -24.7 9.73E-02 007.1 107.6 -37.0 1152.047 347.2692 73.41991 shoemake 2024-08-02 23:41:46 
LT2 77 083.3 -25.2 083.3 -25.2 9.71E-02 008.5 106.7 -37.1 1402.108 399.9216 79.23111 shoemake 2024-08-13 20:16:22 
TT  70 082.9 -25.4 082.9 -25.4 9.08E-02 002.7 106.2 -37.2 408.4758 146.6736 52.82269 shoemake 2024-08-14 22:22:05 
TT 100 085.5 -24.2 085.5 -24.2 9.35E-02 003.4 109.5 -37.3 526.6366 214.4528 35.15638 shoemake 2025-07-09 21:46:11 
TT 160 082.6 -26.1 082.6 -26.1 3.03E-02 009.8 105.5 -37.6 506.2510 144.3240 13.12804 shoemake 2025-07-11 22:28:20 
TT 210 085.9 -23.1 085.9 -23.1 2.81E-02 002.9 110.6 -36.5 128.1552 63.95988 17.73245 shoemake 2025-07-17 16:08:06 
TT 240 081.3 -22.2 081.3 -22.2 9.29E-03 003.5 106.5 -33.6 51.90332 26.04760 8.412052 shoemake 2025-07-21 16:00:43 
TT 270 080.0 -22.1 080.0 -22.1 7.94E-03 008.0 105.4 -33.0 106.7818 32.24734 4.486723 shoemake 2025-07-23 16:39:57 
TT 300 075.0 -21.9 075.0 -21.9 5.09E-03 002.7 100.8 -30.5 22.63718 9.302365 4.127600 shoemake 2025-07-25 14:03:22 
TT 330 077.9 -18.7 077.9 -18.7 3.85E-03 002.1 105.3 -29.1 13.02720 6.387762 2.998684 shoemake 2025-07-30 19:04:27 
TT 360 081.9 -17.1 081.9 -17.1 1.42E-03 004.5 110.0 -29.4 10.55553 3.944796 0.982547 shoemake 2025-07-31 22:29:26 
TT 390 068.9 -21.1 068.9 -21.1 9.60E-04 005.1 095.6 -27.0 8.550527 1.276463 0.388820 shoemake 2025-08-03 17:03:56 
TT 420 064.4 -21.3 064.4 -21.3 7.40E-04 003.8 091.4 -25.0 4.869922 0.879470 0.326113 shoemake 2025-08-05 16:09:24 
TT 450 065.9 -16.4 065.9 -16.4 7.07E-04 002.2 095.5 -21.5 2.601411 0.768020 0.360932 shoemake 2025-08-07 14:23:00 
