PKSF- 5.0 sun compass orientation
      0  81.3  36.0   0.0   0.0   1.0
NRM    310.2  72.0 310.2  72.0 1.23E-01 003.0 208.7  65.0 439.5808 430.0706 354.1531 shoemake 2024-07-17 17:29:27 
NRM    323.3  75.7 323.3  75.7 1.28E-01 003.0 196.4  65.8 459.6834 478.0624 121.0965 shoemake 2024-07-18 20:55:29 
LT1 77 312.3  72.6 312.3  72.6 1.24E-01 000.8 206.8  65.3 135.6638 119.2968 41.07286 shoemake 2024-08-02 22:57:28 
LT2 77 309.7  70.8 309.7  70.8 1.24E-01 002.1 211.4  65.3 284.0364 343.7438 128.6098 shoemake 2024-08-13 19:23:51 
TT  70 308.8  69.3 308.8  69.3 1.07E-01 001.7 215.1  65.5 220.4811 209.7804 72.55643 shoemake 2024-08-14 21:30:47 
TT 100 313.1  72.0 313.1  72.0 1.11E-01 002.0 207.8  65.8 265.1661 296.9311 40.15627 shoemake 2025-07-09 20:54:33 
TT 160 313.5  71.6 313.5  71.6 9.40E-02 003.1 208.6  66.1 311.8497 418.6505 37.61400 shoemake 2025-07-11 21:36:41 
TT 210 318.0  68.4 318.0  68.4 3.94E-02 005.0 214.1  68.9 219.0997 268.6786 26.58691 shoemake 2025-07-17 15:16:12 
