PKSF- 1B 
        160.0  55.0   0.0   0.0   1.0
NRM    158.8 -44.4 158.8 -44.4 2.03E-02 003.6 050.9 -23.0 94.92357 81.01087 33.90107 shoemake 2024-07-17 14:11:55 
NRM    157.0 -47.2 157.0 -47.2 2.05E-02 003.0 047.6 -23.2 78.95862 51.14295 54.90525 shoemake 2024-07-18 18:31:33 
LT1 77 156.4 -46.6 156.4 -46.6 2.00E-02 004.6 048.0 -22.5 120.0187 105.8478 11.69137 shoemake 2024-08-02 20:34:38 
LT2 77 156.9 -45.6 156.9 -45.6 1.99E-02 001.2 049.1 -22.4 28.06426 28.32632 14.36337 shoemake 2024-08-13 17:13:33 
TT  70 157.9 -42.1 157.9 -42.1 1.87E-02 001.0 052.8 -21.3 31.14386 14.97440 14.31982 shoemake 2024-08-14 19:21:13 
TT 100 158.2 -43.4 158.2 -43.4 1.93E-02 007.6 051.7 -22.2 200.6614 163.5012 10.15016 shoemake 2025-07-09 18:46:41 
TT 160 158.3 -42.4 158.3 -42.4 1.91E-02 000.7 052.6 -21.8 20.88866 22.17720 12.66063 shoemake 2025-07-11 19:28:40 
TT 210 154.5 -40.4 154.5 -40.4 1.50E-02 000.8 053.0 -18.3 23.87293 14.45025 15.83945 shoemake 2025-07-17 13:07:20 
TT 240 150.1 -44.4 150.1 -44.4 1.44E-02 005.2 047.7 -17.6 107.9194 78.80967 14.39886 shoemake 2025-07-21 12:59:23 
TT 270 140.9 -36.7 140.9 -36.7 8.26E-03 003.6 049.9 -07.5 44.36730 28.85416 7.752062 shoemake 2025-07-23 13:38:51 
TT 300 135.7 -38.9 135.7 -38.9 7.81E-03 005.3 045.6 -05.7 56.71891 45.41997 11.39481 shoemake 2025-07-25 11:02:32 
TT 330 127.5 -32.1 127.5 -32.1 5.25E-03 007.7 045.9  03.8 56.26091 43.16638 9.933042 shoemake 2025-07-29 15:04:16 
TT 360 129.9 -28.9 129.9 -28.9 5.13E-03 005.3 049.6  04.6 37.94936 29.51976 4.463382 shoemake 2025-07-31 19:39:05 
TT 390 123.7 -32.8 123.7 -32.8 5.06E-03 000.7 043.0  05.5 5.389946 4.825090 3.507223 shoemake 2025-08-03 14:03:03 
TT 420 119.2 -32.6 119.2 -32.6 4.78E-03 002.3 040.2  08.1 13.60650 13.40831 4.699686 shoemake 2025-08-05 13:08:17 
TT 450 107.6 -20.9 107.6 -20.9 1.84E-03 002.5 038.7  23.6 5.926570 5.552578 1.934956 shoemake 2025-08-06 19:52:58 
