PKSF- 6.0 sun compass orientation
      0  30.6  38.0   0.0   0.0   1.0
NRM    033.2  -1.7 033.2  -1.7 9.40E-02 003.3 091.0  -3.0 483.7022 40.75497 260.8806 shoemake 2024-07-17 17:40:25 
NRM    032.0  -3.1 032.0  -3.1 9.47E-02 002.2 089.2  -3.3 264.4726 48.72720 238.7158 shoemake 2024-07-18 21:03:40 
LT1 77 033.0  -2.3 033.0  -2.3 9.59E-02 001.5 090.5  -3.3 234.6724 57.99002 106.8660 shoemake 2024-08-02 23:03:43 
LT2 77 028.3  -6.0 028.3  -6.0 9.62E-02 003.3 084.5  -3.3 546.6711 91.84358 101.6757 shoemake 2024-08-13 19:31:19 
TT  70 031.8  -4.0 031.8  -4.0 4.23E-02 047.4 088.5  -3.9 128.4578 4514.507 311.9719 shoemake 2024-08-14 21:38:05 
TT  70 033.5  -2.1 033.5  -2.1 8.50E-02 001.8 091.0  -3.5 240.7255 52.87065 96.55782 shoemake 2024-08-15 12:15:53 
TT 100 036.6   0.1 036.6   0.1 8.73E-02 000.8 094.8  -3.6 100.3725 52.99397 72.02251 shoemake 2025-07-09 21:01:49 
TT 160 029.7  -5.2 029.7  -5.2 6.68E-02 017.2 086.1  -3.6 2062.952 136.1785 62.45186 shoemake 2025-07-11 21:43:59 
TT 160 032.8  -2.8 032.8  -2.8 6.98E-02 006.5 090.0  -3.5 791.7351 29.04045 61.81881 shoemake 2025-07-12 16:16:13 
TT 210 024.5  -7.7 024.5  -7.7 2.13E-02 004.5 080.5  -2.3 165.9847 13.16864 19.99836 shoemake 2025-07-17 15:23:32 
