PKSF- 5.0 sun compass orientation
      0  81.3  36.0   0.0   0.0   1.0
NRM    304.8  65.1 304.8  65.1 1.33E-01 003.3 225.6  64.7 464.4381 559.4799 506.7781 shoemake 2024-07-17 15:51:34 
NRM    313.5  66.1 313.5  66.1 1.51E-01 005.1 221.8  68.1 834.4518 1047.397 159.2458 shoemake 2024-07-18 20:41:33 
NRM    168.2  36.0 168.2  36.0 4.78E-02 071.7 177.5   0.0 587.4117 3285.804 15075.52 shoemake 2024-07-19 12:24:13 
NRM    316.0  69.7 316.0  69.7 1.52E-01 003.6 212.0  67.7 615.0942 740.4417 139.4401 shoemake 2024-07-19 15:32:40 
LT1 77 306.4  67.8 306.4  67.8 1.36E-01 001.5 219.2  65.0 231.8735 182.8782 564.3211 shoemake 2024-08-02 22:40:48 
LT2 77 311.5  66.6 311.5  66.6 1.48E-01 001.2 221.1  67.2 150.9923 259.1748 89.40123 shoemake 2024-08-13 19:11:23 
TT  70 310.9  64.9 310.9  64.9 1.32E-01 001.1 225.5  67.3 211.3879 142.4496 55.77726 shoemake 2024-08-14 21:17:16 
TT 100 312.2  66.0 312.2  66.0 1.37E-01 002.5 222.4  67.6 489.6737 349.7605 62.61752 shoemake 2025-07-09 20:42:12 
TT 160 313.6  67.3 313.6  67.3 1.27E-01 002.5 218.7  67.8 446.4920 349.1150 75.65246 shoemake 2025-07-11 21:24:22 
TT 210 316.3  66.0 316.3  66.0 6.17E-02 002.6 221.1  69.2 233.4795 165.8621 30.24343 shoemake 2025-07-17 15:03:39 
