PKSF- 5.0 sun compass orientation
      0  81.3  36.0   0.0   0.0   1.0
NRM    294.2  71.3 294.2  71.3 1.38E-01 003.0 213.0  60.3 438.6594 541.1078 322.6479 shoemake 2024-07-17 15:55:50 
NRM    312.8  68.5 312.8  68.5 1.76E-01 003.5 215.9  67.1 774.0695 693.1389 224.5027 shoemake 2024-07-18 20:47:09 
LT1 77 298.3  72.0 298.3  72.0 1.43E-01 002.9 211.2  61.5 577.0975 437.2999 503.8324 shoemake 2024-08-02 22:45:05 
LT2 77 311.1  69.2 311.1  69.2 1.70E-01 001.6 214.8  66.3 409.8884 214.8937 115.8046 shoemake 2024-08-13 19:16:26 
TT  70 312.1  69.3 312.1  69.3 1.48E-01 001.5 214.2  66.6 348.1790 181.4242 58.68017 shoemake 2024-08-14 21:23:30 
TT 100 313.7  69.4 313.7  69.4 1.54E-01 004.4 213.4  67.1 865.0250 820.4973 94.34906 shoemake 2025-07-09 20:47:08 
TT 160 311.1  66.8 311.1  66.8 1.38E-01 002.4 220.6  67.0 477.6457 329.3608 84.07932 shoemake 2025-07-11 21:29:22 
TT 210 316.0  66.3 316.0  66.3 6.18E-02 002.6 220.3  69.0 246.8419 138.2086 23.00482 shoemake 2025-07-17 15:08:38 
