PKSF- 5.0 sun compass orientation
      0  81.3  36.0   0.0   0.0   1.0
NRM    315.6  69.2 315.6  69.2 1.17E-01 005.6 213.2  67.8 555.4109 984.1945 97.14720 shoemake 2024-07-17 15:53:41 
NRM    316.2  68.9 316.2  68.9 1.19E-01 005.4 213.6  68.1 648.2331 927.7132 126.0232 shoemake 2024-07-18 20:44:20 
NRM    169.9  36.1 169.9  36.1 3.90E-02 071.1 178.9   0.1 437.0441 2706.358 11782.44 shoemake 2024-07-19 12:27:02 
NRM    316.1  70.2 316.1  70.2 1.19E-01 003.1 210.6  67.5 448.9292 468.4454 83.82655 shoemake 2024-07-19 15:35:30 
LT1 77 312.2  68.9 312.2  68.9 1.16E-01 001.3 215.2  66.8 148.1918 216.9399 31.89493 shoemake 2024-08-02 22:42:56 
LT2 77 310.4  66.9 310.4  66.9 1.16E-01 001.5 220.4  66.7 203.0658 219.3137 38.68891 shoemake 2024-08-13 19:13:56 
TT  70 310.9  66.0 310.9  66.0 1.03E-01 004.6 222.7  67.1 570.2886 606.4213 33.69079 shoemake 2024-08-14 21:21:02 
TT 100 314.1  69.0 314.1  69.0 1.06E-01 003.0 214.4  67.4 324.9165 455.9041 55.66541 shoemake 2025-07-09 20:44:40 
TT 160 313.9  68.2 313.9  68.2 9.66E-02 003.2 216.2  67.6 323.0533 436.7662 54.57168 shoemake 2025-07-11 21:26:52 
TT 210 318.0  66.7 318.0  66.7 4.46E-02 004.2 218.6  69.6 207.6151 256.4264 46.66206 shoemake 2025-07-17 15:06:07 
