PKSF- 5.0 sun compass orientation
      0  81.3  36.0   0.0   0.0   1.0
NRM    310.1  71.4 310.1  71.4 1.32E-01 004.2 210.0  65.2 631.8350 714.0360 204.7474 shoemake 2024-07-17 17:37:40 
NRM    313.4  73.0 313.4  73.0 1.35E-01 003.7 205.5  65.4 573.4645 664.4230 129.2093 shoemake 2024-07-18 21:00:57 
LT1 77 310.9  72.9 310.9  72.9 1.30E-01 001.4 206.6  64.8 182.8310 259.6912 60.60807 shoemake 2024-08-02 23:01:38 
LT2 77 308.8  70.6 308.8  70.6 1.30E-01 002.7 212.2  65.1 314.1858 538.6190 44.64834 shoemake 2024-08-13 19:28:47 
TT  70 306.6  67.7 306.6  67.7 1.13E-01 001.5 219.3  65.1 208.0264 201.9828 43.55289 shoemake 2024-08-14 21:35:37 
TT 100 309.0  70.2 309.0  70.2 1.18E-01 003.0 213.1  65.3 388.5460 502.0575 58.06189 shoemake 2025-07-09 20:59:24 
TT 160 316.7  73.9 316.7  73.9 9.72E-02 003.1 202.5  65.7 287.0459 454.6256 62.34544 shoemake 2025-07-11 21:41:31 
TT 210 317.9  70.3 317.9  70.3 3.69E-02 001.7 209.8  68.0 83.32104 78.92573 29.29665 shoemake 2025-07-17 15:21:05 
