PKSF- 3.0 sun compass orientation
      0  83.3  73.0   0.0   0.0   1.0
NRM    231.9   1.5 231.9   1.5 1.11E-01 003.5 258.3 -29.4 619.5183 207.0604 175.9111 shoemake 2024-07-17 15:07:09 
NRM    233.4  -2.8 233.4  -2.8 1.13E-01 002.7 263.5 -29.4 449.5144 236.4361 203.8467 shoemake 2024-07-18 19:43:34 
LT1 77 230.6   1.0 230.6   1.0 1.12E-01 009.4 258.3 -30.8 1804.878 404.8279 103.6347 shoemake 2024-08-02 21:56:43 
LT1 77 232.9  -3.3 232.9  -3.3 1.13E-01 004.8 263.8 -30.0 934.6930 131.2916 87.71560 shoemake 2024-08-05 11:45:06 
LT2 77 231.5  -0.4 231.5  -0.4 1.13E-01 005.2 260.1 -30.4 1010.149 208.8665 84.07355 shoemake 2024-08-13 18:18:55 
TT  70 231.8  -3.1 231.8  -3.1 1.04E-01 003.7 263.2 -31.0 658.5590 93.96947 84.87527 shoemake 2024-08-14 20:25:57 
TT 100 231.6  -3.6 231.6  -3.6 1.07E-01 004.4 263.7 -31.3 809.8044 159.6414 66.04602 shoemake 2025-07-09 19:50:37 
TT 160 228.3  -6.3 228.3  -6.3 8.00E-02 006.5 265.7 -35.3 912.6174 124.4207 50.39042 shoemake 2025-07-11 20:32:39 
TT 210 227.6  -4.7 227.6  -4.7 7.87E-02 007.0 263.5 -35.5 953.7534 144.8673 70.14115 shoemake 2025-07-17 14:11:48 
