PKSF- 9.0 sun compass orientation
      0  53.0  28.0   0.0   0.0   1.0
NRM    050.5 -32.5 050.5 -32.5 8.63E-02 003.2 071.3 -27.2 342.0173 212.3709 279.9934 shoemake 2024-07-17 18:42:49 
NRM    047.9 -34.3 047.9 -34.3 8.73E-02 003.1 068.2 -27.6 340.3733 218.6740 264.3437 shoemake 2024-07-18 22:01:48 
LT1 77 046.1 -37.0 046.1 -37.0 8.74E-02 004.5 065.1 -29.1 620.7866 237.7141 185.5807 shoemake 2024-08-02 23:48:10 
LT2 77 047.9 -36.2 047.9 -36.2 8.78E-02 001.5 067.0 -29.2 124.9287 73.18416 196.6004 shoemake 2024-08-13 20:24:00 
TT  70 048.6 -36.0 048.6 -36.0 8.44E-02 004.5 067.7 -29.3 615.8971 203.5896 170.4776 shoemake 2024-08-14 22:29:31 
TT 100 048.5 -36.6 048.5 -36.6 8.64E-02 008.2 067.3 -29.8 1165.121 444.9011 118.1105 shoemake 2025-07-09 21:53:38 
TT 160 051.9 -39.8 051.9 -39.8 6.21E-02 009.6 067.8 -33.9 989.9380 356.3791 73.08888 shoemake 2025-07-11 22:35:51 
TT 210 057.4 -36.6 057.4 -36.6 5.97E-02 007.8 074.3 -33.7 796.7090 164.5880 54.47454 shoemake 2025-07-17 16:15:34 
