PKSF- 6.0 sun compass orientation
      0  30.6  38.0   0.0   0.0   1.0
NRM    038.4   2.7 038.4   2.7 5.70E-02 007.1 097.8  -2.6 686.0928 91.92734 159.3419 shoemake 2024-07-17 17:51:34 
NRM    032.9  -2.1 032.9  -2.1 5.78E-02 002.6 090.5  -3.1 228.1461 25.20265 125.1876 shoemake 2024-07-18 21:14:52 
LT1 77 032.9  -1.9 032.9  -1.9 5.61E-02 006.0 090.6  -2.9 592.2916 31.48601 35.90217 shoemake 2024-08-02 23:12:18 
LT2 77 026.5  -6.8 026.5  -6.8 5.62E-02 002.7 082.6  -2.8 253.3712 48.21174 46.86999 shoemake 2024-08-13 19:41:26 
TT  70 033.5  -1.6 033.5  -1.6 5.00E-02 002.7 091.3  -3.0 237.2005 35.92205 40.70012 shoemake 2024-08-14 21:47:57 
TT 100 037.3   1.2 037.3   1.2 5.17E-02 003.1 096.0  -3.2 279.7010 41.34331 18.67960 shoemake 2025-07-09 21:11:44 
TT 160 034.9  -0.7 034.9  -0.7 3.90E-02 007.1 093.0  -3.2 485.5362 40.70822 15.33596 shoemake 2025-07-11 21:53:58 
TT 210 030.5  -3.5 030.5  -3.5 1.47E-02 011.3 087.8  -2.7 293.8547 10.89359 6.705184 shoemake 2025-07-17 15:33:34 
