PKSF- 1.0 sun compass orientation
      0 169.4  55.0   0.0   0.0   1.0
NRM    161.0 -38.9 161.0 -38.9 4.14E-02 003.8 053.0 -15.5 212.3461 169.8997 53.29157 shoemake 2024-07-17 14:26:50 
NRM    159.6 -40.2 159.6 -40.2 4.17E-02 003.5 051.3 -15.3 193.9137 148.3154 84.55666 shoemake 2024-07-18 18:51:00 
LT1 77 161.3 -38.7 161.3 -38.7 3.84E-02 006.2 053.3 -15.6 345.4607 236.2741 35.72952 shoemake 2024-08-02 20:49:23 
LT2 77 161.8 -38.5 161.8 -38.5 3.79E-02 009.4 053.7 -15.8 500.5494 384.3504 38.33453 shoemake 2024-08-13 17:31:10 
TT  70 161.2 -36.5 161.2 -36.5 2.57E-02 006.8 055.2 -14.3 258.7634 162.3761 20.89226 shoemake 2024-08-14 19:38:22 
TT 100 157.5 -41.7 157.5 -41.7 2.66E-02 008.0 049.1 -14.8 284.2413 243.6785 10.43362 shoemake 2025-07-09 19:03:58 
TT 160 158.4 -38.2 158.4 -38.2 2.19E-02 003.4 052.5 -13.4 112.6581 66.92732 11.75633 shoemake 2025-07-11 19:45:54 
TT 210 148.9 -39.4 148.9 -39.4 1.44E-02 006.0 047.0  -8.2 122.8538 91.08920 5.694831 shoemake 2025-07-17 13:24:47 
