PKSF- 1.0 sun compass orientation
      0 169.4  55.0   0.0   0.0   1.0
NRM    168.3 -45.3 168.3 -45.3 3.30E-02 001.2 050.0 -23.4 37.89918 39.22850 51.86243 shoemake 2024-07-17 14:14:00 
NRM    180.5 -33.2 180.5 -33.2 3.00E-02 027.6 066.5 -26.5 1548.259 236.6453 73.01467 shoemake 2024-07-18 18:34:17 
NRM    166.4 -48.6 166.4 -48.6 3.34E-02 003.0 046.1 -23.7 128.9704 111.7893 59.15371 shoemake 2024-07-19 12:01:00 
LT1 77 168.0 -45.6 168.0 -45.6 3.17E-02 006.8 049.6 -23.3 293.6973 241.4753 20.15019 shoemake 2024-08-02 20:36:42 
LT2 77 169.5 -43.3 169.5 -43.3 3.16E-02 002.2 052.4 -23.2 90.44101 81.34688 26.78849 shoemake 2024-08-13 17:16:04 
TT  70 163.3 -49.0 163.3 -49.0 2.87E-02 002.2 044.7 -22.1 82.28315 68.74311 28.87113 shoemake 2024-08-14 19:23:42 
TT 100 167.2 -45.5 167.2 -45.5 2.97E-02 005.9 049.4 -22.8 234.4449 200.7554 14.47782 shoemake 2025-07-09 18:49:06 
TT 160 165.2 -47.8 165.2 -47.8 2.87E-02 009.3 046.5 -22.6 349.0964 320.0278 16.92175 shoemake 2025-07-11 19:31:07 
TT 210 159.8 -45.6 159.8 -45.6 2.04E-02 002.1 046.6 -18.3 70.85464 39.73708 18.94308 shoemake 2025-07-17 13:09:46 
