PKSF- 9.0 sun compass orientation
      0  53.0  28.0   0.0   0.0   1.0
NRM    330.0 -57.6 330.0 -57.6 1.19E-01 002.2 004.3 -29.7 236.7158 271.6250 301.4419 shoemake 2024-07-17 19:06:47 
NRM    332.9 -57.5 332.9 -57.5 1.20E-01 002.8 006.1 -29.7 247.1081 470.1787 256.0750 shoemake 2024-07-18 22:23:49 
LT1 77 344.7 -54.6 344.7 -54.6 1.10E-01 005.8 014.0 -27.8 320.3662 1083.520 65.80525 shoemake 2024-08-03 00:05:09 
LT2 77 330.7 -55.4 330.7 -55.4 1.10E-01 003.7 004.9 -27.6 137.2207 683.5379 88.79107 shoemake 2024-08-13 20:44:00 
TT  70 325.6 -54.5 325.6 -54.5 9.96E-02 002.5 001.7 -26.5 78.02709 422.9770 68.94900 shoemake 2024-08-14 22:49:05 
TT 100 325.3 -55.1 325.3 -55.1 1.02E-01 003.9 001.5 -27.1 128.5853 694.8240 36.61842 shoemake 2025-07-09 22:13:18 
TT 160 334.4 -51.7 334.4 -51.7 5.52E-02 009.3 007.7 -24.1 148.9588 892.6608 28.52042 shoemake 2025-07-11 22:55:35 
TT 210 334.9 -50.1 334.9 -50.1 3.46E-02 008.6 008.2 -22.5 109.7044 512.4206 18.44500 shoemake 2025-07-17 16:35:17 
