PKSF- 1.0 sun compass orientation
      0 169.4  55.0   0.0   0.0   1.0
NRM    166.2 -43.8 166.2 -43.8 3.45E-02 004.6 050.7 -21.3 207.0173 180.3989 55.58328 shoemake 2024-07-17 14:18:15 
NRM    168.8 -41.4 168.8 -41.4 3.45E-02 011.1 053.9 -21.9 590.8462 325.6176 78.12381 shoemake 2024-07-18 18:39:51 
NRM    165.4 -45.6 165.4 -45.6 3.51E-02 001.6 048.7 -21.7 71.49329 59.04458 61.68696 shoemake 2024-07-19 12:06:39 
LT1 77 158.6 -53.0 158.6 -53.0 3.25E-02 010.8 039.4 -21.5 402.9882 469.4764 22.60656 shoemake 2024-08-02 20:40:55 
LT1 77 166.6 -43.2 166.6 -43.2 3.32E-02 002.7 051.4 -21.3 117.6726 99.65916 20.76715 shoemake 2024-08-05 11:39:13 
LT2 77 164.6 -45.5 164.6 -45.5 3.25E-02 007.8 048.5 -21.2 334.4932 294.7004 25.49727 shoemake 2024-08-13 17:21:11 
TT  70 165.6 -41.1 165.6 -41.1 2.58E-02 004.1 053.0 -19.6 155.0314 102.0486 20.33474 shoemake 2024-08-14 19:28:39 
TT 100 162.6 -46.0 162.6 -46.0 2.68E-02 004.4 047.3 -20.2 152.1554 143.5210 9.949475 shoemake 2025-07-09 18:54:02 
TT 160 162.5 -45.2 162.5 -45.2 2.46E-02 004.6 048.0 -19.7 153.5182 126.9653 10.36134 shoemake 2025-07-11 19:36:04 
TT 210 153.9 -45.8 153.9 -45.8 1.64E-02 005.9 044.1 -15.0 131.8839 109.0342 9.855410 shoemake 2025-07-17 13:14:45 
