PKSF- 5C 
         87.0  36.0   0.0   0.0   1.0
NRM    325.7  63.6 325.7  63.6 8.00E-02 002.1 226.4  71.5 204.6127 211.1926 52.61247 shoemake 2024-07-17 15:47:24 
NRM    327.9  64.0 327.9  64.0 8.17E-02 004.1 224.2  72.3 414.2741 414.2329 69.10126 shoemake 2024-07-18 20:36:05 
LT1 77 326.5  66.0 326.5  66.0 8.28E-02 002.9 219.2  71.0 313.1992 273.1831 29.85962 shoemake 2024-08-02 22:36:38 
LT2 77 324.0  63.8 324.0  63.8 8.30E-02 001.1 226.3  70.7 138.2121 92.24875 29.26053 shoemake 2024-08-13 19:06:19 
TT  70 323.5  62.1 323.5  62.1 7.57E-02 002.2 231.6  70.9 253.0237 158.7539 17.27416 shoemake 2024-08-14 21:12:20 
TT 100 327.8  66.0 327.8  66.0 7.91E-02 003.7 218.3  71.5 352.4194 371.6491 36.37752 shoemake 2025-07-09 20:37:20 
TT 160 326.4  65.0 326.4  65.0 7.68E-02 002.9 221.9  71.3 288.0835 270.1883 41.23590 shoemake 2025-07-11 21:19:27 
TT 210 326.5  64.6 326.5  64.6 5.29E-02 002.6 223.2  71.5 183.5036 157.7331 27.32021 shoemake 2025-07-17 14:58:45 
TT 240 326.1  62.9 326.1  62.9 5.16E-02 003.8 228.6  71.9 277.6649 207.9043 45.49428 shoemake 2025-07-21 14:51:08 
TT 270 335.9  58.9 335.9  58.9 1.47E-02 002.0 238.4  77.5 43.18317 29.36850 8.779187 shoemake 2025-07-23 15:30:26 
TT 300 337.2  58.8 337.2  58.8 1.34E-02 002.7 238.2  78.2 51.75679 34.93820 4.160775 shoemake 2025-07-25 12:54:01 
TT 330 348.6  46.3 348.6  46.3 5.00E-03 001.9 322.5  80.7 11.87224 12.17556 1.193087 shoemake 2025-07-30 17:58:44 
TT 360 349.9  44.7 349.9  44.7 4.65E-03 001.4 331.6  79.6 8.535354 8.001853 0.898485 shoemake 2025-07-31 21:24:03 
TT 390 348.4  43.9 348.4  43.9 4.47E-03 002.8 328.1  78.5 14.87087 16.56445 1.090439 shoemake 2025-08-03 15:54:31 
TT 420 349.1  43.3 349.1  43.3 3.76E-03 002.0 331.6  78.1 8.565684 9.746083 1.089277 shoemake 2025-08-05 14:59:51 
TT 450 346.2  46.4 346.2  46.4 1.13E-03 029.1 313.9  79.9 15.15241 15.69923 119.1949 shoemake 2025-08-07 13:13:25 
TT 450 347.2  46.4 347.2  46.4 2.27E-03 001.6 317.1  80.3 4.709209 4.087201 0.572017 shoemake 2025-08-07 17:39:04 
