PKSF- 6.0 sun compass orientation
      0  30.6  38.0   0.0   0.0   1.0
NRM    041.3   6.0 041.3   6.0 1.07E-01 014.2 102.1  -1.8 2616.600 576.4068 308.4052 shoemake 2024-07-17 17:48:45 
NRM    026.5  -6.0 026.5  -6.0 1.10E-01 003.4 083.1  -2.2 586.3965 97.49833 280.5580 shoemake 2024-07-18 21:12:03 
LT1 77 026.3  -6.2 026.3  -6.2 1.07E-01 006.1 082.8  -2.2 1128.700 150.9095 84.60115 shoemake 2024-08-02 23:10:08 
LT2 77 036.6   2.2 036.6   2.2 1.07E-01 004.5 096.1  -2.0 825.7823 108.8771 112.4329 shoemake 2024-08-13 19:38:55 
TT  70 031.8  -1.7 031.8  -1.7 9.45E-02 006.9 089.9  -2.1 1131.583 60.43114 98.61672 shoemake 2024-08-14 21:45:31 
TT 100 030.9  -3.0 030.9  -3.0 9.83E-02 001.8 088.4  -2.5 296.4563 64.47782 58.74901 shoemake 2025-07-09 21:09:14 
TT 160 032.1  -1.8 032.1  -1.8 7.32E-02 010.4 090.1  -2.3 1348.075 35.69546 42.08158 shoemake 2025-07-11 21:51:29 
TT 210 030.2  -2.4 030.2  -2.4 2.54E-02 013.5 088.2  -1.7 609.1739 18.68397 17.11019 shoemake 2025-07-17 15:31:01 
