PKSF- 0.0 sun compass orientation
      0  82.4  32.0   0.0   0.0   1.0
NRM    287.6  23.0 287.6  23.0 1.17E-01 032.8 278.6  32.6 2527.160 10639.19 6718.081 shoemake 2024-07-17 20:20:10 
NRM    295.3  21.8 295.3  21.8 2.75E-01 009.0 286.5  35.6 4169.218 3197.931 3720.938 shoemake 2024-07-17 20:54:53 
NRM    290.5  26.8 290.5  26.8 3.14E-01 004.1 278.5  37.2 1988.497 1031.276 565.8673 shoemake 2024-07-18 22:32:11 
LT1 77 300.3  17.9 300.3  17.9 2.30E-01 008.4 293.9  34.8 2863.429 2728.297 368.9042 shoemake 2024-08-03 00:11:44 
LT1 77 293.9  23.2 293.9  23.2 2.72E-01 007.6 284.2  36.1 2419.228 4224.070 3113.639 shoemake 2024-08-05 12:03:54 
LT1 77 302.0  19.8 302.0  19.8 1.57E-01 025.6 294.4  37.2 5539.849 12189.08 10142.99 shoemake 2024-08-05 14:01:36 
LT1 77 294.8  24.4 294.8  24.4 3.12E-01 008.6 284.3  37.5 4515.469 1325.388 90.54075 shoemake 2024-08-05 14:28:26 
LT2 77 296.0  23.3 296.0  23.3 3.10E-01 001.6 286.1  37.2 806.8641 351.9274 188.6100 shoemake 2024-08-13 20:51:27 
TT  70 298.9  21.6 298.9  21.6 2.64E-01 006.2 290.1  37.2 2694.575 992.0482 173.7259 shoemake 2024-08-14 22:56:25 
TT 100 296.0  24.1 296.0  24.1 2.71E-01 009.0 285.6  37.9 4102.407 1218.084 158.2579 shoemake 2025-07-09 22:20:48 
TT 160 295.4  24.4 295.4  24.4 2.13E-01 008.0 284.8  37.8 2890.379 852.1951 105.9433 shoemake 2025-07-11 23:03:00 
TT 210 296.2  23.6 296.2  23.6 1.13E-01 004.2 286.1  37.6 770.8775 338.7087 92.75004 shoemake 2025-07-17 16:42:48 
