PKSF- 5K 
         87.0  36.0   0.0   0.0   1.0
NRM    313.0  71.2 313.0  71.2 1.28E-01 003.6 211.1  64.5 498.1465 582.8948 465.3835 shoemake 2024-07-17 17:31:51 
NRM    321.8  74.1 321.8  74.1 1.33E-01 004.4 202.4  65.5 595.3048 827.1258 155.1241 shoemake 2024-07-18 20:58:13 
LT1 77 313.8  71.8 313.8  71.8 1.29E-01 001.3 209.8  64.6 243.3959 173.5049 62.38775 shoemake 2024-08-02 22:59:33 
LT2 77 313.3  70.7 313.3  70.7 1.29E-01 001.0 212.2  64.7 176.5548 136.6706 64.12710 shoemake 2024-08-13 19:26:18 
TT  70 313.8  70.4 313.8  70.4 1.11E-01 002.0 212.8  65.0 306.6432 251.1381 45.48702 shoemake 2024-08-14 21:33:11 
TT 100 317.5  72.2 317.5  72.2 1.16E-01 003.7 207.6  65.4 459.6292 592.9657 54.71909 shoemake 2025-07-09 20:56:58 
TT 160 320.3  72.6 320.3  72.6 9.66E-02 005.0 206.0  66.0 463.1946 719.6451 53.60754 shoemake 2025-07-11 21:39:05 
TT 210 326.2  70.4 326.2  70.4 3.85E-02 005.6 208.0  68.7 225.6197 308.7608 18.11074 shoemake 2025-07-17 15:18:38 
TT 240 323.4  69.5 323.4  69.5 3.49E-02 004.2 211.5  68.4 172.8373 190.4865 21.22184 shoemake 2025-07-21 15:11:00 
TT 270 336.0  64.6 336.0  64.6 1.28E-02 002.9 216.3  75.1 49.73792 40.59777 9.092206 shoemake 2025-07-23 15:50:14 
TT 300 340.1  63.2 340.1  63.2 1.05E-02 002.0 216.4  77.4 29.10415 22.79709 3.599489 shoemake 2025-07-25 13:13:52 
TT 330 343.7  57.5 343.7  57.5 5.75E-03 001.7 239.1  81.8 14.04840 10.58364 1.654585 shoemake 2025-07-30 18:17:43 
TT 360 344.7  56.9 344.7  56.9 5.39E-03 001.5 242.1  82.5 10.28526 9.737689 1.897618 shoemake 2025-07-31 21:42:37 
TT 390 346.4  55.8 346.4  55.8 4.95E-03 001.8 248.7  83.7 12.62864 9.628048 0.996738 shoemake 2025-08-03 16:14:19 
TT 420 346.5  55.8 346.5  55.8 4.63E-03 002.0 248.6  83.8 13.22657 9.205852 1.588996 shoemake 2025-08-05 15:19:38 
TT 450 347.1  56.1 347.1  56.1 2.31E-03 001.8 245.5  84.1 6.086084 4.170424 1.132792 shoemake 2025-08-07 13:33:13 
