PKSF- 2.0 sun compass orientation
      0  82.0  64.0   0.0   0.0   1.0
NRM    348.3  64.9 348.3  64.9 6.76E-02 002.0 182.5  51.0 156.9015 169.0193 79.67539 shoemake 2024-07-17 14:54:17 
NRM    353.5  63.8 353.5  63.8 6.82E-02 009.5 178.9  52.2 219.4489 1115.162 94.42165 shoemake 2024-07-18 19:26:51 
NRM    348.8  64.5 348.8  64.5 6.90E-02 002.7 182.2  51.4 222.7190 224.0568 95.76646 shoemake 2024-07-19 12:15:23 
LT1 77 346.3  65.4 346.3  65.4 6.51E-02 003.0 183.7  50.4 53.65650 340.2868 25.90540 shoemake 2024-08-02 21:43:59 
LT2 77 338.3  64.6 338.3  64.6 6.40E-02 004.2 189.2  50.4 72.20180 461.6063 38.32638 shoemake 2024-08-13 18:03:54 
TT  70 337.0  64.7 337.0  64.7 4.92E-02 001.5 189.9  50.1 45.18962 124.1542 24.67023 shoemake 2024-08-14 20:10:13 
TT 100 325.7  60.9 325.7  60.9 5.13E-02 002.2 199.9  50.8 99.47760 174.1164 13.34401 shoemake 2025-07-09 19:35:46 
TT 160 332.8  63.5 332.8  63.5 2.65E-02 006.8 193.3  50.4 82.85436 307.4329 8.190936 shoemake 2025-07-11 20:17:51 
TT 210 330.6  62.3 330.6  62.3 1.12E-02 006.3 195.6  51.0 38.99016 117.5832 6.815752 shoemake 2025-07-17 13:56:53 
