PKSF- 4.0 sun compass orientation
      0 121.0  48.0   0.0   0.0   1.0
NRM    162.9  14.1 162.9  14.1 5.59E-03 002.5 130.4 -18.6 16.95360 15.87668 9.686227 shoemake 2024-07-17 15:22:02 
NRM    165.3  14.8 165.3  14.8 5.63E-03 008.6 132.9 -19.3 62.34876 57.25088 11.97555 shoemake 2024-07-18 20:03:00 
NRM    165.4  15.1 165.4  15.1 5.68E-03 003.2 133.1 -19.1 22.84750 20.14344 11.96259 shoemake 2024-07-19 12:21:12 
LT1 77 169.7  18.3 169.7  18.3 6.13E-03 000.8 138.6 -18.7 5.605815 4.800071 6.490454 shoemake 2024-08-02 22:11:30 
LT2 77 163.0  13.8 163.0  13.8 6.17E-03 005.2 130.3 -18.8 43.92022 34.85490 6.740728 shoemake 2024-08-13 18:36:26 
TT  70 167.3  16.1 167.3  16.1 5.96E-03 004.1 135.3 -19.3 31.13186 28.46116 6.960813 shoemake 2024-08-14 20:43:05 
TT 100 165.9  14.6 165.9  14.6 6.15E-03 000.8 133.2 -19.8 7.132652 6.680219 2.283447 shoemake 2025-07-09 20:07:56 
TT 160 164.1   8.6 164.1   8.6 5.85E-03 008.0 128.0 -23.7 63.68168 52.46112 3.563376 shoemake 2025-07-11 20:50:00 
TT 210 168.8  11.3 168.8  11.3 5.59E-03 009.8 133.8 -24.1 66.29515 70.47442 5.249153 shoemake 2025-07-17 14:29:07 
