PKSF- 1.0 sun compass orientation
      0 169.4  55.0   0.0   0.0   1.0
NRM    157.3 -41.1 157.3 -41.1 3.94E-02 002.0 049.5 -14.3 69.49271 97.46897 76.96473 shoemake 2024-07-17 14:33:05 
NRM    156.9 -42.4 156.9 -42.4 3.99E-02 002.0 048.2 -14.8 92.15572 64.36770 94.52003 shoemake 2024-07-18 18:59:11 
LT1 77 158.3 -37.8 158.3 -37.8 3.66E-02 001.0 052.8 -13.1 33.29485 27.55127 50.85088 shoemake 2024-08-02 20:55:34 
LT2 77 160.9 -34.6 160.9 -34.6 3.57E-02 007.2 056.7 -13.1 380.0274 240.1229 53.98173 shoemake 2024-08-13 17:38:42 
TT  70 156.6 -35.7 156.6 -35.7 2.38E-02 002.5 053.7 -10.8 88.92219 45.03155 31.71871 shoemake 2024-08-14 19:45:40 
TT 100 152.6 -41.0 152.6 -41.0 2.45E-02 007.3 047.5 -11.4 234.9361 205.7785 27.53997 shoemake 2025-07-09 19:11:13 
TT 160 148.6 -40.3 148.6 -40.3 1.86E-02 006.0 046.1  -8.6 148.0429 131.1544 18.55633 shoemake 2025-07-11 19:53:13 
TT 210 150.3 -30.2 150.3 -30.2 6.11E-03 026.2 054.9  -3.2 375.1860 534.0906 36.68330 shoemake 2025-07-17 13:32:08 
TT 210 146.6 -33.5 146.6 -33.5 1.24E-02 007.9 050.3  -3.0 133.6146 109.3703 14.25581 shoemake 2025-07-17 18:05:51 
