PKSF- 0.0 sun compass orientation
      0  82.4  32.0   0.0   0.0   1.0
NRM    328.4   3.8 328.4   3.8 1.07E-01 054.4 331.2  32.6 8739.011 4839.229 6087.730 shoemake 2024-07-17 19:44:15 
NRM    314.2  10.2 314.2  10.2 2.17E-01 017.5 312.7  34.0 4863.876 5755.169 851.7021 shoemake 2024-07-17 20:12:11 
NRM    314.8  12.6 314.8  12.6 2.34E-01 016.3 312.2  36.5 4016.586 5781.512 2643.034 shoemake 2024-07-17 20:51:50 
NRM    294.0  25.1 294.0  25.1 2.67E-01 008.3 283.0  37.7 3731.502 1080.998 464.6579 shoemake 2024-07-18 22:29:26 
NRM    314.7  13.1 314.7  13.1 1.34E-01 066.6 311.8  36.9 7673.515 8545.998 8663.425 shoemake 2024-07-19 13:06:52 
NRM    303.7  20.1 303.7  20.1 2.62E-01 013.7 295.9  38.3 5721.340 2774.318 506.3221 shoemake 2024-07-19 16:04:41 
NRM    003.4 -32.2 003.4 -32.2 1.15E-01 065.6 009.3  -0.7 3255.461 19052.38 17393.60 shoemake 2024-07-19 17:32:37 
NRM    299.2  21.7 299.2  21.7 2.69E-01 003.4 290.4  37.5 1351.108 772.7015 509.5189 shoemake 2024-07-19 19:59:39 
LT1 77 302.2  17.4 302.2  17.4 2.17E-01 008.1 296.1  35.3 2653.979 2428.193 586.1850 shoemake 2024-08-03 00:09:34 
LT1 77 300.0  19.7 300.0  19.7 2.41E-01 004.7 292.5  36.2 1431.434 2438.199 1963.172 shoemake 2024-08-05 12:00:53 
LT2 77 298.2  22.0 298.2  22.0 2.62E-01 003.7 289.2  37.2 1611.832 504.5214 190.9094 shoemake 2024-08-13 20:48:59 
TT  70 299.5  21.2 299.5  21.2 2.27E-01 005.1 291.0  37.2 1893.342 704.3587 180.0244 shoemake 2024-08-14 22:54:00 
TT 100 297.0  23.5 297.0  23.5 2.33E-01 008.2 286.9  37.9 3206.004 988.0578 136.8243 shoemake 2025-07-09 22:18:19 
TT 160 296.8  23.5 296.8  23.5 1.92E-01 007.1 286.8  37.8 2288.776 748.2192 151.8937 shoemake 2025-07-11 23:00:35 
TT 210 297.1  23.2 297.1  23.2 1.10E-01 001.8 287.2  37.7 301.1091 193.0546 112.9266 shoemake 2025-07-17 16:40:19 
