PKSF- 8A 
         51.0  28.0   0.0   0.0   1.0
NRM    091.8 -09.1 091.8 -09.1 5.81E-02 003.0 123.8 -26.4 184.4877 90.74566 231.8363 shoemake 2024-07-17 18:21:32 
NRM    093.8 -08.5 093.8 -08.5 5.86E-02 005.0 126.0 -26.5 330.8103 333.2310 221.3147 shoemake 2024-07-18 21:42:35 
NRM    146.0  27.9 146.0  27.9 2.90E-02 061.6 184.6  00.0 405.6301 4767.708 2632.950 shoemake 2024-07-19 12:55:23 
NRM    093.5 -08.8 093.5 -08.8 5.85E-02 004.4 125.6 -26.7 372.3787 130.6847 218.1246 shoemake 2024-07-19 15:48:45 
LT1 77 092.4 -08.9 092.4 -08.9 5.92E-02 002.8 124.4 -26.4 201.6863 48.80565 206.0104 shoemake 2024-08-02 23:33:27 
LT2 77 093.7 -08.5 093.7 -08.5 5.91E-02 008.0 125.9 -26.6 701.0202 385.0826 213.2961 shoemake 2024-08-13 20:06:26 
TT  70 093.4 -08.8 093.4 -08.8 5.69E-02 003.7 125.5 -26.7 288.8739 101.2814 205.6206 shoemake 2024-08-14 22:12:23 
TT 100 091.3 -10.9 091.3 -10.9 5.70E-02 015.0 122.4 -27.8 1323.512 729.8023 199.1452 shoemake 2025-07-09 21:36:27 
TT 160 088.0 -13.3 088.0 -13.3 1.52E-02 012.0 117.9 -28.7 668.7927 1260.397 780.5247 shoemake 2025-07-11 22:18:35 
TT 210 094.7 -08.4 094.7 -08.4 2.21E-02 012.4 127.0 -26.8 395.4958 266.3872 84.80157 shoemake 2025-07-17 15:58:19 
TT 240 093.3 -06.5 093.3 -06.5 9.05E-03 007.0 126.4 -24.5 88.15136 59.05290 36.84943 shoemake 2025-07-21 15:50:43 
TT 270 090.6 -07.3 090.6 -07.3 7.44E-03 007.9 123.3 -24.2 88.26793 46.94130 27.30345 shoemake 2025-07-23 16:30:03 
TT 300 079.6 -12.9 079.6 -12.9 2.55E-03 032.6 109.9 -24.7 84.24814 232.8453 113.8379 shoemake 2025-07-25 13:53:21 
TT 300 141.4  28.2 141.4  28.2 2.73E-03 059.1 180.5  00.2 5.943830 419.7088 193.3909 shoemake 2025-07-28 12:08:35 
TT 300 090.3 -05.8 090.3 -05.8 5.12E-03 002.6 123.6 -22.7 13.43861 6.139199 19.16713 shoemake 2025-07-28 13:31:31 
TT 330 083.7 -08.1 083.7 -08.1 3.15E-03 002.4 116.2 -22.1 10.12200 5.914229 6.916819 shoemake 2025-07-30 18:55:13 
TT 360 084.3 -07.3 084.3 -07.3 1.55E-03 006.4 117.2 -21.7 15.63887 7.495611 2.507106 shoemake 2025-07-31 22:19:58 
TT 390 081.4 -06.2 081.4 -06.2 1.05E-03 002.7 114.8 -19.5 4.438415 1.587631 1.605207 shoemake 2025-08-03 16:54:01 
TT 420 081.6 -07.5 081.6 -07.5 8.74E-04 003.4 114.4 -20.7 4.619613 1.927329 1.353840 shoemake 2025-08-05 15:59:23 
TT 450 079.7 -05.1 079.7 -05.1 7.19E-04 006.4 113.7 -17.7 7.414399 3.165987 1.145993 shoemake 2025-08-07 14:12:56 
