PKSF- 2H 
         83.5  64.0   0.0   0.0   1.0
NRM    343.9  61.8 343.9  61.8 6.27E-02 002.4 187.5  53.6 160.4096 204.7720 74.78082 shoemake 2024-07-17 14:50:05 
NRM    341.1  60.8 341.1  60.8 6.37E-02 004.9 190.1  54.2 224.8774 486.0370 97.44232 shoemake 2024-07-18 19:21:22 
LT1 77 347.1  62.5 347.1  62.5 6.00E-02 001.3 184.8  53.3 76.43597 107.7019 38.61720 shoemake 2024-08-02 21:39:49 
LT2 77 347.4  62.6 347.4  62.6 5.93E-02 002.6 184.6  53.2 88.01205 245.7787 48.73835 shoemake 2024-08-13 17:58:48 
TT  70 338.1  60.9 338.1  60.9 4.33E-02 002.4 192.4  53.6 37.01137 178.2226 25.71744 shoemake 2024-08-14 20:05:15 
TT 100 342.7  61.5 342.7  61.5 4.52E-02 002.1 188.5  53.8 88.96233 147.1453 18.86450 shoemake 2025-07-09 19:30:54 
TT 160 330.9  56.9 330.9  56.9 2.09E-02 005.0 201.4  55.2 81.60942 163.3998 8.869383 shoemake 2025-07-11 20:12:56 
TT 210 326.9  51.1 326.9  51.1 8.23E-03 005.7 211.7  57.9 48.81553 66.80467 4.440455 shoemake 2025-07-17 13:52:00 
TT 240 342.4  51.6 342.4  51.6 4.94E-03 004.1 195.1  63.1 16.41709 31.67393 3.263204 shoemake 2025-07-21 13:44:05 
TT 270 004.5  47.6 004.5  47.6 3.28E-03 002.7 160.6  66.7 6.279941 14.37100 2.897317 shoemake 2025-07-23 14:23:29 
TT 300 017.1  44.3 017.1  44.3 2.86E-03 002.2 139.7  63.5 7.884906 7.701519 1.237206 shoemake 2025-07-25 11:47:05 
TT 330 034.4  27.6 034.4  27.6 1.53E-03 001.5 102.0  53.4 3.186746 2.655389 0.273492 shoemake 2025-07-29 15:48:48 
TT 360 034.6  31.8 034.6  31.8 1.36E-03 003.9 109.1  53.6 8.562784 3.684017 0.412918 shoemake 2025-07-31 20:21:03 
TT 390 033.6  30.6 033.6  30.6 1.07E-03 003.5 106.9  54.4 6.065347 2.854239 0.490853 shoemake 2025-08-03 14:47:40 
TT 420 033.4  34.8 033.4  34.8 9.13E-04 004.8 114.2  54.5 6.998873 3.438549 0.274081 shoemake 2025-08-05 13:52:54 
TT 450 024.7  37.1 024.7  37.1 5.79E-04 005.2 120.4  61.2 4.281176 3.094669 0.310972 shoemake 2025-08-06 20:37:07 
