PKSF- 7.0 sun compass orientation
      0 122.8  36.0   0.0   0.0   1.0
NRM    063.3 -73.3 063.3 -73.3 1.28E-02 012.3 010.8 -39.0 62.51788 270.2018 28.06931 shoemake 2024-07-17 18:07:36 
NRM    016.1   4.4 016.1   4.4 6.59E-03 060.4 338.5  38.6 518.9679 209.0746 438.6822 shoemake 2024-07-18 21:28:38 
NRM    080.7 -69.3 080.7 -69.3 1.32E-02 002.9 019.5 -38.1 34.52265 55.94893 22.38213 shoemake 2024-07-19 12:41:11 
LT1 77 081.5 -70.5 081.5 -70.5 1.33E-02 001.1 018.9 -39.3 15.77934 11.72752 17.08143 shoemake 2024-08-02 23:22:47 
LT2 77 091.4 -67.9 091.4 -67.9 1.34E-02 004.0 024.5 -39.4 46.56725 81.14745 13.01144 shoemake 2024-08-13 19:53:50 
TT  70 091.3 -67.7 091.3 -67.7 1.20E-02 002.2 024.7 -39.2 30.22854 33.78732 14.36121 shoemake 2024-08-14 22:00:07 
TT 100 080.2 -70.9 080.2 -70.9 1.24E-02 004.9 018.1 -39.4 43.11367 97.36882 8.973089 shoemake 2025-07-09 21:23:57 
TT 160 088.7 -67.2 088.7 -67.2 9.40E-03 009.1 024.1 -38.2 68.94649 133.3315 6.544179 shoemake 2025-07-11 22:06:08 
TT 210 067.2 -68.6 067.2 -68.6 7.51E-03 002.1 014.6 -35.2 16.79469 22.30395 4.936537 shoemake 2025-07-17 15:45:50 
