PKSF- 2.0 sun compass orientation
      0  82.0  64.0   0.0   0.0   1.0
NRM    182.0   5.0 182.0   5.0 7.54E-02 004.8 198.7 -57.5 287.7283 561.6093 97.93977 shoemake 2024-07-17 14:45:55 
NRM    180.7   5.8 180.7   5.8 7.68E-02 002.7 196.0 -57.1 253.1945 253.7483 93.43937 shoemake 2024-07-18 19:15:55 
LT1 77 183.0   5.7 183.0   5.7 7.23E-02 001.2 200.1 -56.6 77.37153 110.3536 67.95725 shoemake 2024-08-02 21:35:41 
LT2 77 180.8   6.2 180.8   6.2 7.20E-02 001.2 196.0 -56.7 62.34835 117.1253 82.45958 shoemake 2024-08-13 17:53:48 
TT  70 179.9   6.0 179.9   6.0 5.46E-02 001.2 194.6 -57.1 58.02490 85.71673 55.50556 shoemake 2024-08-14 20:00:24 
TT 100 180.0   5.6 180.0   5.6 5.69E-02 003.9 195.0 -57.5 119.6149 376.6915 24.67838 shoemake 2025-07-09 19:26:04 
TT 160 177.7   3.6 177.7   3.6 3.08E-02 003.6 191.3 -59.9 61.22911 184.7142 19.59778 shoemake 2025-07-11 20:08:05 
TT 210 174.6   1.4 174.6   1.4 1.52E-02 004.6 185.6 -62.5 30.15914 119.8958 15.37996 shoemake 2025-07-17 13:47:07 
