PKSF- 1H 
        160.0  55.0   0.0   0.0   1.0
NRM    149.1 -43.4 149.1 -43.4 4.38E-02 003.4 048.1 -16.5 190.9151 168.5614 58.93309 shoemake 2024-07-17 14:24:42 
NRM    155.4 -36.8 155.4 -36.8 4.36E-02 010.5 056.6 -17.0 668.4072 443.4108 89.97256 shoemake 2024-07-18 18:48:15 
NRM    149.1 -43.7 149.1 -43.7 4.42E-02 002.0 047.8 -16.6 100.4155 95.52839 88.40089 shoemake 2024-07-19 12:12:21 
LT1 77 147.3 -45.7 147.3 -45.7 4.10E-02 002.2 045.3 -16.7 118.7802 101.8821 24.75952 shoemake 2024-08-02 20:47:18 
LT2 77 148.7 -44.4 148.7 -44.4 4.07E-02 002.4 047.0 -16.8 113.5512 131.1214 32.91041 shoemake 2024-08-13 17:28:42 
TT  70 147.2 -43.5 147.2 -43.5 2.78E-02 002.1 047.2 -15.4 85.15569 59.20025 21.98346 shoemake 2024-08-14 19:35:57 
TT 100 149.8 -41.7 149.8 -41.7 2.86E-02 009.2 049.9 -16.0 354.8372 298.7566 13.17603 shoemake 2025-07-09 19:01:31 
TT 160 148.8 -40.2 148.8 -40.2 2.44E-02 001.6 050.8 -14.5 57.86517 41.83694 12.91054 shoemake 2025-07-11 19:43:29 
TT 210 137.4 -43.1 137.4 -43.1 1.61E-02 008.1 043.2 -09.4 169.6771 154.8556 10.75257 shoemake 2025-07-17 13:22:18 
TT 240 141.5 -36.8 141.5 -36.8 1.43E-02 001.5 050.1 -07.9 21.81168 36.32557 12.26280 shoemake 2025-07-21 13:14:14 
TT 270 127.1 -38.2 127.1 -38.2 8.73E-03 010.5 041.4 -00.4 110.8059 118.6773 4.996607 shoemake 2025-07-23 13:53:45 
TT 300 127.8 -35.8 127.8 -35.8 8.31E-03 008.3 043.5  00.9 90.02781 82.63468 4.879896 shoemake 2025-07-25 11:17:21 
TT 330 114.9 -32.6 114.9 -32.6 4.64E-03 001.2 037.3  10.2 12.14132 3.914782 2.941624 shoemake 2025-07-29 15:19:14 
TT 360 116.0 -30.8 116.0 -30.8 4.46E-03 001.7 039.2  11.1 9.934556 9.282463 2.007326 shoemake 2025-07-31 19:52:59 
TT 390 111.4 -32.9 111.4 -32.9 4.39E-03 003.4 034.7  11.7 15.29727 21.38525 1.912036 shoemake 2025-08-03 14:17:56 
TT 420 115.7 -27.4 115.7 -27.4 4.11E-03 002.3 041.1  14.0 12.27031 12.08412 2.044107 shoemake 2025-08-05 13:23:07 
TT 450 104.1 -19.0 104.1 -19.0 1.43E-03 009.0 036.7  27.0 14.15234 17.81489 0.611727 shoemake 2025-08-06 20:07:34 
