PKSF- 8.0 sun compass orientation
      0  49.0  28.0   0.0   0.0   1.0
NRM    079.1 -28.9 079.1 -28.9 1.20E-01 002.7 102.0 -39.3 426.1273 310.8072 250.5274 shoemake 2024-07-17 18:40:02 
NRM    080.7 -28.6 080.7 -28.6 1.21E-01 003.1 103.7 -39.7 535.5989 336.6386 213.5095 shoemake 2024-07-18 21:59:01 
LT1 77 078.6 -29.5 078.6 -29.5 1.18E-01 008.3 101.1 -39.6 1681.346 396.1090 67.55961 shoemake 2024-08-02 23:46:01 
LT1 77 081.4 -28.0 081.4 -28.0 1.19E-01 005.9 104.8 -39.5 1168.387 393.5782 69.61732 shoemake 2024-08-05 11:54:46 
LT2 77 077.4 -29.7 077.4 -29.7 1.19E-01 003.0 099.8 -39.2 605.8570 175.3898 81.45934 shoemake 2024-08-13 20:21:30 
TT  70 079.2 -28.9 079.2 -28.9 1.10E-01 002.3 102.1 -39.3 425.8870 128.2344 90.84499 shoemake 2024-08-14 22:27:04 
TT 100 079.8 -29.9 079.8 -29.9 1.11E-01 011.6 102.0 -40.4 2222.607 535.3644 36.31260 shoemake 2025-07-09 21:51:07 
TT 160 079.2 -29.1 079.2 -29.1 3.55E-02 007.1 101.9 -39.5 427.4480 114.9809 15.22610 shoemake 2025-07-11 22:33:20 
TT 210 081.0 -27.7 081.0 -27.7 3.25E-02 007.4 104.6 -39.1 404.4700 127.9608 17.90709 shoemake 2025-07-17 16:13:03 
