PKSF- 7.0 sun compass orientation
      0 122.8  36.0   0.0   0.0   1.0
NRM    110.3 -68.1 110.3 -68.1 2.81E-02 005.8 030.8 -44.7 150.4091 233.3717 63.25669 shoemake 2024-07-17 18:15:57 
NRM    034.3 -36.0 034.3 -36.0 1.91E-02 049.8 001.2   0.0 87.46483 779.2033 2132.755 shoemake 2024-07-18 21:36:59 
NRM    103.4 -70.9 103.4 -70.9 2.86E-02 002.7 025.6 -44.5 87.27414 95.89679 43.76749 shoemake 2024-07-19 12:49:40 
LT1 77 103.5 -71.7 103.5 -71.7 2.84E-02 002.7 024.8 -45.0 70.01939 110.7380 20.20054 shoemake 2024-08-02 23:29:10 
LT2 77 093.0 -75.3 093.0 -75.3 2.84E-02 003.5 018.2 -45.1 66.04285 163.0199 18.68128 shoemake 2024-08-13 20:01:26 
TT  70 102.0 -72.6 102.0 -72.6 2.55E-02 000.9 023.4 -45.2 22.20060 32.48353 16.31136 shoemake 2024-08-14 22:07:32 
TT 100 088.2 -78.1 088.2 -78.1 2.62E-02 007.0 014.2 -46.3 101.8805 309.1113 13.25376 shoemake 2025-07-09 21:31:26 
TT 160 073.0 -79.7 073.0 -79.7 1.92E-02 008.3 009.5 -45.7 64.85574 273.2471 7.527705 shoemake 2025-07-11 22:13:39 
TT 210 057.9 -78.9 057.9 -78.9 1.57E-02 004.5 006.5 -43.7 39.28582 120.5799 7.517887 shoemake 2025-07-17 15:53:18 
