PKSF- 2B 
         83.5  64.0   0.0   0.0   1.0
NRM    006.0  50.8 006.0  50.8 5.40E-02 002.8 162.0  63.3 161.9757 202.1575 49.56737 shoemake 2024-07-17 14:37:21 
NRM    009.1  49.3 009.1  49.3 5.53E-02 003.0 156.4  63.6 198.2417 208.4823 55.55477 shoemake 2024-07-18 19:04:45 
LT1 77 006.2  50.8 006.2  50.8 5.26E-02 001.5 161.7  63.3 43.77961 127.2636 23.44618 shoemake 2024-08-02 20:59:49 
LT2 77 007.2  50.4 007.2  50.4 5.27E-02 001.7 160.1  63.4 50.04565 142.6154 25.02105 shoemake 2024-08-13 17:43:51 
TT  70 005.4  50.9 005.4  50.9 4.33E-02 002.1 162.8  63.4 44.72845 149.0517 19.12518 shoemake 2024-08-14 19:50:40 
TT 100 005.5  50.3 005.5  50.3 4.54E-02 003.0 162.2  63.9 99.69277 218.6412 13.70563 shoemake 2025-07-09 19:16:08 
TT 160 006.7  47.0 006.7  47.0 2.89E-02 004.0 156.6  66.5 88.77638 185.5203 9.922007 shoemake 2025-07-11 19:58:13 
TT 210 009.2  43.8 009.2  43.8 1.55E-02 002.6 148.1  68.0 42.24913 58.31201 5.630171 shoemake 2025-07-17 13:37:06 
TT 240 009.1  44.9 009.1  44.9 1.14E-02 003.8 150.1  67.2 37.31491 67.08797 6.352308 shoemake 2025-07-21 13:29:13 
TT 270 021.7  39.3 021.7  39.3 5.65E-03 004.1 126.3  62.8 31.45746 25.93728 3.216310 shoemake 2025-07-23 14:08:43 
TT 300 024.1  39.4 024.1  39.4 5.19E-03 002.4 125.3  61.0 16.97567 14.36191 1.858592 shoemake 2025-07-25 11:32:19 
TT 330 035.1  30.2 035.1  30.2 1.95E-03 003.0 106.5  53.1 9.385752 4.734652 0.536136 shoemake 2025-07-29 15:34:02 
TT 360 034.8  27.6 034.8  27.6 1.96E-03 001.3 102.0  53.1 3.509452 3.198907 0.566848 shoemake 2025-07-31 20:07:02 
TT 390 035.6  27.3 035.6  27.3 1.91E-03 003.8 101.6  52.4 11.96169 4.099291 0.723885 shoemake 2025-08-03 14:32:54 
TT 420 035.2  28.4 035.2  28.4 1.65E-03 002.7 103.4  52.8 7.088929 3.236060 0.671357 shoemake 2025-08-05 13:38:06 
TT 450 034.3  31.5 034.3  31.5 7.50E-04 001.7 108.5  53.8 1.770037 1.502722 0.315422 shoemake 2025-08-06 20:22:22 
