PKSF- 8.0 sun compass orientation
      0  49.0  28.0   0.0   0.0   1.0
NRM    081.9 -22.8 081.9 -22.8 1.26E-01 003.0 108.6 -35.3 510.9214 334.2867 277.9846 shoemake 2024-07-17 18:31:50 
NRM    079.8 -24.6 079.8 -24.6 1.27E-01 002.5 105.4 -35.9 436.2052 286.3749 243.5420 shoemake 2024-07-18 21:50:47 
LT1 77 085.9 -21.0 085.9 -21.0 1.26E-01 002.0 113.7 -35.4 395.2425 220.2979 63.22797 shoemake 2024-08-02 23:39:41 
LT2 77 082.5 -23.0 082.5 -23.0 1.26E-01 006.1 109.0 -35.7 1262.493 475.9307 94.19118 shoemake 2024-08-13 20:13:51 
TT  70 083.9 -22.3 083.9 -22.3 1.18E-01 004.4 110.9 -35.7 843.8911 317.1980 68.60815 shoemake 2024-08-14 22:19:37 
TT 100 084.4 -22.8 084.4 -22.8 1.21E-01 007.3 111.1 -36.4 1441.406 609.9276 61.35066 shoemake 2025-07-09 21:43:46 
TT 160 085.1 -22.2 085.1 -22.2 4.16E-02 007.3 112.1 -36.1 487.3575 218.0732 21.94473 shoemake 2025-07-11 22:25:53 
TT 210 085.5 -20.9 085.5 -20.9 3.87E-02 002.7 113.3 -35.2 161.6647 95.38542 21.61396 shoemake 2025-07-17 16:05:40 
