PKSF- 8.0 sun compass orientation
      0  49.0  28.0   0.0   0.0   1.0
NRM    083.8 -21.2 083.8 -21.2 8.93E-02 012.5 111.4 -34.7 1809.962 778.9611 201.3500 shoemake 2024-07-17 18:26:58 
NRM    090.4 -17.4 090.4 -17.4 9.21E-02 003.4 120.2 -34.1 460.3107 269.4962 184.5915 shoemake 2024-07-18 21:48:04 
LT1 77 087.0 -18.7 087.0 -18.7 9.18E-02 002.0 116.0 -33.8 291.6833 145.5555 51.12544 shoemake 2024-08-02 23:37:38 
LT2 77 085.9 -19.3 085.9 -19.3 9.21E-02 004.1 114.6 -33.9 585.1300 290.2930 66.88103 shoemake 2024-08-13 20:11:22 
TT  70 087.1 -18.7 087.1 -18.7 8.69E-02 002.0 116.1 -33.9 269.6528 153.2101 55.27059 shoemake 2024-08-14 22:17:12 
TT 100 086.6 -20.1 086.6 -20.1 8.85E-02 010.9 114.8 -34.9 1542.456 724.5932 32.47218 shoemake 2025-07-09 21:41:20 
TT 160 091.2 -16.9 091.2 -16.9 3.36E-02 008.1 121.3 -33.9 404.4439 254.2463 12.05459 shoemake 2025-07-11 22:23:27 
TT 210 092.1 -16.4 092.1 -16.4 3.10E-02 010.6 122.5 -33.8 485.7274 323.6502 14.90243 shoemake 2025-07-17 16:03:14 
