PKSF- 0E 
         77.5  32.0   0.0   0.0   1.0
NRM    286.4  23.5 286.4  23.5 2.81E-01 009.9 281.8  35.1 3882.560 4917.146 3854.877 shoemake 2024-07-17 21:00:53 
NRM    289.5  23.1 289.5  23.1 3.32E-01 004.1 285.0  36.4 2137.197 943.3901 578.7746 shoemake 2024-07-18 22:37:39 
LT1 77 281.6  24.8 281.6  24.8 2.37E-01 009.0 276.6  33.6 3453.452 2945.998 330.4022 shoemake 2024-08-03 00:15:58 
LT1 77 289.6  22.1 289.6  22.1 2.76E-01 008.7 285.7  35.6 2848.376 4870.432 3247.240 shoemake 2024-08-05 12:09:49 
LT1 77 345.3 -31.4 345.3 -31.4 9.47E-02 072.8 358.3  00.6 674.6506 26058.41 20327.00 shoemake 2024-08-05 14:07:31 
LT1 77 290.3  22.3 290.3  22.3 3.25E-01 003.3 286.2  36.1 1734.415 687.9515 102.8064 shoemake 2024-08-05 14:35:22 
LT2 77 287.2  24.0 287.2  24.0 3.20E-01 002.7 282.1  35.9 1394.619 536.0080 206.4460 shoemake 2024-08-13 20:56:23 
TT  70 286.5  24.5 286.5  24.5 2.73E-01 005.3 281.2  36.0 2499.050 480.0682 173.4957 shoemake 2024-08-14 23:01:16 
TT 100 286.1  25.5 286.1  25.5 2.81E-01 008.4 280.1  36.5 4034.105 897.1387 86.85816 shoemake 2025-07-09 22:25:38 
TT 160 284.4  26.0 284.4  26.0 1.93E-01 004.0 278.1  36.1 1311.241 349.3548 45.31706 shoemake 2025-07-11 23:07:54 
TT 210 288.7  23.8 288.7  23.8 9.27E-02 005.4 283.7  36.5 832.5588 302.1844 69.48127 shoemake 2025-07-17 16:47:41 
TT 240 286.0  25.4 286.0  25.4 8.84E-02 005.5 280.1  36.4 822.1001 261.8793 83.49588 shoemake 2025-07-21 16:40:18 
TT 270 286.7  26.0 286.7  26.0 2.58E-02 004.5 280.2  37.3 192.8533 61.29924 20.85525 shoemake 2025-07-23 17:19:32 
TT 300 292.7  22.5 292.7  22.5 2.24E-02 001.3 288.4  37.4 40.63300 36.89307 16.08350 shoemake 2025-07-25 14:42:59 
TT 330 293.3  23.1 293.3  23.1 1.12E-02 003.5 288.6  38.3 62.09566 33.87791 9.969898 shoemake 2025-07-30 19:41:49 
TT 360 293.6  23.1 293.6  23.1 1.08E-02 005.1 288.9  38.4 90.72907 33.41882 5.326626 shoemake 2025-07-31 23:06:41 
TT 390 295.1  22.4 295.1  22.4 1.06E-02 006.5 290.9  38.6 111.8016 44.49310 6.061267 shoemake 2025-08-03 17:43:26 
TT 420 296.1  21.3 296.1  21.3 9.35E-03 002.1 292.6  38.1 30.85412 16.16473 4.141366 shoemake 2025-08-05 16:48:58 
TT 450 302.1  18.2 302.1  18.2 2.18E-03 046.7 300.8  38.3 93.66923 157.0354 144.1979 shoemake 2025-08-07 15:02:38 
TT 450 297.7  20.6 297.7  20.6 4.38E-03 001.7 294.7  38.3 11.79231 6.371694 2.601979 shoemake 2025-08-07 18:04:22 
