PKSF- 1.0 sun compass orientation
      0 169.4  55.0   0.0   0.0   1.0
NRM    166.0 -40.3 166.0 -40.3 4.34E-02 001.5 053.9 -19.5 58.51045 76.16989 71.18231 shoemake 2024-07-17 14:20:24 
NRM    163.1 -45.1 163.1 -45.1 4.38E-02 002.3 048.3 -20.1 104.1260 99.48354 119.3850 shoemake 2024-07-18 18:42:39 
LT1 77 161.0 -47.3 161.0 -47.3 4.10E-02 006.6 045.5 -19.9 355.6487 314.4540 47.10443 shoemake 2024-08-02 20:43:03 
LT2 77 164.5 -42.9 164.5 -42.9 4.10E-02 003.0 050.9 -19.8 160.2416 139.9352 58.91589 shoemake 2024-08-13 17:23:43 
TT  70 163.7 -41.1 163.7 -41.1 3.04E-02 004.7 052.2 -18.4 204.7634 144.7041 35.08234 shoemake 2024-08-14 19:31:07 
TT 100 164.6 -41.0 164.6 -41.0 3.14E-02 005.6 052.7 -18.9 247.1844 181.3926 28.22876 shoemake 2025-07-09 18:56:32 
TT 160 159.0 -46.1 159.0 -46.1 2.82E-02 002.7 045.9 -18.1 86.46174 103.3763 20.69526 shoemake 2025-07-11 19:38:34 
TT 210 154.4 -42.0 154.4 -42.0 1.87E-02 006.2 047.5 -13.1 166.7419 120.1370 10.04040 shoemake 2025-07-17 13:17:16 
