PKSF- 1.0 sun compass orientation
      0 169.4  55.0   0.0   0.0   1.0
NRM    164.6 -47.4 164.6 -47.4 3.19E-02 002.0 046.7 -22.1 62.47358 83.61212 51.37079 shoemake 2024-07-17 14:16:07 
NRM    172.4 -40.9 172.4 -40.9 3.03E-02 021.4 055.8 -24.1 1070.812 506.1721 69.79716 shoemake 2024-07-18 18:37:03 
NRM    164.6 -48.8 164.6 -48.8 3.23E-02 002.6 045.4 -22.7 101.0566 97.35015 60.46115 shoemake 2024-07-19 12:03:49 
LT1 77 165.6 -46.4 165.6 -46.4 3.04E-02 007.8 048.0 -22.2 323.3224 264.6256 38.13938 shoemake 2024-08-02 20:38:47 
LT2 77 167.4 -43.6 167.4 -43.6 3.02E-02 007.3 051.3 -22.0 305.0826 232.0756 40.47698 shoemake 2024-08-13 17:18:37 
TT  70 166.1 -42.2 166.1 -42.2 2.56E-02 003.0 052.2 -20.5 117.1967 63.49965 26.54823 shoemake 2024-08-14 19:26:10 
TT 100 166.5 -43.1 166.5 -43.1 2.66E-02 006.2 051.4 -21.2 231.3353 175.4493 21.77009 shoemake 2025-07-09 18:51:33 
TT 160 163.4 -46.1 163.4 -46.1 2.53E-02 004.0 047.5 -20.7 141.7845 107.0302 13.22019 shoemake 2025-07-11 19:33:35 
TT 210 157.9 -44.2 157.9 -44.2 1.71E-02 000.9 047.1 -16.4 34.87557 15.34386 7.100065 shoemake 2025-07-17 13:12:15 
