PKSF- 4.0 sun compass orientation
      0 121.0  48.0   0.0   0.0   1.0
NRM    146.4 -26.8 146.4 -26.8 1.17E-02 003.1 084.4 -35.9 56.89601 20.53885 18.72419 shoemake 2024-07-17 15:34:40 
NRM    149.7 -23.9 149.7 -23.9 1.19E-02 002.9 089.5 -36.7 51.33449 28.55008 21.09632 shoemake 2024-07-18 20:19:29 
LT1 77 147.7 -25.8 147.7 -25.8 1.25E-02 003.8 086.2 -36.3 81.78677 10.56342 7.353243 shoemake 2024-08-02 22:23:59 
LT2 77 145.8 -28.6 145.8 -28.6 1.26E-02 003.5 082.2 -36.4 74.90992 19.75300 6.965036 shoemake 2024-08-13 18:51:24 
TT  70 148.5 -24.6 148.5 -24.6 1.20E-02 003.5 088.0 -36.2 73.46850 10.18274 8.769645 shoemake 2024-08-14 20:57:46 
TT 100 147.4 -27.6 147.4 -27.6 1.22E-02 010.0 084.2 -37.1 214.2132 28.12885 6.718343 shoemake 2025-07-09 20:22:34 
TT 160 145.2 -28.8 145.2 -28.8 9.57E-03 009.4 081.6 -36.1 155.8448 25.10869 7.550619 shoemake 2025-07-11 21:04:44 
TT 210 142.1 -30.1 142.1 -30.1 8.08E-03 003.7 078.5 -34.5 51.94894 10.45111 10.25467 shoemake 2025-07-17 14:43:49 
