PKSF- 3.0 sun compass orientation
      0  83.3  73.0   0.0   0.0   1.0
NRM    231.2   4.6 231.2   4.6 1.42E-01 002.1 254.7 -28.9 412.3208 661.7701 235.4191 shoemake 2024-07-17 15:09:13 
NRM    233.7  -2.0 233.7  -2.0 1.46E-01 003.3 262.7 -28.8 733.8086 295.4937 307.0778 shoemake 2024-07-18 19:46:18 
LT1 77 233.0  -4.4 233.0  -4.4 1.43E-01 009.3 265.1 -30.2 2329.723 482.3276 97.56454 shoemake 2024-08-02 21:58:47 
LT1 77 233.3  -3.7 233.3  -3.7 1.45E-01 005.6 264.4 -29.7 1397.057 525.0322 93.35916 shoemake 2024-08-05 11:48:04 
LT2 77 232.6  -1.2 232.6  -1.2 1.46E-01 003.9 261.5 -29.6 980.5543 202.5032 104.5121 shoemake 2024-08-13 18:21:25 
TT  70 232.8  -4.8 232.8  -4.8 1.34E-01 003.7 265.5 -30.5 860.0962 107.1925 106.5249 shoemake 2024-08-14 20:28:24 
TT 100 232.0  -3.1 232.0  -3.1 1.38E-01 007.6 263.3 -30.8 1829.583 257.5994 70.29398 shoemake 2025-07-09 19:53:03 
TT 160 229.1  -8.5 229.1  -8.5 1.01E-01 004.5 268.5 -35.1 794.9779 150.5910 58.83569 shoemake 2025-07-11 20:35:05 
TT 210 228.6  -7.1 228.6  -7.1 9.95E-02 004.1 266.7 -35.2 703.5122 158.0984 64.34913 shoemake 2025-07-17 14:14:14 
