PKSF- 2.0 sun compass orientation
      0  82.0  64.0   0.0   0.0   1.0
NRM    330.7  63.0 330.7  63.0 6.58E-02 003.7 195.0  50.4 158.3655 388.6125 93.65676 shoemake 2024-07-17 14:56:25 
NRM    337.7  64.1 337.7  64.1 6.73E-02 003.8 189.8  50.8 236.1897 363.3190 107.5136 shoemake 2024-07-18 19:29:38 
LT1 77 344.4  65.6 344.4  65.6 6.45E-02 005.9 184.9  50.1 54.21247 662.0965 40.52151 shoemake 2024-08-02 21:46:07 
LT2 77 340.6  65.0 340.6  65.0 6.38E-02 007.4 187.5  50.3 85.47584 824.7646 39.30059 shoemake 2024-08-13 18:06:28 
TT  70 330.6  63.8 330.6  63.8 5.24E-02 002.9 194.4  49.7 64.25984 254.4623 43.05706 shoemake 2024-08-14 20:12:42 
TT 100 338.9  64.4 338.9  64.4 5.42E-02 007.8 188.9  50.7 122.0558 734.1387 33.22903 shoemake 2025-07-09 19:38:16 
TT 160 332.4  64.1 332.4  64.1 3.27E-02 005.4 193.1  49.8 75.12171 302.3651 29.70444 shoemake 2025-07-11 20:20:21 
TT 210 329.4  63.1 329.4  63.1 1.50E-02 004.9 195.7  50.0 38.31154 122.7998 18.82454 shoemake 2025-07-17 13:59:22 
