PKSF- 9.0 sun compass orientation
      0  53.0  28.0   0.0   0.0   1.0
NRM    033.3 -57.4 033.3 -57.4 7.53E-02 034.1 042.4 -41.2 3538.249 3673.985 169.6724 shoemake 2024-07-17 18:45:35 
NRM    027.0 -51.5 027.0 -51.5 8.95E-02 005.1 042.6 -34.3 570.3283 519.1095 222.7258 shoemake 2024-07-18 22:04:36 
NRM    319.4 -27.7 319.4 -27.7 4.26E-02 062.9 356.8   0.3 438.8263 6401.020 5544.777 shoemake 2024-07-19 13:01:06 
NRM    035.4 -48.0 035.4 -48.0 8.96E-02 002.5 050.4 -34.1 266.4819 228.2995 223.4267 shoemake 2024-07-19 15:56:42 
LT1 77 039.9 -47.1 039.9 -47.1 8.78E-02 005.7 054.1 -35.1 743.2693 428.0815 184.9031 shoemake 2024-08-02 23:50:21 
LT2 77 039.9 -46.9 039.9 -46.9 8.78E-02 001.7 054.2 -34.9 181.0956 76.79625 189.5495 shoemake 2024-08-13 20:26:29 
TT  70 031.7 -50.5 031.7 -50.5 8.46E-02 001.7 046.3 -34.9 75.49493 167.7835 182.8987 shoemake 2024-08-14 22:31:57 
TT 100 042.0 -47.3 042.0 -47.3 8.60E-02 009.5 055.4 -36.0 1224.842 741.7724 138.8938 shoemake 2025-07-09 21:56:08 
TT 160 049.9 -48.4 049.9 -48.4 5.68E-02 007.4 060.0 -40.0 665.2367 315.9627 76.81277 shoemake 2025-07-11 22:38:21 
TT 210 045.8 -50.5 045.8 -50.5 5.08E-02 005.6 055.5 -40.1 451.3602 215.0815 60.86856 shoemake 2025-07-17 16:18:04 
