PKSF- 0D 
         77.5  32.0   0.0   0.0   1.0
NRM    288.6  22.4 288.6  22.4 3.21E-01 007.0 284.6  35.3 3977.632 5141.330 4659.763 shoemake 2024-07-17 20:57:54 
NRM    293.3  21.4 293.3  21.4 3.85E-01 004.0 289.8  36.8 2078.703 2036.210 577.5055 shoemake 2024-07-18 22:34:56 
LT1 77 287.0  22.9 287.0  22.9 2.56E-01 008.6 282.7  34.9 3560.720 2725.476 299.0625 shoemake 2024-08-03 00:13:52 
LT1 77 287.7  23.9 287.7  23.9 3.16E-01 006.5 282.6  36.0 2353.333 5484.235 4346.741 shoemake 2024-08-05 12:06:52 
LT1 77 345.3 -31.7 345.3 -31.7 1.18E-01 071.9 358.3  00.3 869.8472 29763.60 24661.74 shoemake 2024-08-05 14:04:34 
LT1 77 291.7  22.5 291.7  22.5 3.83E-01 003.7 287.4  36.9 2188.467 1209.580 143.4905 shoemake 2024-08-05 14:31:55 
LT2 77 292.1  22.4 292.1  22.4 3.75E-01 002.8 288.0  37.1 1700.609 836.9678 225.6545 shoemake 2024-08-13 20:53:56 
TT  70 288.3  24.1 288.3  24.1 3.22E-01 003.9 283.1  36.6 2096.091 662.3008 193.4824 shoemake 2024-08-14 22:58:50 
TT 100 289.2  24.0 289.2  24.0 3.33E-01 005.6 284.1  36.9 3149.708 970.8916 196.7802 shoemake 2025-07-09 22:23:12 
TT 160 284.0  27.3 284.0  27.3 2.41E-01 007.1 276.9  36.9 2952.313 572.8008 103.6034 shoemake 2025-07-11 23:05:28 
TT 210 288.0  24.8 288.0  24.8 1.18E-01 006.3 282.3  37.0 1240.714 413.1716 62.42154 shoemake 2025-07-17 16:45:15 
TT 240 292.1  22.4 292.1  22.4 1.14E-01 006.7 287.9  37.1 1234.698 538.0613 90.10252 shoemake 2025-07-21 16:37:49 
TT 270 293.1  22.4 293.1  22.4 3.08E-02 005.6 288.9  37.6 279.7622 119.2577 23.67143 shoemake 2025-07-23 17:17:04 
TT 300 290.1  24.5 290.1  24.5 2.71E-02 003.3 284.5  37.8 145.0707 64.32092 17.52975 shoemake 2025-07-25 14:40:29 
TT 330 295.3  22.3 295.3  22.3 1.33E-02 005.7 291.2  38.6 118.4208 62.24103 11.41860 shoemake 2025-07-30 19:39:31 
TT 360 297.7  21.0 297.7  21.0 1.30E-02 005.5 294.4  38.7 114.1104 52.76560 6.765627 shoemake 2025-07-31 23:04:19 
TT 390 292.4  24.4 292.4  24.4 1.29E-02 007.0 286.7  38.9 150.6345 47.96683 6.981188 shoemake 2025-08-03 17:40:57 
TT 420 299.6  20.3 299.6  20.3 1.16E-02 007.0 296.8  38.9 126.0681 66.08379 4.545518 shoemake 2025-08-05 16:46:28 
TT 450 297.8  20.4 297.8  20.4 5.51E-03 002.4 295.0  38.2 20.61520 11.72703 2.347229 shoemake 2025-08-07 15:00:06 
