PKSF- 2.0 sun compass orientation
      0  82.0  64.0   0.0   0.0   1.0
NRM    342.9  62.9 342.9  62.9 5.14E-02 002.8 186.8  52.6 130.6691 211.3693 62.99959 shoemake 2024-07-17 14:52:11 
NRM    343.2  62.4 343.2  62.4 5.24E-02 004.8 186.8  53.1 173.1142 395.5982 83.55211 shoemake 2024-07-18 19:24:06 
LT1 77 344.0  63.1 344.0  63.1 4.89E-02 005.0 185.9  52.5 94.58209 413.3870 29.67097 shoemake 2024-08-02 21:41:54 
LT2 77 337.4  62.6 337.4  62.6 4.85E-02 001.2 190.9  52.1 44.03301 90.12391 33.07296 shoemake 2024-08-13 18:01:20 
TT  70 335.6  62.1 335.6  62.1 3.53E-02 001.0 192.5  52.3 37.57333 51.59620 19.01984 shoemake 2024-08-14 20:07:43 
TT 100 333.1  61.3 333.1  61.3 3.68E-02 002.3 194.8  52.5 76.33076 130.0985 13.60895 shoemake 2025-07-09 19:33:19 
TT 160 331.3  59.8 331.3  59.8 1.64E-02 005.8 197.3  53.3 60.40861 157.7247 5.163988 shoemake 2025-07-11 20:15:23 
TT 210 323.2  52.7 323.2  52.7 6.10E-03 009.4 211.2  55.7 56.87737 83.89074 2.840493 shoemake 2025-07-17 13:54:25 
