PKSF- 4.0 sun compass orientation
      0 121.0  48.0   0.0   0.0   1.0
NRM    149.5 -35.6 149.5 -35.6 1.27E-02 002.6 076.4 -42.7 47.92424 29.19802 15.85670 shoemake 2024-07-17 15:39:00 
NRM    148.3 -39.7 148.3 -39.7 1.29E-02 004.4 070.8 -43.6 89.12973 42.75082 20.44419 shoemake 2024-07-18 20:25:05 
LT1 77 152.1 -32.1 152.1 -32.1 1.35E-02 001.0 082.0 -42.9 18.80350 10.43175 10.90485 shoemake 2024-08-02 22:28:17 
LT2 77 149.9 -35.4 149.9 -35.4 1.35E-02 001.2 076.8 -42.9 23.81917 11.87849 9.971812 shoemake 2024-08-13 18:56:25 
TT  70 150.4 -34.9 150.4 -34.9 1.29E-02 003.7 077.7 -43.0 81.17736 15.20166 6.722409 shoemake 2024-08-14 21:02:39 
TT 100 150.7 -35.3 150.7 -35.3 1.33E-02 004.0 077.4 -43.4 90.60337 23.59088 5.269304 shoemake 2025-07-09 20:27:36 
TT 160 149.8 -34.1 149.8 -34.1 1.02E-02 003.7 078.4 -42.2 64.83444 16.52355 3.741767 shoemake 2025-07-11 21:09:43 
TT 210 142.7 -40.6 142.7 -40.6 8.14E-03 004.3 067.2 -40.1 60.12154 17.47068 6.207645 shoemake 2025-07-17 14:48:52 
