PKSF- 3K 
         78.0  73.0   0.0   0.0   1.0
NRM    230.7  00.0 230.7  00.0 1.28E-01 002.2 261.5 -25.8 441.7638 358.4757 256.0942 shoemake 2024-07-17 15:17:43 
NRM    229.8  02.6 229.8  02.6 1.31E-01 002.2 258.5 -25.8 342.4399 238.3258 320.5565 shoemake 2024-07-18 19:57:22 
LT1 77 229.8 -00.5 229.8 -00.5 1.29E-01 001.4 261.7 -26.8 236.4002 106.1274 201.7546 shoemake 2024-08-02 22:07:14 
LT2 77 228.7  01.8 228.7  01.8 1.28E-01 007.8 258.8 -27.2 1702.804 419.1455 173.4047 shoemake 2024-08-13 18:31:29 
TT  70 229.4 -02.8 229.4 -02.8 1.18E-01 003.7 264.0 -28.0 745.4603 138.1845 171.8920 shoemake 2024-08-14 20:38:16 
TT 100 226.7  03.6 226.7  03.6 1.21E-01 006.8 256.1 -28.3 1383.340 397.8724 138.8575 shoemake 2025-07-09 20:02:57 
TT 160 224.2 -06.0 224.2 -06.0 7.67E-02 008.8 265.8 -33.8 1182.153 148.7976 86.09486 shoemake 2025-07-11 20:45:03 
TT 210 224.3 -08.0 224.3 -08.0 7.24E-02 009.0 268.1 -34.3 1135.876 107.1655 101.7389 shoemake 2025-07-17 14:24:07 
TT 240 229.8 -15.6 229.8 -15.6 1.17E-02 008.2 278.3 -30.7 164.8146 37.22556 19.81389 shoemake 2025-07-21 14:16:23 
TT 270 230.9 -15.1 230.9 -15.1 9.08E-03 006.7 278.1 -29.6 105.2529 18.57587 9.515693 shoemake 2025-07-23 14:55:53 
TT 300 263.4 -19.4 263.4 -19.4 1.46E-03 014.7 290.1 -00.5 35.52592 13.91089 1.366290 shoemake 2025-07-25 12:19:16 
TT 330 278.1 -17.0 278.1 -17.0 1.18E-03 002.5 292.8  13.4 4.345997 2.424507 1.864863 shoemake 2025-07-30 17:25:34 
TT 360 318.3 -13.3 318.3 -13.3 4.39E-04 004.2 314.2  48.0 1.856396 1.687061 3.142802 shoemake 2025-07-31 20:51:23 
TT 390 324.8 -09.0 324.8 -09.0 3.70E-04 006.2 317.1  55.4 2.744012 3.024085 0.180598 shoemake 2025-08-03 15:19:56 
TT 420 324.7 -12.5 324.7 -12.5 3.39E-04 005.8 320.8  52.7 2.174189 2.698311 0.802831 shoemake 2025-08-05 14:25:09 
TT 450 327.4 -06.3 327.4 -06.3 3.52E-04 002.8 317.5  59.2 1.221876 1.318499 0.210420 shoemake 2025-08-06 21:08:58 
