PKSF- 0K 
         77.5  32.0   0.0   0.0   1.0
NRM    287.5  19.8 287.5  19.8 3.05E-01 006.7 285.2  32.5 3102.318 5360.963 3885.711 shoemake 2024-07-17 21:19:00 
NRM    285.9  22.5 285.9  22.5 3.62E-01 007.3 282.0  33.9 4350.114 1588.646 797.4917 shoemake 2024-07-18 22:54:17 
NRM    288.7  20.5 288.7  20.5 3.63E-01 003.8 285.9  33.8 1976.677 1275.565 854.6466 shoemake 2024-07-19 15:13:59 
LT1 77 287.3  21.0 287.3  21.0 2.42E-01 011.6 284.2  33.5 4643.217 3002.012 360.5419 shoemake 2024-08-03 00:28:55 
LT1 77 290.6  19.0 290.6  19.0 2.95E-01 007.8 288.7  33.5 2428.741 5943.890 3065.270 shoemake 2024-08-05 12:18:54 
LT1 77 347.8 -31.3 347.8 -31.3 7.62E-02 076.6 000.4  00.7 756.2429 30164.60 20859.97 shoemake 2024-08-05 14:16:35 
LT1 77 287.0  20.9 287.0  20.9 3.55E-01 002.2 284.0  33.2 1126.970 821.3342 229.3730 shoemake 2024-08-05 14:48:39 
LT2 77 287.0  21.3 287.0  21.3 3.45E-01 005.1 283.8  33.6 2964.706 971.6593 272.3036 shoemake 2024-08-13 21:11:31 
TT  70 289.6  19.1 289.6  19.1 3.04E-01 003.2 287.7  33.0 1569.574 650.2508 225.7687 shoemake 2024-08-14 23:16:04 
TT 100 291.3  19.0 291.3  19.0 3.11E-01 009.9 289.4  33.8 5086.453 1905.593 273.0465 shoemake 2025-07-09 22:40:28 
TT 160 284.9  22.3 284.9  22.3 1.77E-01 003.9 281.2  33.3 1141.927 416.7538 138.6584 shoemake 2025-07-11 23:22:43 
TT 210 291.7  18.8 291.7  18.8 7.89E-02 005.2 289.9  33.8 636.9740 354.7541 28.90997 shoemake 2025-07-17 17:02:36 
TT 240 291.9  19.0 291.9  19.0 6.52E-02 007.4 289.9  34.1 759.0628 405.1618 33.54864 shoemake 2025-07-21 16:55:13 
TT 270 292.6  19.5 292.6  19.5 3.10E-02 007.9 290.3  34.9 390.9182 179.0700 22.83082 shoemake 2025-07-23 17:34:33 
TT 300 292.3  19.2 292.3  19.2 2.36E-02 002.3 290.3  34.5 77.79830 59.91707 12.56387 shoemake 2025-07-25 14:57:58 
TT 330 292.8  20.3 292.8  20.3 1.51E-02 008.4 290.0  35.7 201.8935 98.43549 8.795778 shoemake 2025-07-30 19:55:54 
TT 360 296.2  18.7 296.2  18.7 1.30E-02 007.8 294.4  35.9 159.4198 80.45085 8.498175 shoemake 2025-07-31 23:20:36 
TT 390 298.2  17.6 298.2  17.6 1.12E-02 008.1 297.2  36.0 138.4469 79.39498 7.221398 shoemake 2025-08-03 17:58:26 
TT 420 300.0  16.2 300.0  16.2 9.18E-03 002.5 299.8  35.6 35.68926 17.72068 6.696322 shoemake 2025-08-05 17:03:52 
TT 450 297.3  18.0 297.3  18.0 5.51E-03 005.4 295.9  35.8 44.75332 26.10109 3.967150 shoemake 2025-08-07 15:17:30 
