PKSF- 6.0 sun compass orientation
      0  30.6  38.0   0.0   0.0   1.0
NRM    040.2   2.6 040.2   2.6 1.23E-01 008.9 099.2  -3.8 1858.985 299.5103 347.4980 shoemake 2024-07-17 17:43:10 
NRM    031.9  -4.4 031.9  -4.4 1.25E-01 001.8 088.3  -4.3 231.0824 66.37089 302.2222 shoemake 2024-07-18 21:06:26 
LT1 77 031.2  -4.8 031.2  -4.8 1.23E-01 001.4 087.5  -4.1 274.2363 270.0499 148.4572 shoemake 2024-08-02 23:05:50 
LT2 77 035.0  -1.7 035.0  -1.7 1.23E-01 003.6 092.4  -4.0 769.5249 80.25568 131.9215 shoemake 2024-08-13 19:33:51 
TT  70 039.7   1.8 039.7   1.8 1.09E-01 001.1 098.3  -4.2 142.3495 85.35303 137.1465 shoemake 2024-08-14 21:40:35 
TT 100 033.4  -3.4 033.4  -3.4 1.10E-01 011.5 090.1  -4.4 2244.285 44.73141 129.4719 shoemake 2025-07-09 21:04:15 
TT 160 031.4  -4.7 031.4  -4.7 8.51E-02 011.0 087.7  -4.2 1657.677 57.74499 95.75552 shoemake 2025-07-11 21:46:28 
TT 210 031.5  -4.2 031.5  -4.2 2.24E-02 005.8 088.1  -3.9 228.0594 22.13441 22.19839 shoemake 2025-07-17 15:26:00 
