PKSF- 0.0 sun compass orientation
      0  82.4  32.0   0.0   0.0   1.0
NRM    294.1  17.7 294.1  17.7 2.79E-01 007.0 288.0  31.5 3205.120 4242.509 3125.549 shoemake 2024-07-17 21:22:01 
NRM    293.0  18.6 293.0  18.6 3.23E-01 003.7 286.4  31.7 1666.465 899.8644 1011.696 shoemake 2024-07-18 22:57:04 
LT1 77 292.0  20.7 292.0  20.7 2.36E-01 008.2 284.1  33.0 3045.530 2877.741 551.7006 shoemake 2024-08-03 00:31:05 
LT1 77 295.1  18.6 295.1  18.6 2.71E-01 009.0 288.4  32.8 2730.832 5176.066 2287.600 shoemake 2024-08-05 12:21:54 
LT1 77 352.0 -32.0 352.0 -32.0 6.12E-02 077.7 359.7   0.0 343.8867 27861.17 17804.25 shoemake 2024-08-05 14:19:34 
LT1 77 292.7  18.8 292.7  18.8 3.13E-01 002.7 286.0  31.8 1308.782 665.8429 241.4419 shoemake 2024-08-05 14:52:07 
LT2 77 293.1  19.1 293.1  19.1 3.12E-01 002.1 286.2  32.2 980.5107 559.0485 228.3140 shoemake 2024-08-13 21:13:58 
TT  70 297.6  16.0 297.6  16.0 2.74E-01 001.8 292.4  31.8 770.5746 339.2018 209.7850 shoemake 2024-08-14 23:18:28 
TT 100 294.4  18.4 294.4  18.4 2.80E-01 007.4 287.9  32.3 3444.829 1148.088 170.5173 shoemake 2025-07-09 22:42:57 
TT 160 291.9  19.7 291.9  19.7 1.58E-01 004.7 284.7  32.1 1233.398 400.2156 78.82006 shoemake 2025-07-11 23:25:11 
TT 210 294.4  19.0 294.4  19.0 6.91E-02 006.9 287.5  32.8 776.0315 322.8518 53.29180 shoemake 2025-07-17 17:05:06 
