PKS- K-2C 
        242.0  18.0   0.0   0.0   1.0
NRM    228.5 -13.8 228.5 -13.8 2.24E-02 001.1 074.2 -09.4 24.17959 13.15039 34.61641 shoemake 2024-07-15 19:18:06 
LT1 77 233.2 -12.6 233.2 -12.6 2.19E-02 007.0 079.0 -09.7 265.1073 51.66787 16.21775 shoemake 2024-07-28 18:11:39 
LT1 77 230.1 -13.6 230.1 -13.6 2.22E-02 000.6 075.7 -09.7 20.71119 11.96684 12.04443 shoemake 2024-07-29 10:24:14 
LT2 77 234.5 -12.3 234.5 -12.3 2.19E-02 000.7 080.3 -09.8 19.65863 13.79762 19.79770 shoemake 2024-08-12 15:15:49 
TT  70 227.2 -16.3 227.2 -16.3 2.07E-02 000.7 072.2 -11.4 20.69570 12.05951 12.36736 shoemake 2024-08-22 18:33:04 
TT  70 228.0 -16.0 228.0 -16.0 2.07E-02 001.3 073.0 -11.4 46.25219 13.15667 12.26238 shoemake 2024-08-22 22:11:45 
TT 100 237.2 -13.0 237.2 -13.0 2.05E-02 006.2 082.6 -11.3 219.3609 30.20472 16.56380 shoemake 2024-08-28 11:14:16 
TT 130 230.4 -16.8 230.4 -16.8 1.95E-02 004.2 075.0 -12.8 136.3731 38.20174 14.22157 shoemake 2024-09-02 19:41:52 
TT 160 228.4 -22.3 228.4 -22.3 1.60E-02 007.8 071.4 -17.4 209.5947 69.88291 10.37683 shoemake 2024-09-04 18:10:54 
TT 190 224.1 -25.3 224.1 -25.3 1.47E-02 001.9 066.5 -19.1 45.90211 18.18344 8.944803 shoemake 2024-09-09 15:18:02 
TT 210 212.6 -34.5 212.6 -34.5 7.98E-03 012.7 053.2 -24.8 143.7531 106.9851 5.208870 shoemake 2024-09-16 10:45:55 
TT 240 215.5 -33.8 215.5 -33.8 8.07E-03 007.0 055.9 -24.8 82.97554 54.41478 3.408345 shoemake 2024-09-18 12:01:37 
TT 270 216.4 -33.5 216.4 -33.5 8.04E-03 002.9 056.8 -24.8 33.94451 21.89729 5.295044 shoemake 2024-10-04 19:11:32 
TT 300 217.5 -32.0 217.5 -32.0 3.91E-03 005.4 058.3 -23.7 31.15677 19.99049 3.708440 shoemake 2024-10-15 18:04:51 
TT 330 212.8 -33.5 212.8 -33.5 2.83E-03 005.3 053.7 -23.8 21.30602 15.44200 1.061699 shoemake 2024-10-23 17:04:32 
TT 360 214.7 -34.3 214.7 -34.3 2.88E-03 007.8 055.0 -25.0 32.43837 22.29768 1.294027 shoemake 2025-05-21 13:19:57 
TT 390 217.9 -34.0 217.9 -34.0 2.88E-03 007.4 058.0 -25.6 31.85007 19.88489 1.326571 shoemake 2025-05-22 16:04:14 
TT 420 218.6 -33.8 218.6 -33.8 2.88E-03 005.7 058.6 -25.6 24.90964 14.84413 1.416671 shoemake 2025-05-26 14:45:33 
TT 420 211.3 -36.1 211.3 -36.1 2.88E-03 008.8 051.5 -26.0 35.22048 27.84397 1.512385 shoemake 2025-06-19 14:43:18 
TT 450 225.4 -30.7 225.4 -30.7 2.77E-03 004.9 065.7 -24.5 21.89360 9.804736 0.970492 shoemake 2025-06-30 15:12:57 
