PKS-G- 1C 
        275.0  23.5   0.0   0.0   1.0
NRM    184.4  29.0 184.4  29.0 8.50E-03 002.5 001.0  52.5 16.56250 33.29922 8.633666 shoemake 2024-06-28 19:59:57 
LN2    183.7  27.1 183.7  27.1 8.16E-03 003.5 359.9  50.6 17.37065 47.23420 9.220839 shoemake 2024-07-11 16:57:28 
LT2 77 185.4  26.8 185.4  26.8 8.06E-03 000.9 002.4  50.2 11.25853 8.421986 3.678406 shoemake 2024-08-20 14:17:13 
TT  70 179.5  22.1 179.5  22.1 6.14E-03 002.5 354.5  45.5 13.58699 17.68028 14.60859 shoemake 2024-08-22 19:53:24 
TT  70 178.1  22.1 178.1  22.1 6.14E-03 002.0 352.6  45.5 14.61685 5.017033 14.58842 shoemake 2024-08-22 23:24:54 
TT  70 183.5  21.3 183.5  21.3 7.15E-03 003.8 359.7  44.8 6.577406 46.55135 3.699643 shoemake 2024-08-27 11:39:53 
TT 100 183.7  21.1 183.7  21.1 7.11E-03 002.7 000.0  44.6 6.644567 33.37325 4.064580 shoemake 2024-08-29 12:17:52 
TT 130 183.5  18.1 183.5  18.1 4.57E-03 002.4 359.7  41.6 5.608001 18.05542 3.343136 shoemake 2024-09-02 13:49:09 
TT 160 182.3  18.2 182.3  18.2 4.52E-03 005.7 358.2  41.7 7.395314 44.18121 3.942879 shoemake 2024-09-04 18:23:04 
TT 190 180.6  18.0 180.6  18.0 4.45E-03 004.3 356.1  41.4 7.755200 32.64061 4.352775 shoemake 2024-09-09 15:30:23 
TT 210 179.2  15.5 179.2  15.5 3.21E-03 006.4 354.4  39.0 7.884060 35.31682 3.078645 shoemake 2024-09-16 10:58:20 
TT 240 180.8  14.9 180.8  14.9 3.18E-03 004.3 356.5  38.3 4.993220 23.21387 2.646925 shoemake 2024-09-18 12:14:03 
TT 270 179.2  14.9 179.2  14.9 3.15E-03 002.0 354.4  38.3 3.972417 10.39198 2.187620 shoemake 2024-10-04 19:23:44 
TT 300 177.8  12.3 177.8  12.3 1.60E-03 002.0 352.9  35.7 2.491109 4.965329 1.524255 shoemake 2024-10-15 18:17:07 
TT 330 176.0  11.4 176.0  11.4 1.37E-03 004.6 350.8  34.6 2.395749 10.60448 1.479619 shoemake 2024-10-23 17:16:49 
TT 360 178.5  11.5 178.5  11.5 1.37E-03 003.2 353.7  34.8 2.101687 7.405937 0.784736 shoemake 2025-05-21 10:02:02 
TT 390 180.1  11.4 180.1  11.4 1.36E-03 000.8 355.7  34.8 1.622097 1.554024 0.855027 shoemake 2025-05-22 11:18:43 
TT 420 180.6  11.1 180.6  11.1 1.34E-03 002.8 356.3  34.6 1.704268 6.458945 0.923889 shoemake 2025-05-25 14:56:53 
TT 420 181.1 -23.7 181.1 -23.7 1.10E-03 037.6 357.7 -00.2 3.045697 18.28728 82.34973 shoemake 2025-06-18 10:32:16 
TT 420 178.8  11.3 178.8  11.3 1.35E-03 001.6 354.1  34.7 2.216388 3.453948 1.123687 shoemake 2025-06-18 15:04:44 
TT 450 184.6  10.3 184.6  10.3 2.61E-04 001.8 001.1  33.8 0.706187 0.647367 0.610485 shoemake 2025-06-30 11:57:19 
