PKS-G- 2G 
        184.5  39.0   0.0   0.0   1.0
NRM    170.6 -20.1 170.6 -20.1 1.44E-02 003.3 067.7 -07.9 75.02443 33.12529 19.22870 shoemake 2024-06-28 20:22:48 
LN2    190.0 -08.3 190.0 -08.3 1.21E-02 025.4 090.0 -10.7 575.9171 10.79917 19.22821 shoemake 2024-07-11 17:23:00 
LN2    176.0 -18.6 176.0 -18.6 1.31E-02 006.3 072.7 -10.0 135.5032 42.60273 25.71611 shoemake 2024-07-12 10:46:47 
LT2 77 175.1 -19.3 175.1 -19.3 1.29E-02 009.0 071.6 -10.0 192.9875 64.47024 19.12647 shoemake 2024-08-20 14:54:21 
TT  70 169.0 -31.2 169.0 -31.2 7.65E-03 007.6 059.5 -15.7 89.70082 48.29845 11.70120 shoemake 2024-08-22 20:20:20 
TT  70 168.8 -31.3 168.8 -31.3 7.65E-03 007.9 059.2 -15.7 92.28747 50.36461 11.92673 shoemake 2024-08-22 23:51:44 
TT 100 171.8 -29.5 171.8 -29.5 7.55E-03 009.3 062.5 -15.9 110.7952 54.17906 10.69344 shoemake 2024-08-29 12:44:59 
TT 130 177.9 -29.1 177.9 -29.1 5.32E-03 007.1 067.0 -19.1 61.57630 22.73794 9.744558 shoemake 2024-09-02 14:16:14 
TT 160 176.7 -30.0 176.7 -30.0 5.34E-03 004.2 065.5 -19.1 36.13040 13.56968 8.137523 shoemake 2024-09-04 18:49:56 
TT 190 172.8 -33.4 172.8 -33.4 5.22E-03 001.1 060.5 -19.4 4.099241 5.271850 8.069884 shoemake 2024-09-09 15:57:29 
TT 210 174.9 -32.4 174.9 -32.4 4.91E-03 001.9 062.7 -19.9 10.51703 9.141445 8.678245 shoemake 2024-09-16 11:25:33 
TT 240 175.4 -32.0 175.4 -32.0 4.89E-03 002.6 063.3 -19.8 19.49948 6.540142 9.406858 shoemake 2024-09-18 12:41:14 
TT 270 176.2 -35.8 176.2 -35.8 3.10E-03 007.1 061.0 -23.1 34.39577 16.60167 5.766930 shoemake 2024-10-04 19:50:37 
TT 300 174.6 -37.7 174.6 -37.7 2.06E-03 006.0 058.6 -23.7 19.45209 9.110237 3.429099 shoemake 2024-10-15 18:44:04 
TT 330 182.1 -34.0 182.1 -34.0 1.05E-03 045.9 066.2 -25.1 43.08663 89.62494 47.46657 shoemake 2024-10-23 18:13:25 
TT 330 178.7 -36.3 178.7 -36.3 2.04E-03 001.2 062.4 -24.8 2.031549 2.478031 2.998232 shoemake 2024-10-24 15:07:28 
TT 360 176.6 -38.7 176.6 -38.7 1.81E-03 004.1 059.2 -25.4 11.46920 5.539380 2.397298 shoemake 2025-05-21 10:29:12 
TT 390 178.4 -37.0 178.4 -37.0 1.58E-03 007.1 061.6 -25.2 17.88915 8.137006 2.465934 shoemake 2025-05-22 11:46:02 
TT 420 182.9 -33.8 182.9 -33.8 7.80E-04 061.6 067.0 -25.4 29.46100 69.28378 35.75909 shoemake 2025-05-25 15:24:06 
TT 420 174.6 -39.7 174.6 -39.7 1.56E-03 000.7 057.2 -25.1 1.191960 1.941153 0.993905 shoemake 2025-05-26 17:45:15 
TT 420 177.3 -36.7 177.3 -36.7 1.55E-03 002.3 061.1 -24.4 5.646052 2.484922 1.878055 shoemake 2025-06-18 15:50:14 
TT 450 116.1  67.3 116.1  67.3 2.27E-06 051.9 153.7  70.2 0.299303 0.284423 0.227427 shoemake 2025-06-30 12:24:35 
TT 450 067.3  49.9 067.3  49.9 3.45E-06 036.5 263.8  73.5 0.285579 0.297800 0.353619 shoemake 2025-06-30 18:12:16 
TT 450 064.7  58.3 064.7  58.3 6.97E-06 037.7 234.9  72.1 0.397265 0.373214 0.016582 shoemake 2025-07-02 17:07:04 
