PKS-G- 8D 
        301.0  44.0   0.0   0.0   1.0
NRM    107.1  37.4 107.1  37.4 6.51E-02 037.4 234.9  18.5 4051.530 2880.648 148.7327 shoemake 2024-06-28 21:04:33 
NRM    119.0  21.6 119.0  21.6 7.80E-02 013.5 254.2  14.9 1782.425 546.9559 117.3117 shoemake 2024-07-01 11:21:59 
LN2    123.6  17.6 123.6  17.6 7.54E-02 001.0 260.3  15.2 19.75308 56.00717 129.9225 shoemake 2024-07-08 15:39:02 
LN2    121.0  19.5 121.0  19.5 7.53E-02 003.5 257.0  14.8 435.3106 96.99670 131.1866 shoemake 2024-07-11 18:09:29 
LT2 77 120.1  20.3 120.1  20.3 7.37E-02 003.3 255.8  14.8 412.3411 94.89892 86.11233 shoemake 2024-08-20 15:45:10 
TT  70 113.4  27.2 113.4  27.2 6.74E-02 011.8 246.3  15.1 1321.224 481.3601 57.86965 shoemake 2024-08-22 21:09:13 
TT  70 113.4  27.2 113.4  27.2 6.74E-02 011.7 246.3  15.1 1318.756 480.3086 58.33465 shoemake 2024-08-23 00:41:00 
TT 100 119.7  21.0 119.7  21.0 6.80E-02 004.9 255.1  14.9 579.8293 83.13925 66.73150 shoemake 2024-08-29 13:53:31 
TT 130 119.0  22.0 119.0  22.0 6.41E-02 007.3 253.8  15.1 819.1416 132.5129 58.42436 shoemake 2024-09-02 15:07:22 
TT 160 122.4  19.1 122.4  19.1 5.27E-02 008.2 258.3  15.4 748.8201 119.8466 65.48098 shoemake 2024-09-04 19:38:46 
TT 190 117.5  23.6 117.5  23.6 5.23E-02 011.2 251.7  15.3 1000.057 257.9065 60.75196 shoemake 2024-09-09 16:46:48 
TT 210 122.1  21.2 122.1  21.2 2.41E-02 002.7 256.5  16.7 106.3911 30.06796 26.86934 shoemake 2024-09-16 12:14:46 
TT 240 121.3  22.5 121.3  22.5 2.28E-02 007.3 255.0  17.0 284.7967 67.94555 24.36522 shoemake 2024-09-18 13:30:36 
TT 270 122.2  21.5 122.2  21.5 2.24E-02 006.0 256.4  17.0 227.7364 49.55184 26.54467 shoemake 2024-10-04 20:39:40 
TT 300 122.6  22.0 122.6  22.0 1.81E-02 007.6 256.2  17.6 236.4178 53.03117 20.33379 shoemake 2024-10-15 15:40:11 
TT 330 128.7  23.3 128.7  23.3 5.28E-03 003.6 259.3  22.6 32.29986 3.822526 5.925292 shoemake 2024-10-23 19:05:16 
TT 360 127.2  25.0 127.2  25.0 5.21E-03 007.8 256.9  22.7 69.92245 14.14786 4.867057 shoemake 2025-05-21 11:18:51 
TT 390 130.4  21.6 130.4  21.6 5.23E-03 002.7 261.9  22.6 24.43793 3.498797 4.771434 shoemake 2025-05-22 14:00:37 
TT 420 129.8  22.3 129.8  22.3 5.18E-03 005.4 260.8  22.7 48.37604 6.336254 4.988190 shoemake 2025-05-25 16:13:38 
TT 420 129.2  23.1 129.2  23.1 5.20E-03 005.5 259.8  22.8 49.84414 7.909138 5.161649 shoemake 2025-06-18 16:37:18 
TT 450 127.2  25.7 127.2  25.7 4.60E-03 007.4 256.4  23.2 58.02292 12.85770 4.768903 shoemake 2025-06-30 13:14:06 
