PKS-G- 1B 
        275.0  23.5   0.0   0.0   1.0
NRM    185.7  29.4 185.7  29.4 7.92E-03 005.7 002.9  52.9 17.69711 77.19025 8.946058 shoemake 2024-06-28 19:57:54 
LN2    182.2  26.9 182.2  26.9 7.79E-03 001.6 357.9  50.4 15.43180 15.28531 8.540461 shoemake 2024-07-11 16:55:16 
LT2 77 183.5  26.8 183.5  26.8 7.67E-03 002.3 359.8  50.3 7.521250 29.62081 4.435138 shoemake 2024-08-20 14:14:43 
TT  70 180.4  20.7 180.4  20.7 7.27E-03 002.1 355.7  44.1 8.077666 25.42191 3.377316 shoemake 2024-08-22 19:50:59 
TT  70 179.8  20.7 179.8  20.7 7.27E-03 002.7 354.9  44.2 9.019801 32.95271 3.421387 shoemake 2024-08-22 23:22:30 
TT  70 184.1  20.6 184.1  20.6 7.27E-03 000.9 000.6  44.1 6.014459 9.765931 5.113752 shoemake 2024-08-27 11:37:22 
TT 100 183.7  20.5 183.7  20.5 7.21E-03 002.7 360.0  44.0 5.769333 33.16059 3.503944 shoemake 2024-08-29 12:15:22 
TT 130 182.1  15.9 182.1  15.9 4.64E-03 001.2 358.1  39.4 3.727273 8.815190 2.975598 shoemake 2024-09-02 13:46:43 
TT 160 182.0  15.6 182.0  15.6 4.61E-03 005.5 357.8  39.1 5.550796 43.98063 2.731454 shoemake 2024-09-04 18:20:39 
TT 190 180.8  15.0 180.8  15.0 4.51E-03 002.2 356.4  38.5 5.035508 16.87529 2.986888 shoemake 2024-09-09 15:27:57 
TT 210 176.2  12.7 176.2  12.7 3.11E-03 007.2 351.0  35.9 9.078647 38.51740 1.858241 shoemake 2024-09-16 10:55:51 
TT 240 179.4  12.0 179.4  12.0 3.06E-03 005.9 354.9  35.5 5.453398 31.42218 1.969268 shoemake 2024-09-18 12:11:32 
TT 270 181.0  12.1 181.0  12.1 3.06E-03 001.7 356.7  35.6 3.488338 8.258131 2.277769 shoemake 2024-10-04 19:21:20 
TT 300 177.5  10.1 177.5  10.1 1.56E-03 004.4 352.7  33.5 2.718021 11.63756 1.157283 shoemake 2024-10-15 18:14:42 
TT 330 174.9  09.9 174.9  09.9 1.30E-03 007.1 349.6  33.1 3.459856 15.79002 1.013378 shoemake 2024-10-23 17:14:24 
TT 360 180.1  09.5 180.1  09.5 1.31E-03 001.9 355.8  32.9 1.486274 4.329971 0.823293 shoemake 2025-05-21 09:59:34 
TT 390 175.6  10.0 175.6  10.0 1.30E-03 001.3 350.5  33.2 1.593412 2.724892 0.974506 shoemake 2025-05-22 11:16:15 
TT 420 181.1  09.5 181.1  09.5 1.29E-03 004.6 356.9  33.0 1.462767 10.35379 1.156554 shoemake 2025-05-25 14:54:26 
TT 420 188.0 -23.6 188.0 -23.6 1.09E-03 035.1 004.0 -00.1 2.118455 4.464378 76.34416 shoemake 2025-06-18 10:29:58 
TT 420 179.2  09.7 179.2  09.7 1.30E-03 003.1 354.7  33.1 2.059049 6.894328 1.265021 shoemake 2025-06-18 15:02:25 
TT 450 179.2  07.9 179.2  07.9 4.90E-04 005.2 354.8  31.3 0.960263 4.394011 0.652234 shoemake 2025-06-30 11:54:53 
