PKS-G- 3E 
        217.0  29.0   0.0   0.0   1.0
NRM    051.6 -24.2 051.6 -24.2 1.25E-02 005.9 295.5 -13.7 107.3285 58.49583 41.74047 shoemake 2024-06-28 20:31:12 
LN2    050.7 -23.9 050.7 -23.9 1.18E-02 003.3 294.5 -13.8 43.55494 32.82658 41.55871 shoemake 2024-07-11 17:33:08 
LT2 77 049.5 -23.2 049.5 -23.2 1.17E-02 001.7 293.2 -13.8 9.796167 8.862586 33.41741 shoemake 2024-08-20 15:04:30 
TT  70 065.3 -28.5 065.3 -28.5 3.97E-03 046.9 308.6 -11.9 259.3613 324.2730 87.81006 shoemake 2024-08-22 20:30:13 
TT  70 065.3 -28.5 065.3 -28.5 3.97E-03 038.8 308.6 -11.9 259.3611 324.2724 87.80870 shoemake 2024-08-23 00:01:36 
TT  70 055.9 -25.1 055.9 -25.1 8.04E-03 005.4 299.4 -12.7 66.11524 38.00238 10.47056 shoemake 2024-08-23 11:14:20 
TT 100 054.4 -25.4 054.4 -25.4 7.91E-03 002.0 298.3 -13.5 9.535925 6.263676 26.93399 shoemake 2024-08-29 12:54:41 
TT 130 062.9 -27.8 062.9 -27.8 4.94E-03 008.5 306.4 -12.2 55.76621 47.09084 13.99094 shoemake 2024-09-02 14:27:55 
TT 160 062.1 -26.6 062.1 -26.6 4.80E-03 002.2 305.2 -11.5 9.711283 6.598549 14.76092 shoemake 2024-09-04 18:59:46 
TT 190 063.9 -27.1 063.9 -27.1 4.58E-03 003.7 306.9 -11.2 22.55243 14.04739 14.09292 shoemake 2024-09-09 16:07:27 
TT 210 066.4 -28.4 066.4 -28.4 4.45E-03 002.1 309.5 -11.4 3.698541 6.925450 16.45220 shoemake 2024-09-16 11:35:20 
TT 240 070.0 -26.6 070.0 -26.6 2.94E-03 004.1 311.7 -08.5 15.64800 12.21343 7.971496 shoemake 2024-09-18 12:50:59 
TT 270 107.1 -23.2 107.1 -23.2 1.25E-03 005.2 342.9  04.5 2.312286 10.40251 4.348451 shoemake 2024-10-04 20:00:34 
TT 300 111.8 -23.2 111.8 -23.2 1.18E-03 007.6 347.2  05.1 2.564763 15.07358 3.851919 shoemake 2024-10-15 15:00:45 
TT 330 128.7 -16.0 128.7 -16.0 1.08E-03 003.9 003.0  12.9 0.535473 6.402220 3.920800 shoemake 2024-10-23 18:26:17 
TT 360 152.8 -06.8 152.8 -06.8 3.77E-04 037.2 028.5  19.0 33.47828 18.22505 13.09767 shoemake 2025-05-21 10:39:09 
TT 360 147.3 -09.7 147.3 -09.7 7.54E-04 003.3 022.3  17.3 2.322642 3.022303 2.474688 shoemake 2025-05-21 16:24:13 
TT 390 165.2 -01.4 165.2 -01.4 3.41E-04 044.0 042.8  20.6 25.06029 23.24761 12.86928 shoemake 2025-05-22 13:20:50 
TT 390 160.8 -01.9 160.8 -01.9 6.89E-04 001.1 038.2  21.6 1.276126 1.274140 0.320967 shoemake 2025-05-22 16:59:42 
TT 420 145.2 -06.4 145.2 -06.4 6.91E-04 005.8 020.8  20.9 1.851015 6.585250 2.008377 shoemake 2025-05-25 15:34:04 
TT 420 157.7 -02.6 157.7 -02.6 3.48E-04 061.1 034.7  21.7 28.40591 19.68969 13.77194 shoemake 2025-06-18 15:59:43 
TT 420 150.4 -05.4 150.4 -05.4 6.78E-04 014.0 026.4  20.8 7.287159 15.21869 1.672232 shoemake 2025-06-19 15:54:46 
TT 450 206.5  33.7 206.5  33.7 1.34E-05 053.5 100.5  33.3 0.417173 1.227270 0.787794 shoemake 2025-06-30 12:34:36 
TT 450 052.1 -04.2 052.1 -04.2 2.79E-09 075.6 286.4  04.0 0.000321 0.000398 0.000943 shoemake 2025-06-30 18:19:45 
TT 450 182.3  24.9 182.3  24.9 1.30E-05 070.0 072.9  37.6 0.515320 1.116013 0.850328 shoemake 2025-07-02 17:12:04 
