PKS-G- 8B 
        301.0  44.0   0.0   0.0   1.0
NRM    120.7  20.2 120.7  20.2 7.64E-02 002.2 256.3  15.1 274.3027 78.35497 69.48489 shoemake 2024-06-28 21:00:19 
LN2    120.8  19.7 120.8  19.7 6.95E-02 001.1 256.8  14.8 19.35342 59.21409 131.3367 shoemake 2024-07-08 15:34:40 
LN2    119.8  20.7 119.8  20.7 6.96E-02 001.8 255.3  14.8 184.4457 63.82988 112.4334 shoemake 2024-07-11 18:05:12 
LT2 77 124.5  16.3 124.5  16.3 6.71E-02 009.3 261.8  14.9 1089.980 163.8270 40.46822 shoemake 2024-08-20 15:40:01 
TT  70 122.3  18.7 122.3  18.7 6.09E-02 005.2 258.5  15.1 526.1494 188.7291 38.38492 shoemake 2024-08-22 21:04:20 
TT  70 126.0  15.4 126.0  15.4 6.02E-02 010.3 263.6  15.4 1079.583 204.1404 40.73828 shoemake 2024-08-23 00:36:04 
TT 100 122.2  18.7 122.2  18.7 6.03E-02 005.1 258.5  15.0 537.7831 44.11344 42.32510 shoemake 2024-08-29 13:48:37 
TT 130 123.7  17.4 123.7  17.4 5.57E-02 004.0 260.4  15.1 396.9041 45.16001 43.56679 shoemake 2024-09-02 15:02:21 
TT 160 123.4  18.4 123.4  18.4 4.39E-02 003.7 259.5  15.6 279.6249 39.31572 28.37692 shoemake 2024-09-04 19:33:48 
TT 190 127.4  14.5 127.4  14.5 4.34E-02 005.4 265.2  15.7 410.8895 23.81968 30.36064 shoemake 2024-09-09 16:41:47 
TT 210 127.2  17.5 127.2  17.5 2.20E-02 000.7 262.8  17.7 26.30719 18.23355 10.30384 shoemake 2024-09-16 12:09:55 
TT 240 131.2  13.7 131.2  13.7 2.09E-02 001.8 268.5  17.7 65.11616 13.01567 12.84502 shoemake 2024-09-18 13:25:44 
TT 270 128.7  16.5 128.7  16.5 2.06E-02 001.8 264.5  18.0 64.13633 14.08603 13.20867 shoemake 2024-10-04 20:34:43 
TT 300 130.2  15.7 130.2  15.7 1.82E-02 006.1 266.2  18.4 194.4589 16.33027 14.22077 shoemake 2024-10-15 15:35:12 
TT 330 131.0  22.0 131.0  22.0 3.45E-03 008.4 262.0  23.3 50.72214 5.012277 2.411091 shoemake 2024-10-23 19:00:19 
TT 360 348.1  06.8 348.1  06.8 1.08E-09 084.8 133.1 -23.4 0.000383 0.000291 0.002220 shoemake 2025-05-21 11:13:51 
TT 360 135.3  18.0 135.3  18.0 3.46E-03 001.1 268.1  23.6 6.234438 3.520470 2.668048 shoemake 2025-05-21 16:31:46 
TT 390 132.9  21.0 132.9  21.0 3.41E-03 008.4 264.0  23.9 50.33873 3.913757 2.379666 shoemake 2025-05-22 13:55:36 
TT 420 138.7  15.0 138.7  15.0 3.40E-03 007.7 272.9  23.9 46.00861 4.831359 2.255625 shoemake 2025-05-25 16:08:36 
TT 420 135.1  18.6 135.1  18.6 3.42E-03 005.9 267.4  23.9 35.47688 4.172122 2.448742 shoemake 2025-06-18 16:32:30 
TT 450 143.0  18.1 143.0  18.1 1.54E-03 003.1 273.6  29.0 8.082710 1.827668 1.311806 shoemake 2025-06-30 13:09:03 
