PKS-G- 3C 
        217.0  29.0   0.0   0.0   1.0
NRM    057.5 -18.2 057.5 -18.2 9.35E-03 008.9 297.5 -05.9 131.9849 62.83921 9.261536 shoemake 2024-06-28 20:27:02 
LN2    064.2 -22.2 064.2 -22.2 8.70E-03 013.6 305.0 -06.7 173.2616 119.4758 12.22878 shoemake 2024-07-11 17:27:18 
LT2 77 049.7 -14.9 049.7 -14.9 8.76E-03 004.4 289.4 -06.4 62.60680 23.68163 5.756179 shoemake 2024-08-20 14:59:28 
TT  70 061.9 -20.5 061.9 -20.5 5.85E-03 007.1 302.3 -06.0 59.24280 43.63171 3.843217 shoemake 2024-08-22 20:25:14 
TT  70 061.5 -20.2 061.5 -20.2 5.84E-03 007.6 301.8 -06.0 63.88033 45.94816 3.870902 shoemake 2024-08-22 23:56:36 
TT 100 063.1 -20.7 063.1 -20.7 5.80E-03 003.3 303.5 -05.8 24.78777 22.14469 4.858799 shoemake 2024-08-29 12:49:51 
TT 130 068.4 -20.4 068.4 -20.4 3.79E-03 003.7 307.8 -03.4 16.20044 19.43880 3.244190 shoemake 2024-09-02 14:22:59 
TT 160 069.9 -21.1 069.9 -21.1 3.77E-03 000.9 309.4 -03.5 5.084404 2.481168 3.085616 shoemake 2024-09-04 18:54:53 
TT 190 072.8 -21.6 072.8 -21.6 3.47E-03 000.9 312.1 -02.9 2.706542 5.961796 2.436514 shoemake 2024-09-09 16:02:28 
TT 210 074.0 -21.3 074.0 -21.3 3.16E-03 009.1 313.0 -02.2 33.19756 38.35424 1.940939 shoemake 2024-09-16 11:30:24 
TT 240 075.1 -21.5 075.1 -21.5 3.17E-03 003.2 314.0 -02.0 11.12028 14.14074 1.848518 shoemake 2024-09-18 12:46:05 
TT 270 122.1 -13.5 122.1 -13.5 1.05E-03 001.9 356.4  15.4 0.705610 3.372660 1.091241 shoemake 2024-10-04 19:55:35 
TT 300 150.1 -04.0 150.1 -04.0 8.59E-04 004.3 026.5  22.3 2.722829 5.857611 0.658591 shoemake 2024-10-15 18:49:00 
TT 330 155.1 -00.6 155.1 -00.6 8.88E-04 001.1 032.6  24.4 1.620930 1.058107 0.221003 shoemake 2024-10-23 18:21:18 
TT 360 155.2 -01.6 155.2 -01.6 7.60E-04 002.7 032.5  23.4 2.089425 3.092224 0.264083 shoemake 2025-05-21 10:34:13 
TT 390 163.5 -00.1 163.5 -00.1 6.76E-04 004.7 041.5  22.5 3.660641 4.218692 0.763442 shoemake 2025-05-22 13:15:55 
TT 420 167.3  00.7 167.3  00.7 6.82E-04 002.1 045.7  21.9 1.890275 1.833032 0.346405 shoemake 2025-05-25 15:29:07 
TT 420 160.6 -01.0 160.6 -01.0 6.84E-04 005.0 038.2  22.4 3.885896 4.672510 0.426388 shoemake 2025-06-18 15:55:00 
TT 450 173.3  35.7 173.3  35.7 1.80E-05 017.2 071.9  50.9 0.445601 0.421117 0.011700 shoemake 2025-06-30 12:29:38 
TT 450 167.6  34.1 167.6  34.1 1.81E-05 016.1 064.2  52.1 0.401754 0.406512 0.043656 shoemake 2025-06-30 18:17:17 
TT 450 168.2  35.2 168.2  35.2 1.79E-05 016.1 065.9  52.8 0.391152 0.407850 0.043287 shoemake 2025-07-02 17:09:35 
