PKS-G- 7C 
        313.0  14.0   0.0   0.0   1.0
NRM    168.3  39.0 168.3  39.0 1.81E-02 002.9 295.5  46.2 84.96811 37.40932 12.13268 shoemake 2024-06-28 20:58:14 
LN2    276.6 -69.2 276.6 -69.2 5.27E-04 070.8 034.3 -59.1 94.58613 68.89344 23.36158 shoemake 2024-07-08 15:19:24 
LN2    246.9 -19.2 246.9 -19.2 1.70E-08 006.7 023.9 -06.4 0.000130 0.000185 0.000077 shoemake 2024-07-08 15:32:34 
LN2    168.8  37.9 168.8  37.9 1.58E-02 001.6 296.5  45.3 29.38277 31.63560 16.50757 shoemake 2024-07-08 16:21:12 
LN2    171.2  37.5 171.2  37.5 1.59E-02 002.5 299.2  45.5 57.42817 36.97915 17.58253 shoemake 2024-07-11 18:03:00 
LT2 77 166.4  38.6 166.4  38.6 1.56E-02 002.7 293.6  45.5 67.97246 26.28528 7.041493 shoemake 2024-08-20 15:37:29 
TT  70 172.0  36.8 172.0  36.8 1.43E-02 007.6 300.4  44.9 165.6441 94.43439 9.035050 shoemake 2024-08-22 21:01:55 
TT  70 171.9  36.8 171.9  36.8 1.43E-02 007.8 300.2  45.0 169.7647 95.37703 8.987998 shoemake 2024-08-23 00:33:38 
TT 100 171.8  36.5 171.8  36.5 1.42E-02 005.2 300.2  44.6 113.2211 63.17022 10.75498 shoemake 2024-08-29 13:46:08 
TT 130 169.7  36.9 169.7  36.9 1.28E-02 006.8 297.8  44.6 134.8329 69.12230 9.097990 shoemake 2024-09-02 14:59:51 
TT 160 169.6  36.4 169.6  36.4 1.05E-02 001.2 297.9  44.0 18.52355 8.754716 7.687217 shoemake 2024-09-04 19:31:21 
TT 190 169.9  36.4 169.9  36.4 1.03E-02 000.7 298.2  44.1 9.631311 6.325280 8.088478 shoemake 2024-09-09 16:39:20 
TT 210 171.5  38.0 171.5  38.0 4.48E-03 006.0 299.4  46.0 41.97632 21.42731 1.764140 shoemake 2024-09-16 12:07:29 
TT 240 171.5  38.1 171.5  38.1 4.31E-03 000.7 299.3  46.1 4.532477 3.010855 2.660128 shoemake 2024-09-18 13:23:17 
TT 270 170.0  38.7 170.0  38.7 4.24E-03 004.5 297.4  46.3 30.04161 14.37146 2.497415 shoemake 2024-10-04 20:32:16 
TT 300 169.2  39.4 169.2  39.4 3.59E-03 001.2 296.3  46.9 6.394236 3.832203 2.082250 shoemake 2024-10-15 15:32:45 
TT 330 169.4  40.6 169.4  40.6 1.38E-03 005.5 296.0  48.1 11.56956 6.426559 0.289999 shoemake 2024-10-23 18:57:53 
TT 360 167.0  41.9 167.0  41.9 1.39E-03 005.6 292.9  48.8 12.31764 5.827492 0.628620 shoemake 2025-05-21 11:11:20 
TT 390 168.1  41.4 168.1  41.4 1.38E-03 006.3 294.3  48.6 13.79163 6.729047 0.647105 shoemake 2025-05-22 13:53:04 
TT 420 169.2  40.8 169.2  40.8 1.39E-03 001.5 295.7  48.2 2.966082 2.292907 0.692404 shoemake 2025-05-25 16:06:06 
TT 420 161.8  43.1 161.8  43.1 1.38E-03 007.3 286.7  48.7 16.69776 6.029312 0.807169 shoemake 2025-06-18 16:30:09 
TT 450 170.3  44.4 170.3  44.4 7.69E-04 008.8 295.2  51.8 10.76013 5.213207 0.381109 shoemake 2025-06-30 13:06:34 
