PKS-H- 1D 
        335.5  23.0   0.0   0.0   1.0
NRM    140.7 -32.2 140.7 -32.2 5.79E-03 001.8 269.7 -35.5 11.27498 9.873116 11.08899 shoemake 2024-07-15 17:39:34 
LT1 77 135.6 -30.5 135.6 -30.5 5.78E-03 004.7 264.0 -35.9 46.77191 7.906202 8.397879 shoemake 2024-07-29 19:06:55 
LT2 77 133.3 -29.5 133.3 -29.5 5.73E-03 005.8 261.3 -36.0 56.42510 13.25271 8.285332 shoemake 2024-08-12 13:19:45 
TT  70 137.7 -31.3 137.7 -31.3 5.69E-03 001.4 266.4 -35.9 11.02999 4.948761 7.518055 shoemake 2024-08-22 18:54:43 
TT  70 137.4 -31.2 137.4 -31.2 5.69E-03 001.6 266.1 -35.9 13.78981 5.188511 7.642394 shoemake 2024-08-22 22:26:21 
TT 100 134.9 -29.3 134.9 -29.3 5.18E-03 006.5 262.7 -35.2 57.88123 10.66773 7.275911 shoemake 2024-08-29 14:00:49 
TT 130 134.3 -28.6 134.3 -28.6 3.53E-03 005.7 261.7 -34.8 34.64240 6.811604 4.058949 shoemake 2024-09-02 15:14:44 
TT 160 132.6 -27.2 132.6 -27.2 3.43E-03 001.2 259.4 -34.2 6.428158 2.288735 3.434994 shoemake 2024-09-04 19:46:04 
TT 190 136.0 -27.6 136.0 -27.6 3.62E-03 000.9 262.8 -33.2 4.488560 2.153244 3.214652 shoemake 2024-09-09 16:54:17 
TT 210 130.6 -23.3 130.6 -23.3 1.79E-03 008.7 255.4 -31.4 26.45694 7.247321 1.080874 shoemake 2024-09-16 12:22:12 
TT 240 133.1 -23.7 133.1 -23.7 1.78E-03 002.6 258.1 -30.8 7.947482 2.128073 1.024197 shoemake 2024-09-18 13:38:01 
TT 270 139.5 -26.3 139.5 -26.3 1.76E-03 002.7 265.4 -30.7 8.036343 1.523524 1.161850 shoemake 2024-10-04 20:47:05 
TT 300 133.7 -25.3 133.7 -25.3 1.45E-03 001.3 259.5 -32.0 3.129226 0.975375 1.087825 shoemake 2024-10-15 15:47:38 
TT 330 132.2 -24.0 132.2 -24.0 1.10E-03 002.1 257.3 -31.4 3.865877 1.161909 0.346151 shoemake 2024-10-23 19:39:58 
TT 360 140.4 -27.8 140.4 -27.8 5.49E-04 061.8 267.1 -31.7 2.634781 49.87315 30.82717 shoemake 2025-05-21 11:26:10 
TT 360 132.6 -24.6 132.6 -24.6 1.10E-03 004.3 258.0 -31.8 7.988429 2.276701 0.356977 shoemake 2025-05-21 16:34:18 
TT 390 133.9 -25.2 133.9 -25.2 1.09E-03 006.5 259.5 -31.8 12.18945 2.680527 0.414969 shoemake 2025-05-22 14:07:58 
TT 420 137.6 -27.2 137.6 -27.2 1.08E-03 009.6 264.1 -32.2 18.13759 2.429094 0.410219 shoemake 2025-05-25 16:21:01 
TT 420 133.2 -24.9 133.2 -24.9 1.09E-03 004.6 258.7 -31.8 8.405702 2.659230 0.484428 shoemake 2025-06-18 16:44:17 
TT 450 134.5 -24.8 134.5 -24.8 1.06E-03 003.6 259.9 -31.2 6.410727 2.029336 0.509186 shoemake 2025-06-30 13:21:29 
