PKS-H- 1I 
        335.5  23.0   0.0   0.0   1.0
NRM    223.4 -44.8 223.4 -44.8 6.74E-03 005.3 342.3 -23.2 30.12744 56.85992 7.889162 shoemake 2024-07-15 17:50:15 
LT1 77 216.6 -47.9 216.6 -47.9 6.42E-03 002.0 338.0 -27.1 10.26720 19.82589 5.178194 shoemake 2024-07-29 19:21:48 
LT2 77 219.9 -48.5 219.9 -48.5 6.32E-03 002.6 340.5 -27.2 11.32641 26.21087 6.586663 shoemake 2024-08-12 13:32:28 
TT  70 205.5 -49.8 205.5 -49.8 5.54E-03 003.8 330.4 -30.9 17.15142 32.91649 5.082164 shoemake 2024-08-22 19:07:02 
TT  70 205.9 -49.9 205.9 -49.9 5.55E-03 003.5 330.8 -30.8 15.29274 30.71361 5.039192 shoemake 2024-08-22 22:38:38 
TT 100 198.6 -50.4 198.6 -50.4 4.90E-03 002.3 325.7 -32.8 9.738406 17.27273 4.363685 shoemake 2024-08-29 14:13:14 
TT 130 149.5 -38.7 149.5 -38.7 2.91E-03 002.7 281.5 -37.8 12.82275 4.611920 2.870024 shoemake 2024-09-02 17:36:49 
TT 160 145.3 -36.5 145.3 -36.5 2.88E-03 003.4 276.4 -37.5 16.85604 3.361999 2.248494 shoemake 2024-09-04 19:58:17 
TT 190 140.5 -35.9 140.5 -35.9 2.76E-03 004.1 271.7 -38.8 19.44156 2.165707 2.006290 shoemake 2024-09-09 17:06:34 
TT 210 140.6 -32.0 140.6 -32.0 1.78E-03 004.5 269.5 -35.4 14.02613 1.108527 1.264599 shoemake 2024-09-16 12:34:32 
TT 240 135.6 -29.5 135.6 -29.5 1.77E-03 004.4 263.4 -35.0 13.37530 1.685152 0.936549 shoemake 2024-09-18 13:50:29 
TT 270 138.4 -29.8 138.4 -29.8 1.78E-03 001.1 266.2 -34.3 3.008196 1.278392 1.195431 shoemake 2024-10-04 20:59:13 
TT 300 137.9 -28.0 137.9 -28.0 1.46E-03 000.8 264.9 -32.8 1.460378 1.049121 1.100847 shoemake 2024-10-15 15:59:51 
TT 330 132.4 -25.4 132.4 -25.4 1.32E-03 002.8 258.3 -32.6 6.434956 1.245036 0.419904 shoemake 2024-10-23 19:52:06 
TT 360 138.7 -28.8 138.7 -28.8 1.33E-03 000.9 266.0 -33.2 1.729088 1.720576 0.618163 shoemake 2025-05-21 11:38:34 
TT 390 137.5 -28.2 137.5 -28.2 1.32E-03 006.9 264.6 -33.2 15.89522 2.016205 0.699617 shoemake 2025-05-22 14:20:23 
TT 420 130.0 -25.5 130.0 -25.5 1.32E-03 007.8 255.9 -33.7 17.51240 4.275318 0.654020 shoemake 2025-05-25 16:33:24 
TT 420 137.1 -28.2 137.1 -28.2 1.34E-03 001.3 264.2 -33.4 2.459098 2.246742 0.562745 shoemake 2025-06-18 16:55:59 
TT 450 137.4 -27.7 137.4 -27.7 1.33E-03 001.9 264.1 -32.8 4.022360 2.240551 0.548453 shoemake 2025-06-30 13:33:50 
