PKS-H- 2G 
         25.5   5.0   0.0   0.0   1.0
NRM    180.2  11.1 180.2  11.1 9.41E-03 000.8 242.9  08.9 7.803938 7.123612 8.571668 shoemake 2024-07-15 18:11:14 
LT1 77 183.3  09.9 183.3  09.9 9.28E-03 004.9 246.1  07.9 74.07810 31.34597 5.714751 shoemake 2024-07-29 19:48:24 
LT2 77 185.2  09.6 185.2  09.6 9.24E-03 000.8 248.0  07.8 10.50512 6.781996 7.518744 shoemake 2024-08-12 13:55:11 
TT  70 185.0  09.2 185.0  09.2 7.01E-03 000.7 247.8  07.3 6.094496 4.803913 5.369005 shoemake 2024-08-22 19:28:59 
TT  70 184.7  09.2 184.7  09.2 7.01E-03 000.8 247.5  07.3 8.587695 4.507357 5.449344 shoemake 2024-08-22 23:00:35 
TT 100 185.7  09.1 185.7  09.1 6.95E-03 006.8 248.6  07.3 77.49656 28.91020 5.169132 shoemake 2024-08-29 14:35:21 
TT 130 186.4  09.0 186.4  09.0 5.43E-03 003.7 249.2  07.3 32.97214 11.03231 5.392641 shoemake 2024-09-02 18:08:17 
TT 160 189.0  08.9 189.0  08.9 5.42E-03 003.6 251.8  07.3 32.97228 9.503095 4.851500 shoemake 2024-09-04 20:20:17 
TT 190 186.3  10.1 186.3  10.1 4.47E-03 000.9 249.1  08.3 5.927407 2.569595 4.154915 shoemake 2024-09-09 17:28:49 
TT 210 190.0  11.1 190.0  11.1 2.46E-03 008.7 252.6  09.7 35.91301 10.83271 1.793732 shoemake 2024-09-16 12:56:46 
TT 240 193.4  10.6 193.4  10.6 2.47E-03 007.2 256.1  09.4 30.41664 6.880275 2.079966 shoemake 2024-09-18 14:12:45 
TT 270 192.7  10.9 192.7  10.9 1.85E-03 004.0 255.4  09.7 12.59891 3.170072 1.475803 shoemake 2024-10-04 21:21:23 
TT 300 195.0  09.7 195.0  09.7 1.26E-03 004.9 257.7  08.6 10.42766 2.225170 1.045113 shoemake 2024-10-15 16:22:21 
TT 330 192.7  10.3 192.7  10.3 1.25E-03 003.0 255.4  09.1 6.324067 1.593654 0.397383 shoemake 2024-10-23 20:22:02 
TT 360 191.6  10.5 191.6  10.5 1.22E-03 004.8 254.2  09.2 9.944179 2.844048 0.854429 shoemake 2025-05-21 12:00:48 
TT 390 197.2  10.0 197.2  10.0 1.17E-03 003.1 259.8  09.2 6.115582 1.599603 0.571696 shoemake 2025-05-22 14:47:34 
TT 420 194.8  09.2 194.8  09.2 1.16E-03 003.9 257.6  08.1 7.638178 1.936323 0.959582 shoemake 2025-05-25 16:55:43 
TT 420 193.9  09.8 193.9  09.8 1.16E-03 002.1 256.6  08.7 4.020283 1.412063 0.710588 shoemake 2025-06-18 17:17:07 
TT 450 027.7  42.6 027.7  42.6 7.25E-06 067.3 095.7  42.3 0.288169 0.636522 0.523838 shoemake 2025-06-30 13:56:06 
TT 450 276.3 -42.9 276.3 -42.9 1.92E-09 080.2 341.2 -36.5 0.000418 0.000247 0.000775 shoemake 2025-06-30 18:32:33 
TT 450 017.3  40.3 017.3  40.3 7.81E-06 067.1 085.1  40.9 0.288357 0.689706 0.548010 shoemake 2025-07-02 17:28:04 
