PKS-H- 2F 
         25.5   5.0   0.0   0.0   1.0
NRM    179.0  36.3 179.0  36.3 1.01E-02 002.3 239.5  33.9 39.11799 12.97615 12.31447 shoemake 2024-07-15 18:09:08 
LT1 77 183.9  33.9 183.9  33.9 9.85E-03 000.7 244.4  31.9 10.45602 19.13634 9.561743 shoemake 2024-07-29 19:45:27 
LT2 77 176.1  34.1 176.1  34.1 9.70E-03 000.9 236.8  31.5 13.61071 16.27683 9.246603 shoemake 2024-08-12 13:52:41 
TT  70 185.7  22.2 185.7  22.2 7.13E-03 001.4 247.4  20.3 12.79997 12.07122 4.831559 shoemake 2024-08-22 19:26:34 
TT  70 187.4  22.0 187.4  22.0 7.13E-03 000.8 249.1  20.3 9.537114 6.178247 4.996506 shoemake 2024-08-22 22:58:09 
TT 100 183.9  22.3 183.9  22.3 7.05E-03 008.2 245.6  20.3 89.54733 49.32400 4.992457 shoemake 2024-08-29 14:32:54 
TT 130 187.4  17.1 187.4  17.1 5.42E-03 003.7 249.5  15.4 31.71248 15.19241 4.329035 shoemake 2024-09-02 18:05:47 
TT 160 186.1  17.0 186.1  17.0 5.43E-03 003.1 248.3  15.2 26.58320 13.26879 3.663561 shoemake 2024-09-04 20:17:47 
TT 190 180.4  16.2 180.4  16.2 4.58E-03 000.6 242.7  13.9 3.761672 2.768342 3.100463 shoemake 2024-09-09 17:26:19 
TT 210 190.4  12.6 190.4  12.6 2.40E-03 009.0 252.9  11.2 36.62681 10.93775 1.610284 shoemake 2024-09-16 12:54:21 
TT 240 193.3  12.0 193.3  12.0 2.42E-03 005.2 255.8  10.8 21.18769 5.485851 1.773317 shoemake 2024-09-18 14:10:17 
TT 270 189.9  12.1 189.9  12.1 1.98E-03 001.1 252.4  10.7 3.256733 1.507666 1.351994 shoemake 2024-10-04 21:18:55 
TT 300 197.2  10.0 197.2  10.0 1.30E-03 003.2 259.9  09.1 7.095279 1.419069 1.081591 shoemake 2024-10-15 16:19:52 
TT 330 193.4  11.0 193.4  11.0 1.28E-03 000.7 256.0  09.8 1.542237 0.661774 0.457604 shoemake 2024-10-23 20:19:34 
TT 360 188.7  11.8 188.7  11.8 1.25E-03 007.7 251.3  10.2 16.00745 5.491083 0.651057 shoemake 2025-05-21 11:58:17 
TT 390 199.2  10.7 199.2  10.7 1.24E-03 000.8 261.8  10.1 1.512550 1.147616 0.644363 shoemake 2025-05-22 14:40:10 
TT 420 193.5  11.0 193.5  11.0 1.22E-03 002.0 256.1  09.8 4.055758 1.513337 0.648190 shoemake 2025-05-25 16:53:12 
TT 420 192.6  11.2 192.6  11.2 1.22E-03 002.0 255.2  10.0 4.093365 1.443660 0.630357 shoemake 2025-06-18 17:14:44 
TT 450 125.1  52.5 125.1  52.5 1.53E-05 021.4 187.7  47.5 0.441769 0.494264 0.049353 shoemake 2025-06-30 13:53:34 
TT 450 119.7  55.7 119.7  55.7 1.54E-05 021.1 182.8  50.7 0.441881 0.476597 0.036308 shoemake 2025-06-30 18:30:02 
TT 450 118.9  57.5 118.9  57.5 1.52E-05 021.7 182.1  52.5 0.445171 0.481016 0.023394 shoemake 2025-07-02 17:25:34 
