PKS-H- 2C 
         25.5   5.0   0.0   0.0   1.0
NRM    190.6  15.3 190.6  15.3 5.29E-03 004.5 252.9  13.8 38.24571 13.71341 7.791535 shoemake 2024-07-15 18:02:41 
LT1 77 198.5  14.5 198.5  14.5 5.32E-03 001.6 260.8  13.7 14.44011 4.528150 3.620046 shoemake 2024-07-29 19:36:28 
LT2 77 200.0  14.3 200.0  14.3 5.27E-03 003.7 262.3  13.7 33.73681 5.682088 4.262483 shoemake 2024-08-12 13:44:59 
TT  70 200.4  13.3 200.4  13.3 4.58E-03 005.6 262.7  12.7 44.51702 6.295986 2.888962 shoemake 2024-08-22 19:19:09 
TT  70 200.7  13.3 200.7  13.3 4.58E-03 005.2 263.1  12.7 41.40209 5.707803 2.893187 shoemake 2024-08-22 22:50:45 
TT 100 195.0  13.6 195.0  13.6 4.57E-03 005.1 257.4  12.6 39.88688 9.392375 3.274750 shoemake 2024-08-29 14:25:26 
TT 130 198.5  13.2 198.5  13.2 3.84E-03 006.0 260.9  12.4 39.49714 6.974001 2.784270 shoemake 2024-09-02 17:58:24 
TT 160 195.7  13.2 195.7  13.2 3.83E-03 002.9 258.1  12.2 18.79388 4.519065 2.543129 shoemake 2024-09-04 20:10:29 
TT 190 189.6  13.4 189.6  13.4 3.45E-03 001.2 252.1  11.9 6.915467 2.499809 2.454255 shoemake 2024-09-09 17:19:00 
TT 210 192.0  11.8 192.0  11.8 1.95E-03 003.7 254.5  10.5 11.95013 3.536575 1.693576 shoemake 2024-09-16 12:46:58 
TT 240 194.1  11.3 194.1  11.3 1.93E-03 004.0 256.7  10.1 13.11180 3.247258 1.611259 shoemake 2024-09-18 14:02:50 
TT 270 190.8  12.9 190.8  12.9 1.79E-03 001.4 253.3  11.5 4.142976 1.406451 1.522666 shoemake 2024-10-04 21:11:35 
TT 300 191.7  08.9 191.7  08.9 6.10E-04 000.6 254.5  07.6 0.394275 0.434237 0.508549 shoemake 2024-10-15 16:12:29 
TT 330 192.1  09.6 192.1  09.6 6.03E-04 004.4 254.8  08.3 4.424284 1.262547 0.330197 shoemake 2024-10-23 20:12:19 
TT 360 190.3  10.2 190.3  10.2 5.91E-04 002.8 253.0  08.8 2.711425 1.063453 0.333435 shoemake 2025-05-21 11:50:49 
TT 390 197.5  09.7 197.5  09.7 5.81E-04 006.5 260.2  08.9 6.533686 1.311987 0.305230 shoemake 2025-05-22 14:32:42 
TT 420 191.8  09.5 191.8  09.5 5.69E-04 001.7 254.6  08.2 1.578669 0.787595 0.308253 shoemake 2025-05-25 16:45:47 
TT 420 199.8  09.0 199.8  09.0 2.86E-04 042.2 262.5  08.4 3.994795 30.01650 4.454471 shoemake 2025-06-18 17:07:43 
TT 420 192.3  09.6 192.3  09.6 5.71E-04 002.6 255.1  08.4 2.486102 0.990700 0.360129 shoemake 2025-06-19 16:09:04 
TT 450 182.5  32.6 182.5  32.6 5.35E-05 008.4 243.3  30.5 0.717865 0.464212 0.029889 shoemake 2025-06-30 13:46:11 
