PKS-H- 1B 
        335.5  23.0   0.0   0.0   1.0
NRM    134.3 -35.0 134.3 -35.0 3.65E-03 003.8 265.4 -40.4 23.10394 7.524229 4.971412 shoemake 2024-07-15 17:35:24 
LT1 77 129.7 -32.6 129.7 -32.6 3.69E-03 000.7 259.5 -40.2 3.755479 2.502100 1.533544 shoemake 2024-07-29 19:01:04 
LT2 77 127.8 -31.7 127.8 -31.7 3.67E-03 001.8 257.1 -40.0 11.11751 3.875746 2.247371 shoemake 2024-08-12 13:14:47 
TT  70 131.1 -30.7 131.1 -30.7 3.20E-03 003.8 259.8 -37.9 21.23885 2.699276 1.734816 shoemake 2024-08-22 18:49:52 
TT  70 131.1 -30.7 131.1 -30.7 3.19E-03 003.8 259.8 -37.9 20.84158 3.720612 1.687334 shoemake 2024-08-22 22:21:30 
TT 100 132.7 -31.2 132.7 -31.2 3.20E-03 002.9 261.6 -37.7 15.55696 3.582812 1.912689 shoemake 2024-08-29 13:55:56 
TT 130 130.6 -30.4 130.6 -30.4 3.12E-03 002.9 259.2 -37.8 15.43076 3.222697 2.071275 shoemake 2024-09-02 15:09:51 
TT 160 133.2 -30.1 133.2 -30.1 2.38E-03 000.7 261.5 -36.5 2.327986 1.640910 1.218242 shoemake 2024-09-04 19:41:13 
TT 190 130.2 -26.1 130.2 -26.1 2.47E-03 001.9 256.4 -34.1 8.171544 1.501484 1.322391 shoemake 2024-09-09 16:49:19 
TT 210 140.7 -19.7 140.7 -19.7 1.07E-03 007.3 263.4 -24.2 13.37810 1.916753 1.766810 shoemake 2024-09-16 12:17:14 
TT 240 140.6 -22.0 140.6 -22.0 1.04E-03 001.6 264.4 -26.4 2.583182 0.796355 1.358792 shoemake 2024-09-18 13:33:03 
TT 270 133.9 -18.1 133.9 -18.1 1.03E-03 001.3 256.3 -25.4 2.100547 0.759215 0.808341 shoemake 2024-10-04 20:42:10 
TT 300 143.4 -17.5 143.4 -17.5 9.42E-04 006.6 265.0 -21.2 10.82501 0.708943 0.843774 shoemake 2024-10-15 15:42:41 
TT 330 141.6 -15.7 141.6 -15.7 6.16E-04 006.2 262.5 -20.2 6.607167 0.932270 0.206494 shoemake 2024-10-23 19:07:44 
TT 360 133.1 -17.4 133.1 -17.4 5.77E-04 006.0 255.2 -25.0 5.825909 1.661041 0.446505 shoemake 2025-05-21 11:21:19 
TT 390 131.0 -13.7 131.0 -13.7 5.68E-04 007.1 251.6 -22.5 6.679236 2.309971 0.487858 shoemake 2025-05-22 14:03:05 
TT 420 138.7 -19.2 138.7 -19.2 5.71E-04 004.1 261.4 -24.5 3.967786 0.981563 0.484886 shoemake 2025-05-25 16:16:08 
TT 420 139.3 -19.5 139.3 -19.5 5.71E-04 005.7 262.1 -24.6 5.607134 1.130541 0.440116 shoemake 2025-06-18 16:39:39 
TT 450 136.4 -16.0 136.4 -16.0 5.28E-04 005.4 257.7 -22.5 4.841601 1.284453 0.431481 shoemake 2025-06-30 13:16:34 
