NWF-B- 3G 
         61.0  63.0   0.0   0.0   1.0
NRM    024.4  01.4 024.4  01.4 1.15E-02 005.0 073.6  31.8 85.48514 53.19066 19.14623 shoemake 2024-07-01 14:20:34 
LN2    027.0  02.6 027.0  02.6 1.15E-02 001.4 076.4  30.1 20.41316 21.81890 17.91217 shoemake 2024-07-11 15:16:25 
TT  70 028.7  02.2 028.7  02.2 1.08E-02 001.6 076.9  28.4 18.53193 26.94192 8.724874 shoemake 2024-07-30 18:41:56 
TT 100 034.2 -01.3 034.2 -01.3 8.58E-03 002.6 076.5  21.9 26.77170 33.38679 11.92406 shoemake 2024-08-01 11:37:02 
TT 130 045.8 -43.1 045.8 -43.1 5.26E-03 009.7 045.9 -08.8 50.63033 75.85749 13.94264 shoemake 2024-09-07 16:48:21 
TT 160 145.5 -78.5 145.5 -78.5 6.52E-03 001.0 001.1 -38.5 4.795879 4.530148 11.34534 shoemake 2024-09-12 13:16:13 
TT 190 133.8 -77.4 133.8 -77.4 6.46E-03 006.9 004.4 -39.0 6.362626 77.90103 12.52710 shoemake 2024-09-17 13:04:17 
TT 210 119.5 -76.4 119.5 -76.4 6.50E-03 001.8 008.7 -38.5 6.908819 14.82827 13.55982 shoemake 2024-10-11 01:26:14 
TT 240 174.4 -67.1 174.4 -67.1 8.07E-03 005.7 346.1 -47.2 11.60428 78.80410 8.939031 shoemake 2024-10-18 10:42:20 
TT 270 181.5 -65.3 181.5 -65.3 7.70E-03 002.6 341.3 -46.8 19.26582 28.84056 9.873439 shoemake 2024-10-26 17:07:27 
TT 300 177.5 -66.7 177.5 -66.7 7.08E-03 001.7 344.4 -46.8 5.209789 19.98921 4.107231 shoemake 2024-11-06 16:53:19 
TT 330 176.6 -66.0 176.6 -66.0 5.65E-03 003.1 344.1 -47.6 10.17427 28.66555 5.486711 shoemake 2024-11-15 17:28:51 
TT 360 178.3 -66.6 178.3 -66.6 3.09E-03 003.8 343.9 -46.7 5.016196 19.49173 4.298428 shoemake 2024-11-18 17:03:24 
TT 360 329.6 -63.0 329.6 -63.0 2.03E-03 051.0 360.0  00.0 4.398904 81.07011 237.9035 shoemake 2024-11-22 22:25:22 
TT 360 182.7 -65.0 182.7 -65.0 3.09E-03 003.8 340.4 -46.6 5.646603 19.30466 4.867388 shoemake 2024-11-23 20:47:38 
TT 390 179.5 -64.9 179.5 -64.9 1.70E-03 003.6 341.8 -47.7 3.353641 9.957246 3.390534 shoemake 2024-11-25 08:56:00 
TT 420 158.1 -80.1 158.1 -80.1 8.66E-05 002.9 358.2 -36.8 0.221084 0.203370 0.372487 shoemake 2024-11-26 23:19:05 
TT 450 244.3 -13.3 244.3 -13.3 8.10E-06 006.5 283.9 -02.0 0.035314 0.015662 0.084864 shoemake 2024-12-05 06:22:44 
TT 450 241.9 -17.3 241.9 -17.3 7.95E-06 041.3 286.5 -05.9 0.527544 0.521327 0.031159 shoemake 2025-02-06 02:32:53 
TT 450 242.4 -18.9 242.4 -18.9 7.94E-06 039.5 288.1 -06.1 0.518587 0.519735 0.031066 shoemake 2025-02-07 00:36:44 
TT 450 241.7 -14.4 241.7 -14.4 7.91E-06 039.2 283.8 -04.7 0.524795 0.520636 0.031981 shoemake 2025-02-10 17:39:11 
TT 450 238.3 -07.0 238.3 -07.0 7.92E-06 040.4 275.6 -04.4 0.520416 0.518689 0.036819 shoemake 2025-02-12 13:27:15 
TT 450 245.4  00.9 245.4  00.9 8.14E-06 040.9 271.8  05.5 0.523645 0.521189 0.092420 shoemake 2025-02-21 10:07:09 
TT 480 192.3 -56.4 192.3 -56.4 2.02E-05 018.7 326.2 -47.8 0.530945 0.534293 0.034822 shoemake 2025-04-09 17:18:48 
TT 480 191.4 -55.4 191.4 -55.4 1.92E-05 019.8 325.0 -48.7 0.531352 0.539744 0.043638 shoemake 2025-04-15 15:10:03 
TT 480 185.4 -54.9 185.4 -54.9 1.94E-05 019.5 327.0 -52.0 0.526705 0.528603 0.032020 shoemake 2025-04-24 18:11:20 
TT 510 018.8 -31.5 018.8 -31.5 2.41E-08 058.9 041.9  15.0 0.001742 0.001233 0.002667 shoemake 2025-04-25 20:50:44 
TT 510 342.9  15.8 342.9  15.8 5.90E-06 050.8 050.3  73.4 0.509108 0.508710 0.045937 shoemake 2025-05-01 17:26:03 
