NWF-B- 2C 
         98.0  36.0   0.0   0.0   1.0
NRM    171.6 -41.1 171.6 -41.1 1.41E-02 002.0 135.8 -73.6 39.46923 29.45529 13.73812 shoemake 2024-07-01 13:59:27 
LN2    168.1 -43.3 168.1 -43.3 1.45E-02 002.3 123.8 -73.8 32.05230 46.67517 16.80814 shoemake 2024-07-11 14:53:09 
TT  70 172.5 -40.9 172.5 -40.9 1.46E-02 002.0 138.2 -73.8 48.52848 16.32727 3.096558 shoemake 2024-07-30 18:12:49 
TT 100 171.4 -41.3 171.4 -41.3 1.43E-02 002.2 135.0 -73.7 52.03825 17.23845 9.899271 shoemake 2024-08-01 11:12:18 
TT 130 172.2 -41.0 172.2 -41.0 1.05E-02 002.4 137.5 -73.8 42.27469 13.10202 8.167686 shoemake 2024-09-07 16:18:09 
TT 160 173.3 -40.8 173.3 -40.8 9.78E-03 003.7 140.3 -74.0 52.31025 35.06963 6.074906 shoemake 2024-09-12 12:51:31 
TT 190 172.4 -41.2 172.4 -41.2 9.89E-03 003.7 137.5 -74.1 56.19603 31.21543 2.396492 shoemake 2024-09-17 12:39:32 
TT 210 172.8 -40.5 172.8 -40.5 9.83E-03 002.2 139.7 -73.6 35.73991 10.84332 8.303487 shoemake 2024-10-10 19:19:03 
TT 240 172.5 -40.7 172.5 -40.7 5.21E-03 001.2 138.6 -73.6 7.444134 7.291249 2.252574 shoemake 2024-10-18 10:17:38 
TT 270 175.3 -41.0 175.3 -41.0 4.66E-03 001.5 144.9 -74.9 9.381603 8.324051 2.791921 shoemake 2024-10-26 16:39:25 
TT 300 172.3 -42.1 172.3 -42.1 4.65E-03 001.9 135.6 -74.8 14.20011 6.263253 2.262385 shoemake 2024-11-06 16:23:34 
TT 330 173.9 -40.9 173.9 -40.9 4.38E-03 002.0 141.7 -74.3 11.92295 8.748588 2.923261 shoemake 2024-11-15 17:04:02 
TT 360 173.3 -42.1 173.3 -42.1 3.17E-03 001.9 137.8 -75.2 8.706980 6.102434 1.538467 shoemake 2024-11-18 16:20:54 
TT 360 193.9  35.8 193.9  35.8 5.44E-04 078.8 185.9 -00.0 7.493464 55.13079 327.9272 shoemake 2024-11-22 22:00:46 
TT 360 174.1 -41.8 174.1 -41.8 3.16E-03 002.1 140.5 -75.2 8.443074 7.634350 2.817865 shoemake 2024-11-23 20:32:50 
TT 390 173.2 -41.8 173.2 -41.8 2.54E-03 002.3 138.3 -74.9 7.284038 7.087256 3.126192 shoemake 2024-11-25 08:31:18 
TT 420 173.7 -43.1 173.7 -43.1 5.69E-04 003.3 136.7 -76.1 2.839656 1.559797 1.620350 shoemake 2024-11-26 22:54:29 
TT 450 183.4 -45.6 183.4 -45.6 1.10E-04 003.3 164.5 -81.3 0.585465 0.286261 0.343351 shoemake 2024-12-05 05:57:59 
TT 450 184.0 -47.4 184.0 -47.4 1.11E-04 004.0 164.3 -83.2 0.594781 0.489326 0.304649 shoemake 2025-02-06 02:08:05 
TT 480 173.2 -47.2 173.2 -47.2 9.67E-05 004.1 123.0 -79.1 0.558349 0.420603 0.080876 shoemake 2025-04-09 11:11:08 
TT 510 319.7 -65.3 319.7 -65.3 9.79E-06 026.9 338.2 -34.6 0.396079 0.390014 0.024238 shoemake 2025-04-25 20:26:10 
TT 510 306.2 -65.0 306.2 -65.0 8.91E-06 028.4 332.3 -37.7 0.369982 0.374891 0.064859 shoemake 2025-05-01 16:57:28 
