NWF-B- 1E 
        177.0   8.0   0.0   0.0   1.0
NRM    179.9 -42.8 179.9 -42.8 1.81E-02 003.6 086.8 -42.8 109.9666 25.42623 12.84249 shoemake 2024-07-01 13:48:48 
LN2    110.4  30.9 110.4  30.9 2.38E-02 058.5 027.1  38.1 1511.027 493.6594 2896.215 shoemake 2024-07-11 13:34:08 
LN2    180.1 -43.1 180.1 -43.1 1.81E-02 006.4 086.9 -43.2 199.2294 30.81862 17.45932 shoemake 2024-07-11 14:42:17 
TT  70 179.1 -43.1 179.1 -43.1 1.82E-02 006.4 085.9 -43.1 203.2977 14.97600 5.289022 shoemake 2024-07-30 17:57:59 
TT 100 184.9 -41.8 184.9 -41.8 1.82E-02 000.8 092.0 -42.6 20.55698 14.79346 6.591853 shoemake 2024-08-01 10:59:53 
TT 130 179.7 -41.7 179.7 -41.7 1.72E-02 005.4 086.8 -41.8 163.0252 11.80410 7.295693 shoemake 2024-09-07 16:05:48 
TT 160 181.0 -41.8 181.0 -41.8 1.65E-02 006.8 088.0 -42.1 198.3085 11.84895 7.760266 shoemake 2024-09-12 12:39:08 
TT 190 183.4 -41.4 183.4 -41.4 1.60E-02 006.5 090.6 -42.0 182.6696 12.41595 7.635441 shoemake 2024-09-17 12:27:09 
TT 210 187.4 -40.8 187.4 -40.8 1.60E-02 002.7 094.8 -41.9 72.77011 14.36990 10.04496 shoemake 2024-10-10 19:06:42 
TT 240 191.0 -41.3 191.0 -41.3 6.16E-03 003.8 098.2 -42.9 39.76266 9.485522 4.072200 shoemake 2024-10-18 10:05:18 
TT 270 185.9 -42.3 185.9 -42.3 4.37E-03 004.5 092.8 -43.2 32.33750 22.43107 21.29133 shoemake 2024-10-26 15:45:44 
TT 300 186.4 -41.1 186.4 -41.1 4.14E-03 003.6 093.7 -42.1 26.22444 2.686347 1.675804 shoemake 2024-11-06 16:10:59 
TT 330 187.3 -40.7 187.3 -40.7 4.04E-03 001.1 094.7 -41.8 5.052518 5.697462 3.814666 shoemake 2024-11-15 16:51:33 
TT 360 343.4  55.0 343.4  55.0 1.06E-09 064.8 247.2  48.5 0.000114 0.000060 0.000139 shoemake 2024-11-18 16:08:22 
TT 360 016.9  13.1 016.9  13.1 1.06E-09 046.5 289.3  14.5 0.000053 0.000061 0.000046 shoemake 2024-11-19 08:22:58 
TT 360 142.8 -49.2 142.8 -49.2 2.77E-09 044.9 050.2 -43.0 0.000168 0.000036 0.000216 shoemake 2024-11-20 17:38:48 
TT 360 185.5 -42.5 185.5 -42.5 2.79E-03 006.8 092.4 -43.3 33.20381 3.599425 2.539048 shoemake 2024-11-22 21:48:20 
TT 390 188.0 -41.3 188.0 -41.3 2.39E-03 002.7 095.2 -42.6 9.958358 4.079405 3.787043 shoemake 2024-11-25 08:18:50 
TT 420 189.8 -42.2 189.8 -42.2 1.26E-03 001.6 096.7 -43.7 1.950415 2.136000 2.465367 shoemake 2024-11-26 22:42:04 
TT 450 184.6 -41.4 184.6 -41.4 5.72E-04 002.5 091.7 -42.1 1.991168 1.047313 1.245681 shoemake 2024-12-05 05:45:30 
TT 450 183.1 -41.2 183.1 -41.2 5.79E-04 001.4 090.4 -41.8 1.011395 1.028760 0.736265 shoemake 2025-02-06 01:55:34 
TT 480 116.8  82.0 116.8  82.0 3.35E-07 009.3 104.8  85.7 0.004305 0.005086 0.032288 shoemake 2025-04-09 10:58:40 
TT 510 098.4 -71.6 098.4 -71.6 7.38E-06 020.0 009.0 -63.8 0.197810 0.195779 0.061037 shoemake 2025-04-25 20:13:59 
TT 510 080.4 -77.0 080.4 -77.0 8.22E-06 018.6 356.7 -69.0 0.201284 0.198318 0.060951 shoemake 2025-05-01 16:45:40 
