NWF-B- 3B 
         61.0  63.0   0.0   0.0   1.0
NRM    050.6 -58.7 050.6 -58.7 1.04E-02 001.2 032.7 -18.3 18.61281 12.69911 11.48173 shoemake 2024-07-01 14:10:01 
LN2    053.2 -59.5 053.2 -59.5 1.04E-02 009.7 032.5 -19.8 84.22615 157.2962 17.92372 shoemake 2024-07-11 15:05:27 
TT  70 057.7 -66.4 057.7 -66.4 1.06E-02 005.9 025.9 -23.8 38.13512 102.8997 5.744111 shoemake 2024-07-30 18:27:15 
TT 100 084.7 -71.8 084.7 -71.8 1.13E-02 003.0 019.8 -33.3 13.49523 58.35710 8.084878 shoemake 2024-08-01 11:24:34 
TT 130 182.5 -63.7 182.5 -63.7 1.45E-02 002.5 339.2 -47.6 11.94594 63.43011 6.082587 shoemake 2024-09-07 16:32:33 
TT 160 184.6 -62.4 184.6 -62.4 1.39E-02 001.1 336.7 -47.8 17.67513 20.47521 6.911425 shoemake 2024-09-12 13:03:46 
TT 190 182.9 -63.2 182.9 -63.2 1.40E-02 001.1 338.5 -47.8 10.40021 23.62795 10.27121 shoemake 2024-09-17 12:51:47 
TT 210 346.9  03.6 346.9  03.6 1.19E-04 074.1 038.1  61.4 18.74157 26.79833 13.21858 shoemake 2024-10-10 23:41:16 
TT 210 180.1 -64.7 180.1 -64.7 1.40E-02 001.3 341.2 -47.7 22.00146 20.25902 12.27063 shoemake 2024-10-14 12:55:21 
TT 240 182.1 -63.8 182.1 -63.8 9.27E-03 003.0 339.4 -47.7 12.07783 46.48046 7.167018 shoemake 2024-10-18 10:30:05 
TT 270 185.6 -62.1 185.6 -62.1 8.50E-03 004.7 336.0 -47.6 36.24945 58.10995 13.39815 shoemake 2024-10-26 16:56:24 
TT 300 180.0 -64.7 180.0 -64.7 8.28E-03 002.9 341.3 -47.7 14.08284 40.02699 2.264794 shoemake 2024-11-06 16:40:46 
TT 330 178.5 -64.5 178.5 -64.5 7.24E-03 004.5 341.9 -48.2 20.00193 53.19370 6.455658 shoemake 2024-11-15 17:16:18 
TT 360 150.3 -25.0 150.3 -25.0 2.24E-08 066.2 194.9 -87.7 0.000081 0.000095 0.002956 shoemake 2024-11-18 16:33:11 
TT 360 164.0  39.7 164.0  39.7 1.01E-09 054.0 191.8 -20.1 0.000096 0.000080 0.000065 shoemake 2024-11-19 08:32:55 
TT 360 282.6 -27.3 282.6 -27.3 1.84E-09 056.6 316.4  18.3 0.000164 0.000229 0.000030 shoemake 2024-11-20 17:48:47 
TT 360 177.8 -64.8 177.8 -64.8 3.95E-03 001.4 342.5 -48.2 7.015701 6.639829 3.579572 shoemake 2024-11-22 22:12:55 
TT 390 178.4 -64.6 178.4 -64.6 2.45E-03 002.3 342.0 -48.2 5.032741 8.027905 4.433792 shoemake 2024-11-25 08:43:31 
TT 420 172.1 -60.4 172.1 -60.4 1.11E-04 004.0 341.6 -53.3 0.258934 0.688529 0.353709 shoemake 2024-11-26 23:06:39 
TT 450 277.4 -51.5 277.4 -51.5 3.14E-05 002.5 330.5 -00.9 0.046112 0.073992 0.110276 shoemake 2024-12-05 06:10:15 
TT 450 274.7 -51.5 274.7 -51.5 3.04E-05 012.1 329.3 -02.2 0.621882 0.611672 0.041674 shoemake 2025-02-06 02:20:20 
TT 480 204.1 -53.2 204.1 -53.2 5.76E-05 008.4 318.7 -42.4 0.656060 0.706212 0.037893 shoemake 2025-04-09 17:03:45 
TT 510 323.8 -41.0 323.8 -41.0 1.63E-05 023.0 355.2  21.7 0.604895 0.609503 0.138214 shoemake 2025-04-25 20:38:30 
TT 510 325.4 -40.2 325.4 -40.2 1.52E-05 023.7 356.4  22.7 0.600701 0.581947 0.036388 shoemake 2025-05-01 17:14:12 
