NWF-B- 1G 
        177.0   8.0   0.0   0.0   1.0
NRM    181.3 -41.7 181.3 -41.7 1.78E-02 006.5 088.4 -42.0 202.3365 22.58055 14.65385 shoemake 2024-07-01 13:53:07 
LN2    176.9 -42.3 176.9 -42.3 1.79E-02 007.9 084.0 -42.0 244.0232 37.77274 15.63428 shoemake 2024-07-11 14:46:35 
TT  70 181.2 -41.3 181.2 -41.3 1.80E-02 001.7 088.4 -41.6 53.01443 9.720603 7.029992 shoemake 2024-07-30 18:03:50 
TT 100 184.3 -40.7 184.3 -40.7 1.79E-02 003.8 091.7 -41.4 118.0029 13.87362 7.892673 shoemake 2024-08-01 11:04:47 
TT 130 173.9 -41.8 173.9 -41.8 1.54E-02 002.4 081.2 -41.1 63.76042 13.90408 7.631418 shoemake 2024-09-07 16:10:41 
TT 160 181.6 -41.4 181.6 -41.4 1.47E-02 005.9 088.8 -41.7 150.4610 10.57731 6.374450 shoemake 2024-09-12 12:44:02 
TT 190 184.4 -40.7 184.4 -40.7 1.45E-02 000.6 091.7 -41.4 12.04714 9.751813 6.589500 shoemake 2024-09-17 12:32:03 
TT 210 182.7 -40.9 182.7 -40.9 1.44E-02 004.3 090.0 -41.4 106.4076 10.43650 9.073230 shoemake 2024-10-10 19:11:39 
TT 240 186.8 -40.5 186.8 -40.5 6.20E-03 004.4 094.2 -41.6 47.34175 4.593360 3.638756 shoemake 2024-10-18 10:10:18 
TT 270 156.0 -32.2 156.0 -32.2 4.24E-03 022.3 065.8 -29.2 155.6307 22.80733 79.35620 shoemake 2024-10-26 16:32:49 
TT 270 143.4 -21.9 143.4 -21.9 4.63E-03 003.4 055.3 -17.5 21.96044 12.99447 11.87172 shoemake 2024-10-28 17:26:52 
TT 300 169.1 -37.2 169.1 -37.2 4.12E-03 002.1 077.5 -35.9 14.78694 3.793226 1.775052 shoemake 2024-11-06 16:15:57 
TT 330 173.7 -38.7 173.7 -38.7 3.73E-03 003.5 081.7 -38.0 21.58164 5.845276 4.159465 shoemake 2024-11-15 16:56:29 
TT 360 177.6 -42.2 177.6 -42.2 2.40E-03 002.0 084.6 -41.9 7.455926 3.320632 2.424786 shoemake 2024-11-18 16:13:21 
TT 360 085.9 -08.3 085.9 -08.3 1.19E-04 084.4 000.2 -00.3 4.240981 190.5386 172.0207 shoemake 2024-11-22 21:53:16 
TT 360 177.4 -42.4 177.4 -42.4 2.40E-03 002.9 084.5 -42.1 11.42571 3.824409 3.279291 shoemake 2024-11-23 20:27:51 
TT 390 176.8 -41.4 176.8 -41.4 2.02E-03 001.6 084.1 -41.0 3.263515 3.297187 3.704138 shoemake 2024-11-25 08:23:47 
TT 420 182.7 -41.8 182.7 -41.8 8.92E-04 002.1 089.8 -42.3 2.440320 1.478989 1.932291 shoemake 2024-11-26 22:46:59 
TT 450 178.3 -43.1 178.3 -43.1 3.52E-04 004.3 085.1 -42.9 2.519566 0.597772 0.822803 shoemake 2024-12-05 05:50:26 
TT 450 177.8 -42.8 177.8 -42.8 3.54E-04 001.6 084.7 -42.6 0.746456 0.714534 0.543120 shoemake 2025-02-06 02:00:32 
TT 480 184.4 -41.5 184.4 -41.5 1.87E-04 001.5 091.6 -42.2 0.407958 0.296533 0.129915 shoemake 2025-04-09 11:03:35 
TT 510 072.6 -23.1 072.6 -23.1 5.61E-06 037.6 347.5 -15.3 0.581753 0.185825 0.156297 shoemake 2025-04-25 20:18:49 
TT 510 079.0 -28.3 079.0 -28.3 1.16E-05 010.2 353.7 -20.3 0.188654 0.189123 0.071613 shoemake 2025-05-01 16:50:22 
