PKQ-A- 4D 
        307.0  42.0   0.0   0.0   1.0
NRM    290.4  74.0 290.4  74.0 2.01E-02 009.3 155.7  49.2 162.5159 287.7299 22.68349 shoemake 2024-07-15 20:14:09 
LT1 77 298.9  72.4 298.9  72.4 1.92E-02 001.1 154.1  46.5 16.37471 34.02533 10.63926 shoemake 2024-07-29 21:40:51 
LT2 77 303.6  76.0 303.6  76.0 1.90E-02 001.7 159.6  46.2 26.11466 49.34315 16.48062 shoemake 2024-08-11 19:23:41 
TT  70 300.2  73.5 300.2  73.5 1.59E-02 002.4 155.7  46.4 25.32959 61.73876 9.511358 shoemake 2024-08-16 11:03:10 
TT 100 300.3  73.3 300.3  73.3 1.59E-02 002.4 155.5  46.3 23.29212 62.66296 10.14003 shoemake 2024-08-28 12:28:09 
TT 130 301.1  75.6 301.1  75.6 1.53E-02 002.8 158.8  46.7 19.68965 72.73299 9.510652 shoemake 2024-08-30 15:56:00 
TT 160 296.6  75.5 296.6  75.5 1.36E-02 002.0 158.3  47.7 22.40893 42.95739 6.862057 shoemake 2024-09-06 14:50:32 
TT 190 295.2  70.9 295.2  70.9 1.28E-02 001.3 151.5  47.3 10.83782 26.74314 8.227401 shoemake 2024-09-10 16:04:15 
TT 210 299.0  74.3 299.0  74.3 8.09E-03 005.1 156.8  46.9 28.28696 66.41904 4.709388 shoemake 2024-10-16 19:32:23 
TT 240 296.6  72.2 296.6  72.2 6.96E-03 004.6 153.5  47.1 29.19292 48.00379 5.364602 shoemake 2024-10-30 15:13:01 
TT 270 292.7  70.5 292.7  70.5 6.88E-03 002.8 150.7  48.0 20.63947 27.27274 5.426386 shoemake 2024-11-11 22:11:45 
TT 300 293.5  73.0 293.5  73.0 6.67E-03 003.5 154.4  48.2 21.78229 34.56694 6.321935 shoemake 2024-11-16 11:19:46 
TT 330 292.2  73.3 292.2  73.3 6.39E-03 002.3 154.8  48.6 14.80809 20.73624 5.903892 shoemake 2024-11-17 00:13:20 
TT 360 290.6  74.1 290.6  74.1 4.83E-03 002.2 155.9  49.1 10.95710 13.92035 6.245377 shoemake 2024-11-24 15:03:00 
TT 390 281.3  71.0 281.3  71.0 2.93E-03 001.8 150.8  51.8 6.153822 6.043481 3.522846 shoemake 2024-11-26 11:27:22 
TT 420 277.5  77.8 277.5  77.8 2.88E-04 003.4 162.1  52.1 0.682973 1.541175 0.888017 shoemake 2024-11-27 23:43:23 
TT 450 215.2  62.8 215.2  62.8 1.85E-04 003.2 177.3  75.2 0.441406 0.946324 0.532544 shoemake 2024-12-06 15:42:29 
TT 480 275.5  73.3 275.5  73.3 1.98E-04 007.8 154.8  53.4 1.526644 2.343842 0.269685 shoemake 2025-02-22 23:28:34 
TT 510 258.3  51.7 258.3  51.7 1.64E-04 007.7 114.4  61.5 1.627784 1.616329 0.217135 shoemake 2025-02-28 02:09:53 
