PKQ-A- 7B 
        359.0  57.0   0.0   0.0   1.0
NRM    108.2  15.5 108.2  15.5 1.04E-01 007.4 207.4 -36.9 656.9779 1182.743 136.1754 shoemake 2024-07-15 21:26:32 
LT1 77 108.8  15.4 108.8  15.4 9.58E-02 004.3 208.2 -36.8 312.4095 644.3367 70.40488 shoemake 2024-07-29 23:21:20 
LT2 77 108.1  15.8 108.1  15.8 9.42E-02 002.7 207.2 -36.7 251.4420 368.0371 87.22275 shoemake 2024-08-11 20:48:34 
TT  70 110.5  15.1 110.5  15.1 7.70E-02 002.8 210.2 -36.4 164.6664 328.8737 85.91125 shoemake 2024-08-16 12:37:49 
TT 100 111.7  14.4 111.7  14.4 7.71E-02 002.9 211.9 -36.5 173.0426 346.2292 87.75731 shoemake 2024-08-28 13:39:44 
TT 130 114.5  14.0 114.5  14.0 5.72E-02 001.0 215.0 -35.5 44.96345 64.64637 67.83504 shoemake 2024-08-30 17:07:30 
TT 160 115.1  14.3 115.1  14.3 4.47E-02 002.5 215.5 -35.0 105.3436 166.4393 36.96728 shoemake 2024-09-06 16:02:03 
TT 190 114.3  15.1 114.3  15.1 3.82E-02 006.3 214.2 -34.7 216.3812 357.1028 37.65633 shoemake 2024-09-10 17:15:57 
TT 210 115.2  16.7 115.2  16.7 1.71E-02 002.2 214.1 -32.9 41.65009 49.56428 14.38518 shoemake 2024-10-16 20:44:50 
TT 240 114.5  17.1 114.5  17.1 1.70E-02 002.1 213.2 -32.9 36.27571 50.62847 6.757565 shoemake 2024-10-30 16:24:53 
TT 270 113.9  17.2 113.9  17.2 1.67E-02 001.1 212.5 -33.0 20.76152 25.77730 14.16796 shoemake 2024-11-11 23:36:58 
TT 300 111.2  18.4 111.2  18.4 1.65E-02 001.1 209.2 -33.1 22.64721 22.66970 16.09621 shoemake 2024-11-16 12:32:06 
TT 330 110.0  19.1 110.0  19.1 1.63E-02 001.8 207.6 -33.0 31.62691 40.47397 16.99163 shoemake 2024-11-17 02:40:52 
TT 360 113.1  17.7 113.1  17.7 1.56E-02 003.1 211.5 -33.0 41.82512 73.32701 21.38735 shoemake 2024-11-24 16:24:14 
TT 390 115.5  16.9 115.5  16.9 1.43E-02 001.5 214.4 -32.5 26.56770 22.89935 20.20558 shoemake 2024-11-26 12:42:16 
TT 420 111.3  19.5 111.3  19.5 1.16E-02 002.6 208.7 -32.1 33.55004 36.86027 22.25755 shoemake 2024-11-28 00:54:53 
TT 450 115.1  18.3 115.1  18.3 1.07E-02 001.9 213.1 -31.5 23.96982 22.93730 15.65006 shoemake 2024-12-06 16:54:23 
TT 480 113.3  19.4 113.3  19.4 1.00E-02 004.0 210.8 -31.4 39.45333 58.26209 3.777396 shoemake 2025-02-23 02:20:49 
TT 510 111.1  21.1 111.1  21.1 8.38E-03 001.2 207.7 -30.7 12.47666 15.63130 3.772806 shoemake 2025-02-28 13:46:51 
