PKQ-A- 2K 
        305.0  72.0   0.0   0.0   1.0
NRM    299.2  71.4 299.2  71.4 1.60E-02 014.6 160.5  17.8 148.7795 386.3283 21.92674 shoemake 2024-07-15 19:53:24 
LT1 77 302.7  71.2 302.7  71.2 1.55E-02 000.9 160.4  16.7 9.898489 10.13418 21.59282 shoemake 2024-07-29 21:11:19 
LT2 77 301.6  68.7 301.6  68.7 1.52E-02 007.3 157.7  16.8 78.97006 175.6923 22.54184 shoemake 2024-08-11 18:58:43 
TT  70 299.5  62.1 299.5  62.1 1.33E-02 005.5 150.8  16.9 57.13757 114.6562 16.62740 shoemake 2024-08-16 10:38:31 
TT 100 299.1  59.4 299.1  59.4 1.33E-02 002.1 147.9  16.7 20.07753 41.28754 15.70173 shoemake 2024-08-28 12:08:25 
TT 130 298.0  63.0 298.0  63.0 1.02E-02 001.2 151.6  17.7 13.46552 9.585510 14.45195 shoemake 2024-08-30 15:36:14 
TT 160 294.1  56.3 294.1  56.3 8.40E-03 008.2 144.5  19.1 68.25530 100.3007 9.779546 shoemake 2024-09-06 14:30:55 
TT 190 294.4  63.7 294.4  63.7 7.76E-03 005.7 152.3  19.3 32.59830 68.81274 11.94741 shoemake 2024-09-10 15:44:32 
TT 210 291.4  66.1 291.4  66.1 3.37E-03 002.9 154.8  20.6 6.056274 15.30933 4.014446 shoemake 2024-10-16 17:28:24 
TT 240 291.2  67.2 291.2  67.2 3.34E-03 001.9 156.0  20.6 5.669613 9.135714 2.998466 shoemake 2024-10-30 14:53:07 
TT 270 290.4  63.4 290.4  63.4 3.27E-03 002.3 152.0  21.1 4.905819 11.28949 5.183985 shoemake 2024-11-11 21:52:03 
TT 300 290.1  63.3 290.1  63.3 3.26E-03 003.3 151.8  21.2 10.48215 15.11537 5.673961 shoemake 2024-11-16 10:57:49 
TT 330 289.9  63.7 289.9  63.7 3.21E-03 002.0 152.2  21.3 4.104424 9.082545 5.402806 shoemake 2024-11-16 23:53:32 
TT 360 289.7  63.1 289.7  63.1 2.75E-03 001.9 151.6  21.4 3.810146 5.421093 6.530636 shoemake 2024-11-24 14:43:18 
TT 390 288.9  63.0 288.9  63.0 2.42E-03 001.8 151.5  21.8 4.078338 3.923554 5.538314 shoemake 2024-11-26 02:04:40 
TT 420 289.0  64.0 289.0  64.0 1.69E-03 003.2 152.6  21.7 3.215871 7.683345 4.821869 shoemake 2024-11-27 23:05:23 
TT 450 288.6  58.6 288.6  58.6 1.52E-03 007.8 146.8  22.1 12.43865 16.32010 3.762549 shoemake 2024-12-06 15:22:33 
TT 480 290.4  66.7 290.4  66.7 1.50E-03 001.9 155.5  20.9 1.536299 4.777148 1.260186 shoemake 2025-02-22 10:47:50 
TT 510 285.5  58.1 285.5  58.1 1.08E-03 037.5 146.4  23.8 77.38578 1.768770 16.68854 shoemake 2025-02-27 21:54:06 
