PKQ-A- 0B 
        312.0  76.0   0.0   0.0   1.0
NRM    178.2  44.9 178.2  44.9 1.50E-01 004.4 219.6  43.9 304.2461 961.0573 582.9858 shoemake 2024-07-15 22:55:12 
LT1 77 181.6  48.2 181.6  48.2 1.42E-01 004.1 214.1  44.1 797.2578 358.8934 526.8452 shoemake 2024-07-30 00:59:51 
LT2 77 181.4  48.0 181.4  48.0 1.39E-01 002.8 214.4  44.1 404.8380 328.2216 464.7612 shoemake 2024-08-11 22:11:01 
TT  70 179.7  46.1 179.7  46.1 1.35E-01 003.1 217.5  44.2 565.7428 127.8295 460.1925 shoemake 2024-08-16 13:56:30 
TT 100 180.3  46.2 180.3  46.2 1.29E-01 003.5 217.1  44.5 659.7863 173.4150 404.4847 shoemake 2024-08-28 14:51:18 
TT 130 180.3  46.2 180.3  46.2 1.11E-01 003.0 217.1  44.5 443.9450 118.9918 349.5713 shoemake 2024-08-30 19:35:16 
TT 160 179.2  43.7 179.2  43.7 1.01E-01 006.9 220.7  45.1 446.0203 1090.604 356.4753 shoemake 2024-09-06 17:13:28 
TT 190 181.4  46.8 181.4  46.8 9.19E-02 003.3 215.8  44.8 462.6905 62.65284 271.0975 shoemake 2024-09-10 18:27:44 
TT 210 182.7  47.5 182.7  47.5 5.85E-02 006.1 214.3  45.1 484.0268 358.4613 185.6876 shoemake 2024-10-16 22:40:10 
TT 240 184.5  49.8 184.5  49.8 1.75E-02 002.8 210.7  44.6 47.26639 39.50137 58.95118 shoemake 2024-10-30 17:37:03 
TT 270 183.8  48.4 183.8  48.4 1.67E-02 004.5 212.7  45.2 22.59099 115.2297 57.63214 shoemake 2024-11-12 02:22:00 
TT 300 185.6  50.2 185.6  50.2 1.59E-02 003.2 209.6  44.9 36.99364 58.67444 56.19263 shoemake 2024-11-16 13:44:07 
TT 330 187.0  47.6 187.0  47.6 7.38E-03 070.3 211.5  47.4 455.1507 279.7085 580.3693 shoemake 2024-11-17 03:55:05 
TT 330 188.7  48.8 188.7  48.8 7.38E-03 067.5 209.1  47.3 467.1715 260.7151 580.3114 shoemake 2024-11-17 20:56:06 
TT 330 182.6  47.8 182.6  47.8 1.47E-02 003.2 214.0  44.9 29.62617 57.01443 51.81471 shoemake 2024-11-17 21:22:19 
TT 360 180.9  45.2 180.9  45.2 1.10E-02 004.6 218.0  45.4 18.85918 75.19053 44.65787 shoemake 2024-11-24 22:19:47 
TT 390 187.9  51.0 187.9  51.0 7.84E-03 003.6 207.4  45.5 35.04008 14.66992 32.40173 shoemake 2024-11-26 16:06:51 
TT 420 200.7  59.4 200.7  59.4 5.01E-04 003.8 192.4  42.7 2.216323 1.412029 2.231644 shoemake 2024-11-28 02:06:54 
TT 450 210.7  60.0 210.7  60.0 3.22E-04 003.3 185.5  43.6 1.193018 0.931340 1.196763 shoemake 2024-12-06 18:06:42 
TT 480 210.2  64.2 210.2  64.2 2.90E-04 002.5 184.8  39.5 0.862229 0.659388 0.702380 shoemake 2025-02-23 19:18:19 
TT 510 217.8  61.1 217.8  61.1 2.69E-04 003.3 180.6  42.9 0.738555 1.253376 0.549341 shoemake 2025-02-28 16:39:43 
