PKQ-A- 1C 
        340.0  72.0   0.0   0.0   1.0
NRM    292.1  65.9 292.1  65.9 2.09E-02 010.3 159.5  33.7 137.0023 354.6778 28.91091 shoemake 2024-07-15 19:30:28 
LT1 77 298.3  61.7 298.3  61.7 1.99E-02 003.1 153.5  33.5 53.70653 93.08916 13.87754 shoemake 2024-07-29 20:38:52 
LT2 77 299.5  60.6 299.5  60.6 1.96E-02 001.1 152.0  33.5 24.52830 21.84212 20.71868 shoemake 2024-08-11 18:28:43 
TT  70 299.8  60.4 299.8  60.4 1.94E-02 002.8 151.7  33.4 35.58284 86.31784 16.23972 shoemake 2024-08-16 10:11:22 
TT 100 302.1  55.5 302.1  55.5 1.82E-02 005.4 145.7  34.1 87.31312 147.1362 14.06421 shoemake 2024-08-28 11:41:17 
TT 130 296.5  59.5 296.5  59.5 1.42E-02 006.5 151.7  35.3 85.83876 136.9684 10.11014 shoemake 2024-08-30 15:09:09 
TT 160 301.1  52.0 301.1  52.0 1.23E-02 002.3 142.0  35.7 32.91429 37.54026 7.039168 shoemake 2024-09-06 14:03:46 
TT 190 294.3  60.0 294.3  60.0 1.10E-02 001.2 152.8  36.0 15.34230 16.66781 9.364058 shoemake 2024-09-10 15:17:17 
TT 210 293.2  56.8 293.2  56.8 5.44E-03 008.6 149.6  38.1 40.16013 71.81839 4.263568 shoemake 2024-10-16 17:01:17 
TT 210 292.6  58.4 292.6  58.4 5.50E-03 001.3 151.6  37.6 6.262175 10.72006 4.040577 shoemake 2024-10-17 11:38:04 
TT 240 288.6  60.7 288.6  60.7 5.55E-03 002.4 155.5  38.0 9.907754 21.60792 2.626089 shoemake 2024-10-30 14:25:55 
TT 270 294.0  55.8 294.0  55.8 5.47E-03 001.4 148.3  38.2 7.945871 10.75006 3.968929 shoemake 2024-11-11 21:24:59 
TT 300 292.1  57.5 292.1  57.5 5.47E-03 004.8 150.8  38.3 22.15110 39.75444 5.287063 shoemake 2024-11-16 10:30:33 
TT 330 292.7  56.7 292.7  56.7 5.43E-03 001.3 149.7  38.4 8.448951 8.241172 5.034366 shoemake 2024-11-16 23:26:35 
TT 360 291.9  57.5 291.9  57.5 5.43E-03 002.5 150.9  38.4 14.39156 18.40354 6.859713 shoemake 2024-11-24 14:16:09 
TT 390 289.9  58.6 289.9  58.6 5.32E-03 002.3 152.9  38.7 11.33206 17.69641 6.256968 shoemake 2024-11-26 00:40:56 
TT 420 290.8  58.2 290.8  58.2 5.19E-03 003.9 152.0  38.5 17.09113 30.26035 7.999355 shoemake 2024-11-27 22:10:10 
TT 450 287.2  59.6 287.2  59.6 4.85E-03 008.0 154.9  39.2 28.00050 61.94563 6.800926 shoemake 2024-12-06 14:55:22 
TT 480 291.6  57.9 291.6  57.9 3.96E-03 004.9 151.5  38.3 16.03333 30.31838 1.024938 shoemake 2025-02-22 01:33:10 
TT 510 291.0  58.1 291.0  58.1 2.64E-03 002.3 151.8  38.5 5.415412 9.465353 0.607195 shoemake 2025-02-27 15:13:36 
