PKQ-A- 8B 
        350.0  50.0   0.0   0.0   1.0
NRM    133.0  41.7 133.0  41.7 1.70E-01 004.8 218.7  06.3 1099.438 1178.260 236.6846 shoemake 2024-07-15 21:49:24 
LT1 77 139.1  36.6 139.1  36.6 1.72E-01 007.4 225.6  05.6 1616.056 1540.775 99.87177 shoemake 2024-07-29 23:53:50 
LT2 77 135.7  39.0 135.7  39.0 1.70E-01 001.4 222.0  05.6 242.7976 315.4672 155.1340 shoemake 2024-08-11 21:16:09 
TT  70 134.7  39.6 134.7  39.6 1.11E-01 007.3 221.0  05.6 966.8440 1036.784 93.63383 shoemake 2024-08-16 13:04:52 
TT  70 137.0  38.2 137.0  38.2 1.12E-01 001.5 223.3  05.7 181.6838 215.9185 94.63534 shoemake 2024-08-19 13:38:37 
TT 100 132.0  41.2 132.0  41.2 1.11E-01 006.0 218.4  05.5 742.2625 892.7374 73.70198 shoemake 2024-08-28 14:04:26 
TT 130 132.6  41.0 132.6  41.0 1.04E-01 000.7 218.9  05.6 76.17857 102.3479 91.53971 shoemake 2024-08-30 17:32:09 
TT 160 136.3  38.9 136.3  38.9 8.40E-02 004.8 222.4  05.9 461.2271 527.1151 50.69426 shoemake 2024-09-06 16:26:36 
TT 190 129.9  43.2 129.9  43.2 7.32E-02 003.9 216.0  06.1 302.8344 393.1095 66.19480 shoemake 2024-09-10 17:40:49 
TT 210 135.8  40.0 135.8  40.0 3.68E-02 008.8 221.4  06.4 380.2209 426.0992 34.60295 shoemake 2024-10-16 21:09:20 
TT 210 131.9  42.2 131.9  42.2 3.72E-02 000.9 217.7  06.2 32.51886 47.95735 31.18971 shoemake 2024-10-17 12:11:49 
TT 240 135.5  40.7 135.5  40.7 3.41E-02 006.8 220.8  06.8 269.4199 308.0958 17.70894 shoemake 2024-10-30 16:49:48 
TT 270 133.0  42.4 133.0  42.4 3.32E-02 008.0 218.3  06.9 288.2900 363.1699 31.02139 shoemake 2024-11-12 00:02:00 
TT 300 131.6  43.3 131.6  43.3 3.25E-02 004.8 216.8  06.9 166.5392 216.4836 37.35295 shoemake 2024-11-16 12:56:59 
TT 330 138.8  38.4 138.8  38.4 3.04E-02 005.6 224.2  06.8 208.9602 209.2663 33.69218 shoemake 2024-11-17 03:05:48 
TT 360 136.6  40.4 136.6  40.4 2.37E-02 006.7 221.6  07.2 184.1291 204.3271 39.02493 shoemake 2024-11-24 16:49:04 
TT 390 137.0  40.6 137.0  40.6 1.98E-02 004.5 221.7  07.5 102.8494 113.5076 33.42531 shoemake 2024-11-26 14:47:11 
TT 420 135.0  43.6 135.0  43.6 8.43E-03 005.9 218.6  08.7 55.33154 64.46488 20.50999 shoemake 2024-11-28 01:19:41 
TT 450 134.1  44.8 134.1  44.8 7.11E-03 006.4 217.2  09.2 49.60906 60.83675 14.18429 shoemake 2024-12-06 17:19:20 
TT 480 139.1  40.8 139.1  40.8 6.57E-03 001.2 222.8  08.7 10.04507 10.67221 2.851554 shoemake 2025-02-23 10:00:47 
TT 510 142.2  39.1 142.2  39.1 5.73E-03 002.1 225.7  09.1 15.96537 15.41929 2.486849 shoemake 2025-02-28 15:29:52 
