PKQ-A- 4B 
        307.0  42.0   0.0   0.0   1.0
NRM    306.2  71.8 306.2  71.8 1.72E-02 002.8 154.2  44.2 46.39760 70.42113 18.43904 shoemake 2024-07-15 20:09:57 
LT1 77 307.5  71.2 307.5  71.2 1.66E-02 002.9 153.6  43.5 33.95315 77.73286 10.69479 shoemake 2024-07-29 21:35:01 
LT2 77 306.3  69.7 306.3  69.7 1.65E-02 001.3 151.5  43.3 17.30101 31.40390 13.54102 shoemake 2024-08-11 19:18:37 
TT  70 304.5  71.5 304.5  71.5 1.41E-02 003.5 153.6  44.6 35.80764 78.59121 11.06813 shoemake 2024-08-16 10:58:17 
TT 100 301.4  69.1 301.4  69.1 1.42E-02 004.3 149.9  44.7 48.18762 95.74558 11.11243 shoemake 2024-08-28 12:23:15 
TT 130 308.8  74.7 308.8  74.7 1.34E-02 002.9 158.3  44.5 19.25761 64.11502 9.200279 shoemake 2024-08-30 15:51:06 
TT 160 305.6  73.6 305.6  73.6 1.20E-02 003.8 156.5  44.9 30.79717 72.93979 6.969348 shoemake 2024-09-06 14:45:33 
TT 190 298.7  69.6 298.7  69.6 1.15E-02 005.7 150.1  45.8 51.20140 102.0551 9.424577 shoemake 2024-09-10 15:59:23 
TT 210 300.0  74.9 300.0  74.9 6.94E-03 002.1 157.7  46.8 8.771508 23.17160 5.470120 shoemake 2024-10-16 19:27:31 
TT 240 306.3  76.3 306.3  76.3 6.27E-03 001.5 160.2  45.6 7.170629 14.81845 2.730205 shoemake 2024-10-30 15:08:07 
TT 270 297.7  72.3 297.7  72.3 6.07E-03 004.2 153.7  46.8 20.66006 39.18611 3.591303 shoemake 2024-11-11 22:06:55 
TT 300 299.6  75.8 299.6  75.8 5.92E-03 004.2 159.0  47.1 16.37182 39.85628 5.303784 shoemake 2024-11-16 11:14:53 
TT 330 296.6  74.4 296.6  74.4 5.63E-03 003.3 156.8  47.6 13.93300 29.60666 4.464830 shoemake 2024-11-17 00:08:28 
TT 360 300.2  78.3 300.2  78.3 4.75E-03 004.6 162.6  47.4 12.45696 36.20348 6.111983 shoemake 2024-11-24 14:58:10 
TT 390 293.8  71.1 293.8  71.1 3.48E-03 003.0 151.7  47.8 9.158127 15.45235 3.747760 shoemake 2024-11-26 11:22:28 
TT 420 285.1  74.5 285.1  74.5 6.41E-04 002.4 156.4  50.6 2.066986 1.617117 1.627150 shoemake 2024-11-27 23:38:31 
TT 450 260.1  74.3 260.1  74.3 5.13E-04 003.0 158.7  57.2 1.279575 2.353279 1.334286 shoemake 2024-12-06 15:37:36 
TT 480 304.0  76.7 304.0  76.7 5.71E-04 003.8 160.6  46.2 1.750239 3.561841 0.679613 shoemake 2025-02-22 23:14:26 
TT 510 265.3  66.9 265.3  66.9 4.59E-04 003.7 144.8  57.8 1.979307 2.428375 0.661572 shoemake 2025-02-28 02:03:04 
