PKQ-A- 2D 
        305.0  72.0   0.0   0.0   1.0
NRM    300.2  62.0 300.2  62.0 2.44E-02 004.8 150.6  16.5 104.0823 175.9269 35.19169 shoemake 2024-07-15 19:38:52 
LT1 77 309.2  77.8 309.2  77.8 2.29E-02 002.0 167.4  16.0 24.14541 69.54139 36.76015 shoemake 2024-07-29 20:50:34 
LT2 77 305.9  73.1 305.9  73.1 2.26E-02 002.3 162.4  16.0 19.99828 78.37108 40.58167 shoemake 2024-08-11 18:41:21 
TT  70 308.9  78.9 308.9  78.9 2.20E-02 006.5 168.5  16.3 37.47907 244.2882 40.29205 shoemake 2024-08-16 10:21:10 
TT 100 307.1  76.2 307.1  76.2 2.08E-02 007.0 165.7  16.2 49.41220 247.4175 39.75088 shoemake 2024-08-28 11:51:15 
TT 130 302.7  71.9 302.7  71.9 1.55E-02 003.2 161.1  16.8 14.21074 78.12762 36.31603 shoemake 2024-08-30 15:18:55 
TT 160 299.2  62.9 299.2  62.9 1.29E-02 000.8 151.5  17.1 10.10798 8.826603 14.39972 shoemake 2024-09-06 14:13:43 
TT 190 300.3  75.5 300.3  75.5 1.17E-02 002.0 164.8  17.8 8.353598 36.19709 19.29577 shoemake 2024-09-10 15:27:18 
TT 210 297.1  70.4 297.1  70.4 5.16E-03 002.9 159.4  18.5 7.048874 24.12029 8.310435 shoemake 2024-10-16 17:11:04 
TT 240 296.0  68.6 296.0  68.6 5.20E-03 002.0 157.4  18.8 5.872007 16.75703 4.947108 shoemake 2024-10-30 14:35:47 
TT 270 294.9  70.6 294.9  70.6 5.10E-03 001.9 159.6  19.2 5.719690 14.89297 7.064714 shoemake 2024-11-11 21:34:46 
TT 300 295.3  68.8 295.3  68.8 5.12E-03 002.0 157.7  19.1 6.731848 14.84584 8.204954 shoemake 2024-11-16 10:40:26 
TT 330 294.5  71.8 294.5  71.8 5.03E-03 001.9 160.9  19.3 5.675852 14.29368 7.787047 shoemake 2024-11-16 23:36:20 
TT 360 294.5  66.4 294.5  66.4 4.96E-03 002.6 155.1  19.3 8.488569 18.02899 11.13400 shoemake 2024-11-24 14:26:01 
TT 390 294.1  70.0 294.1  70.0 4.72E-03 004.8 158.9  19.5 12.18697 36.83637 10.54568 shoemake 2024-11-26 00:50:47 
TT 420 295.2  67.9 295.2  67.9 4.12E-03 001.9 156.7  19.1 6.034480 6.224739 10.93127 shoemake 2024-11-27 22:19:57 
TT 450 293.8  63.5 293.8  63.5 3.80E-03 003.8 152.1  19.6 13.90657 19.26014 8.896960 shoemake 2024-12-06 15:05:11 
TT 480 293.5  74.7 293.5  74.7 3.45E-03 011.2 164.0  19.5 17.31913 65.95346 2.798891 shoemake 2025-02-22 01:42:58 
TT 510 294.1  64.3 294.1  64.3 2.63E-03 002.9 152.9  19.4 7.465515 11.13306 2.228672 shoemake 2025-02-27 15:53:19 
