PKQ-A- 5B 
        278.0  49.0   0.0   0.0   1.0
NRM    125.2  20.3 125.2  20.3 5.48E-02 001.5 273.5  36.0 94.08280 89.02151 66.24585 shoemake 2024-07-15 20:26:19 
LT1 77 125.6  20.0 125.6  20.0 4.96E-02 003.3 274.1  36.1 285.1224 39.34223 26.25471 shoemake 2024-07-29 21:55:40 
LT2 77 126.9  18.4 126.9  18.4 4.88E-02 001.0 276.7  36.0 76.54843 41.84026 33.70451 shoemake 2024-08-11 19:36:07 
TT  70 129.2  14.9 129.2  14.9 3.14E-02 005.3 281.7  35.6 280.9504 69.87044 19.43817 shoemake 2024-08-16 11:15:26 
TT 100 130.5  13.6 130.5  13.6 3.16E-02 002.9 284.0  35.7 154.3341 51.02645 17.62630 shoemake 2024-08-28 12:38:07 
TT 130 128.2  16.1 128.2  16.1 3.16E-02 004.1 279.8  35.6 219.3456 49.62808 16.25015 shoemake 2024-08-30 16:05:50 
TT 160 127.1  17.3 127.1  17.3 2.82E-02 001.2 277.9  35.6 52.33649 23.67305 18.30480 shoemake 2024-09-06 15:00:23 
TT 190 130.1  13.7 130.1  13.7 2.57E-02 001.4 283.5  35.4 61.16464 20.23139 13.89292 shoemake 2024-09-10 16:14:13 
TT 210 137.0  06.8 137.0  06.8 1.55E-02 007.3 295.4  35.6 177.7616 87.59248 10.86609 shoemake 2024-10-16 19:42:07 
TT 210 135.6  07.8 135.6  07.8 1.56E-02 000.6 293.4  35.4 10.47304 11.83705 10.35351 shoemake 2024-10-17 11:40:53 
TT 240 134.4  10.0 134.4  10.0 1.06E-02 000.8 290.4  36.1 7.837609 11.57727 8.968494 shoemake 2024-10-30 15:22:57 
TT 270 131.8  12.7 131.8  12.7 1.04E-02 002.7 285.9  36.0 46.30712 15.57797 10.95688 shoemake 2024-11-11 22:21:36 
TT 300 133.1  11.1 133.1  11.1 1.00E-02 001.6 288.3  35.9 20.56077 16.42350 12.72597 shoemake 2024-11-16 11:29:39 
TT 330 132.0  12.4 132.0  12.4 9.40E-03 003.1 286.2  35.9 47.26846 15.71512 11.55492 shoemake 2024-11-17 00:23:15 
TT 360 133.4  10.9 133.4  10.9 7.21E-03 001.5 288.8  35.9 9.835704 11.94512 13.33620 shoemake 2024-11-24 15:12:55 
TT 390 135.2  09.5 135.2  09.5 5.13E-03 001.8 291.5  36.3 9.528144 9.243132 9.794125 shoemake 2024-11-26 11:37:17 
TT 420 138.6  05.9 138.6  05.9 5.14E-04 002.8 297.6  36.0 1.530801 1.287798 1.883144 shoemake 2024-11-27 23:53:12 
TT 420 181.2 -49.1 181.2 -49.1 2.17E-04 065.9 357.7 -00.2 2.172651 38.96150 31.30883 shoemake 2024-12-04 18:03:12 
TT 420 140.5  04.0 140.5  04.0 5.15E-04 002.5 300.9  35.9 1.055043 1.523434 1.553195 shoemake 2024-12-04 21:48:51 
TT 450 138.1  03.4 138.1  03.4 3.67E-04 004.1 299.2  33.8 2.286239 1.033358 1.006931 shoemake 2024-12-06 15:52:26 
TT 480 142.0  02.5 142.0  02.5 3.22E-04 001.5 303.5  35.7 0.711865 0.819400 0.414039 shoemake 2025-02-22 23:38:26 
TT 510 143.7 -00.8 143.7 -00.8 2.84E-04 003.9 307.6  34.0 1.651396 1.195678 0.359258 shoemake 2025-02-28 02:19:49 
