PKQ-A- 7C 
        359.0  57.0   0.0   0.0   1.0
NRM    108.9  18.7 108.9  18.7 8.34E-02 004.3 206.6 -33.7 341.9958 512.2634 109.7076 shoemake 2024-07-15 21:28:40 
LT1 77 113.3  16.6 113.3  16.6 7.56E-02 008.3 212.3 -33.8 574.3138 944.0888 59.61049 shoemake 2024-07-29 23:24:16 
LT2 77 112.6  17.6 112.6  17.6 7.47E-02 002.1 211.0 -33.2 101.5225 236.0781 90.92830 shoemake 2024-08-11 20:51:06 
TT  70 112.5  17.8 112.5  17.8 5.94E-02 003.8 210.9 -33.1 175.7702 343.6740 81.28699 shoemake 2024-08-16 12:40:16 
TT 100 111.6  18.2 111.6  18.2 5.93E-02 005.4 209.7 -33.1 252.4006 492.9925 67.98075 shoemake 2024-08-28 13:42:16 
TT 130 116.5  17.2 116.5  17.2 4.45E-02 001.0 215.2 -31.8 42.25944 37.28956 56.84041 shoemake 2024-08-30 17:09:57 
TT 160 113.6  19.3 113.6  19.3 3.43E-02 006.3 211.2 -31.3 189.9957 323.8051 26.93990 shoemake 2024-09-06 16:04:29 
TT 190 115.9  19.0 115.9  19.0 2.95E-02 005.6 213.5 -30.6 146.7865 247.2856 27.94460 shoemake 2024-09-10 17:18:27 
TT 210 113.5  21.8 113.5  21.8 1.33E-02 003.8 209.7 -29.1 36.28734 79.75901 17.85761 shoemake 2024-10-16 20:47:16 
TT 240 115.2  20.8 115.2  20.8 1.32E-02 004.7 211.9 -29.3 55.86001 94.05378 6.667927 shoemake 2024-10-30 16:27:24 
TT 270 114.7  20.7 114.7  20.7 1.30E-02 005.4 211.5 -29.5 59.63367 106.9649 13.35993 shoemake 2024-11-11 23:39:28 
TT 300 113.7  21.3 113.7  21.3 1.29E-02 002.5 210.1 -29.5 24.85176 48.81724 15.51104 shoemake 2024-11-16 12:34:37 
TT 330 117.0  19.7 117.0  19.7 1.27E-02 002.8 214.2 -29.4 32.36418 52.50980 15.49068 shoemake 2024-11-17 02:43:23 
TT 360 113.7  21.7 113.7  21.7 1.20E-02 003.1 209.9 -29.1 28.44310 57.63703 19.20683 shoemake 2024-11-24 16:26:45 
TT 390 115.2  21.2 115.2  21.2 1.08E-02 004.7 211.7 -29.0 40.87785 76.96131 18.86735 shoemake 2024-11-26 12:44:46 
TT 420 114.6  21.9 114.6  21.9 8.69E-03 002.6 210.7 -28.5 17.58480 31.48522 18.80292 shoemake 2024-11-28 00:57:23 
TT 450 115.4  22.2 115.4  22.2 7.94E-03 003.7 211.3 -28.0 30.73011 38.89229 12.71954 shoemake 2024-12-06 16:56:55 
TT 480 118.0  21.2 118.0  21.2 7.52E-03 001.3 214.3 -27.6 8.788860 16.83022 3.076279 shoemake 2025-02-23 02:23:18 
TT 510 120.0  20.5 120.0  20.5 6.39E-03 004.9 216.4 -27.2 30.56025 46.36184 2.679567 shoemake 2025-02-28 13:49:21 
