PKQ-A- 5K 
        278.0  49.0   0.0   0.0   1.0
NRM    123.5  19.2 123.5  19.2 3.21E-02 001.4 273.5  34.0 46.27075 46.23330 45.20788 shoemake 2024-07-15 20:44:57 
LT1 77 125.5  16.2 125.5  16.2 2.89E-02 001.4 277.7  33.7 65.40432 16.28565 23.44365 shoemake 2024-07-29 22:22:15 
LT2 77 127.7  13.6 127.7  13.6 2.81E-02 003.7 281.8  33.6 179.1281 30.88020 30.74807 shoemake 2024-08-11 19:58:45 
TT  70 130.9  08.2 130.9  08.2 1.72E-02 001.4 289.1  32.3 32.38457 19.71484 20.80418 shoemake 2024-08-16 11:37:34 
TT 100 132.6  06.3 132.6  06.3 1.72E-02 003.0 292.0  32.3 83.24229 26.74867 20.90873 shoemake 2024-08-28 13:00:17 
TT 130 129.5  09.7 129.5  09.7 1.70E-02 005.8 286.6  32.3 165.5907 41.91173 22.51135 shoemake 2024-08-30 16:28:04 
TT 160 132.1  06.4 132.1  06.4 1.65E-02 002.2 291.5  31.9 57.80965 15.54773 20.03159 shoemake 2024-09-06 15:22:32 
TT 190 129.8  08.5 129.8  08.5 1.58E-02 003.1 288.0  31.8 81.44432 18.28847 18.32040 shoemake 2024-09-10 16:36:25 
TT 210 136.6  01.5 136.6  01.5 1.12E-02 010.9 299.3  31.4 191.7072 97.31779 16.67211 shoemake 2024-10-16 20:04:09 
TT 210 138.3 -00.0 138.3 -00.0 1.13E-02 007.6 302.0  31.3 131.4045 74.75054 19.32036 shoemake 2024-10-17 12:04:02 
TT 210 138.1  00.2 138.1  00.2 1.13E-02 008.8 301.7  31.3 151.7838 84.23491 16.11368 shoemake 2024-10-17 17:45:20 
TT 240 136.3  00.9 136.3  00.9 4.74E-03 002.2 299.6  30.7 16.46265 6.953729 5.816401 shoemake 2024-10-30 15:45:17 
TT 270 137.0  00.9 137.0  00.9 4.61E-03 007.7 300.2  31.2 55.78599 28.02362 6.708784 shoemake 2024-11-11 22:43:39 
TT 300 137.1  00.8 137.1  00.8 4.46E-03 005.6 300.3  31.2 39.02027 19.19441 7.776688 shoemake 2024-11-16 11:52:08 
TT 330 141.1 -03.3 141.1 -03.3 2.08E-03 059.6 306.9  30.5 115.3657 153.4941 113.0306 shoemake 2024-11-17 00:45:29 
TT 330 323.4 -14.2 323.4 -14.2 4.90E-10 057.6 114.6 -38.0 0.000050 0.000052 0.000024 shoemake 2024-11-17 20:50:27 
TT 330 139.4 -01.0 139.4 -01.0 4.17E-03 001.7 303.7  31.3 9.067691 5.323174 6.703671 shoemake 2024-11-17 21:16:42 
TT 360 134.5  04.5 134.5  04.5 1.44E-03 034.9 295.1  32.2 55.34628 117.9192 82.01391 shoemake 2024-11-24 15:35:09 
TT 360 024.9  26.9 024.9  26.9 7.81E-10 055.4 199.1 -17.3 0.000057 0.000079 0.000043 shoemake 2024-11-25 00:08:49 
TT 360 139.7 -01.5 139.7 -01.5 2.88E-03 002.7 304.4  31.1 10.44037 5.739173 6.896848 shoemake 2024-11-25 00:36:10 
TT 390 147.6 -07.9 147.6 -07.9 7.99E-04 042.6 316.2  30.4 53.19369 51.02559 43.24270 shoemake 2024-11-26 11:59:34 
TT 390 143.7 -04.5 143.7 -04.5 1.59E-03 002.1 310.2  31.1 3.948541 3.174002 3.417154 shoemake 2024-11-26 17:43:45 
TT 420 160.5 -30.8 160.5 -30.8 3.81E-05 006.9 338.6  14.8 0.190216 0.394545 0.160044 shoemake 2024-11-28 00:15:28 
TT 420 166.7 -34.4 166.7 -34.4 1.91E-05 058.4 344.8  12.8 1.922301 0.523702 0.453906 shoemake 2024-12-04 18:26:29 
TT 420 185.1  43.3 185.1  43.3 2.40E-08 020.4 172.0  87.4 0.000051 0.000055 0.002885 shoemake 2024-12-04 22:10:56 
TT 420 241.4 -30.3 241.4 -30.3 4.30E-09 075.6 046.2  01.5 0.002523 0.001690 0.000046 shoemake 2024-12-05 00:03:12 
TT 420 315.3  12.6 315.3  12.6 6.05E-10 059.6 128.1 -16.9 0.000051 0.000059 0.000065 shoemake 2024-12-05 00:13:07 
TT 420 157.2 -30.1 157.2 -30.1 3.84E-05 002.3 335.7  14.5 0.052495 0.079068 0.129851 shoemake 2024-12-05 00:24:57 
TT 450 219.3  39.4 219.3  39.4 2.17E-08 071.9 098.1  63.4 0.004286 0.002920 0.002538 shoemake 2024-12-06 16:14:46 
TT 450 253.3 -64.4 253.3 -64.4 1.58E-05 056.7 027.2 -28.2 1.320551 0.679740 0.796024 shoemake 2024-12-06 21:15:23 
TT 450 154.4 -14.1 154.4 -14.1 1.58E-05 014.0 326.2  28.2 1.233151 0.823372 0.795349 shoemake 2024-12-06 21:25:22 
TT 450 261.5 -58.4 261.5 -58.4 1.54E-05 018.5 035.2 -28.0 1.186436 0.836859 0.772396 shoemake 2024-12-06 21:33:11 
TT 450 157.5 -13.9 157.5 -13.9 3.10E-05 004.4 329.3  29.6 0.087825 0.206177 0.085642 shoemake 2024-12-06 21:43:32 
TT 480 005.5  22.4 005.5  22.4 1.81E-09 078.2 180.8 -25.3 0.000202 0.000349 0.000735 shoemake 2025-02-23 00:09:31 
TT 480 189.9 -26.9 189.9 -26.9 1.31E-05 056.7 005.0  22.0 1.306497 0.208027 0.525970 shoemake 2025-02-24 10:13:24 
TT 480 171.9 -25.6 171.9 -25.6 2.58E-05 006.9 347.6  22.4 0.240683 0.297414 0.012305 shoemake 2025-02-24 10:35:53 
TT 510 227.6  35.4 227.6  35.4 2.59E-08 024.3 094.8  56.0 0.000621 0.000290 0.001256 shoemake 2025-02-28 12:41:52 
