PKQ-A- 5M 
        278.0  49.0   0.0   0.0   1.0
NRM    128.4  13.5 128.4  13.5 4.23E-02 002.6 282.4  34.1 167.9798 72.55894 64.52138 shoemake 2024-07-15 20:49:11 
LT1 77 127.2  14.3 127.2  14.3 3.78E-02 004.3 280.7  33.7 277.6828 55.13387 17.79760 shoemake 2024-07-29 22:28:10 
LT2 77 130.3  10.9 130.3  10.9 3.72E-02 000.9 286.2  33.7 48.46457 31.38485 26.41548 shoemake 2024-08-11 20:03:47 
TT  70 134.1  04.9 134.1  04.9 2.36E-02 007.5 294.5  32.3 284.1774 129.7082 19.42069 shoemake 2024-08-16 11:42:34 
TT  70 131.3  07.6 131.3  07.6 2.39E-02 002.7 289.9  32.2 106.4499 38.52570 15.56680 shoemake 2024-08-19 13:21:00 
TT 100 134.1  04.7 134.1  04.7 2.38E-02 000.8 294.6  32.1 25.75191 21.64647 16.50391 shoemake 2024-08-28 13:05:10 
TT 130 139.4 -00.4 139.4 -00.4 2.35E-02 004.3 303.3  31.8 148.5037 90.08387 24.03919 shoemake 2024-08-30 16:33:05 
TT 160 136.7  02.0 136.7  02.0 2.31E-02 000.6 299.1  31.8 18.00213 15.00753 14.99787 shoemake 2024-09-06 15:27:25 
TT 190 133.8  04.8 133.8  04.8 2.24E-02 007.4 294.4  31.9 268.0157 113.8615 14.63328 shoemake 2024-09-10 16:41:18 
TT 210 139.9 -01.5 139.9 -01.5 1.71E-02 006.4 304.5  31.2 159.5319 104.8733 13.67260 shoemake 2024-10-16 20:09:08 
TT 240 139.7 -02.8 139.7 -02.8 6.83E-03 001.5 305.3  30.1 14.32885 10.82135 3.614229 shoemake 2024-10-30 15:50:18 
TT 270 140.0 -02.9 140.0 -02.9 6.66E-03 001.4 305.7  30.1 12.45547 8.852488 6.697643 shoemake 2024-11-11 22:48:37 
TT 300 140.9 -03.4 140.9 -03.4 6.49E-03 001.1 306.8  30.3 7.247663 7.793644 8.057731 shoemake 2024-11-16 11:57:11 
TT 330 140.8 -03.5 140.8 -03.5 6.06E-03 001.1 306.8  30.2 6.603304 7.560469 7.159718 shoemake 2024-11-17 00:50:29 
TT 360 142.3 -04.8 142.3 -04.8 4.41E-03 001.9 309.1  30.0 10.58012 8.119398 8.033981 shoemake 2024-11-24 15:49:35 
TT 390 145.4 -08.1 145.4 -08.1 2.89E-03 002.9 314.1  29.1 10.64832 8.806916 5.497313 shoemake 2024-11-26 12:04:34 
TT 420 165.5 -25.7 165.5 -25.7 9.65E-05 003.1 341.5  20.9 0.268350 0.333948 0.358064 shoemake 2024-11-28 00:20:29 
TT 420 187.4 -49.5 187.4 -49.5 8.65E-05 028.4 001.7 -00.5 0.255735 3.084503 3.504560 shoemake 2024-12-04 18:31:27 
TT 420 166.9 -25.5 166.9 -25.5 9.70E-05 004.2 342.8  21.5 0.352309 0.568504 0.289140 shoemake 2024-12-04 22:15:55 
TT 450 158.1 -14.1 158.1 -14.1 6.47E-05 002.0 330.0  29.7 0.105017 0.144277 0.149964 shoemake 2024-12-06 16:19:46 
TT 480 176.3 -28.5 176.3 -28.5 6.40E-05 003.4 352.1  20.0 0.366689 0.373927 0.038428 shoemake 2025-02-23 00:16:31 
TT 510 161.8 -11.1 161.8 -11.1 5.80E-05 004.0 332.7  33.8 0.360221 0.357561 0.047839 shoemake 2025-02-28 12:46:52 
