PKQ-A- 5J 
        278.0  49.0   0.0   0.0   1.0
NRM    120.1  23.6 120.1  23.6 4.97E-02 005.5 267.0  34.0 470.2605 97.09872 63.16115 shoemake 2024-07-15 20:42:53 
LT1 77 119.5  23.7 119.5  23.7 4.42E-02 001.6 266.5  33.6 108.1372 37.33519 43.55142 shoemake 2024-07-29 22:19:15 
LT2 77 123.5  18.4 123.5  18.4 4.35E-02 001.8 274.2  33.5 123.2523 46.79182 42.10707 shoemake 2024-08-11 19:56:12 
TT  70 125.6  14.7 125.6  14.7 2.61E-02 008.5 279.2  32.8 378.7104 86.17877 23.83263 shoemake 2024-08-16 11:35:03 
TT  70 126.3  13.6 126.3  13.6 2.64E-02 005.2 280.7  32.6 232.0114 64.41143 30.02069 shoemake 2024-08-19 13:18:29 
TT 100 125.7  14.0 125.7  14.0 2.63E-02 006.5 279.9  32.5 289.6121 69.95537 24.23260 shoemake 2024-08-28 12:57:48 
TT 130 126.4  13.2 126.4  13.2 2.61E-02 006.1 281.2  32.4 266.9164 73.57766 21.12534 shoemake 2024-08-30 16:25:35 
TT 160 127.1  12.0 127.1  12.0 2.51E-02 003.4 282.8  32.2 138.7870 49.89759 25.69411 shoemake 2024-09-06 15:20:06 
TT 190 123.1  16.2 123.1  16.2 2.40E-02 001.8 276.0  31.9 66.51559 23.95227 25.13639 shoemake 2024-09-10 16:33:56 
TT 210 134.1  03.7 134.1  03.7 1.67E-02 004.6 295.5  31.4 117.8179 64.26112 15.96859 shoemake 2024-10-16 20:01:42 
TT 240 132.5  04.3 132.5  04.3 7.36E-03 003.8 293.6  30.7 41.65014 23.97226 8.971075 shoemake 2024-10-30 15:42:45 
TT 270 133.5  03.7 133.5  03.7 7.20E-03 002.0 294.9  31.0 19.62050 14.05035 9.059873 shoemake 2024-11-11 22:41:10 
TT 300 133.9  03.8 133.9  03.8 7.00E-03 001.9 295.2  31.3 19.88421 9.410643 10.23723 shoemake 2024-11-16 11:49:35 
TT 330 134.9  03.3 134.9  03.3 6.57E-03 001.2 296.5  31.6 6.926002 9.247229 9.505623 shoemake 2024-11-17 00:42:58 
TT 360 138.6 -00.7 138.6 -00.7 4.48E-03 002.2 302.8  31.1 12.85288 9.099354 8.144838 shoemake 2024-11-24 15:32:38 
TT 390 141.8 -03.8 141.8 -03.8 2.39E-03 001.8 307.9  30.5 4.474175 3.347493 5.136090 shoemake 2024-11-26 11:57:04 
TT 420 166.2 -27.4 166.2 -27.4 4.94E-05 002.1 342.6  19.4 0.099331 0.126086 0.122410 shoemake 2024-11-28 00:12:56 
TT 420 185.3 -48.9 185.3 -48.9 4.41E-05 027.6 000.4  00.1 0.136234 1.569721 1.681566 shoemake 2024-12-04 18:23:59 
TT 420 164.0 -26.8 164.0 -26.8 4.84E-05 003.6 340.5  19.5 0.133691 0.262873 0.097111 shoemake 2024-12-04 22:08:26 
TT 450 152.9 -11.5 152.9 -11.5 5.07E-05 002.3 323.5  29.9 0.116473 0.155350 0.095571 shoemake 2024-12-06 16:12:14 
TT 480 165.3 -29.6 165.3 -29.6 4.67E-05 008.3 342.4  17.1 0.404269 0.653083 0.087144 shoemake 2025-02-23 00:06:59 
TT 510 151.8 -16.5 151.8 -16.5 5.93E-05 007.9 325.0  24.9 0.542795 0.708689 0.120219 shoemake 2025-02-28 12:39:21 
