PKQ-A- 3F 
        292.0  49.0   0.0   0.0   1.0
NRM    311.9  73.4 311.9  73.4 1.67E-02 002.3 161.7  32.9 37.74510 51.41838 25.68940 shoemake 2024-07-15 20:05:45 
LT1 77 309.7  69.4 309.7  69.4 1.61E-02 000.8 157.4  31.3 10.15251 16.57939 14.43028 shoemake 2024-07-29 21:29:06 
LT2 77 310.5  69.3 310.5  69.3 1.58E-02 001.0 157.5  30.9 16.83816 13.96895 19.68696 shoemake 2024-08-11 19:13:37 
TT  70 308.9  69.8 308.9  69.8 1.35E-02 005.9 157.6  31.7 45.04658 130.0880 15.65865 shoemake 2024-08-16 10:53:17 
TT 100 316.2  73.0 316.2  73.0 1.36E-02 004.0 162.3  31.7 20.65518 91.40064 16.75632 shoemake 2024-08-28 12:20:49 
TT 130 311.2  71.1 311.2  71.1 1.24E-02 000.9 159.3  31.8 9.797393 13.66762 12.98699 shoemake 2024-08-30 15:48:37 
TT 160 304.7  70.0 304.7  70.0 1.08E-02 005.3 156.9  33.1 34.33500 93.36019 10.91751 shoemake 2024-09-06 14:43:07 
TT 190 301.2  67.8 301.2  67.8 1.01E-02 001.3 153.9  33.1 6.316022 19.46966 11.16371 shoemake 2024-09-10 15:56:57 
TT 210 304.7  70.6 304.7  70.6 6.39E-03 002.4 157.5  33.4 10.14248 23.92125 5.391862 shoemake 2024-10-16 17:40:48 
TT 240 301.1  68.7 301.1  68.7 5.98E-03 003.8 154.8  33.5 15.32689 36.46444 4.354714 shoemake 2024-10-30 15:05:39 
TT 270 301.6  70.1 301.6  70.1 5.88E-03 004.2 156.4  34.0 15.50495 40.48471 5.126022 shoemake 2024-11-11 22:04:28 
TT 300 305.9  72.5 305.9  72.5 5.80E-03 002.1 159.8  34.0 7.816466 19.25471 6.010809 shoemake 2024-11-16 11:12:24 
TT 330 304.4  72.2 304.4  72.2 5.56E-03 002.3 159.2  34.2 12.80160 17.85919 5.365614 shoemake 2024-11-17 00:06:00 
TT 360 307.8  73.6 307.8  73.6 4.86E-03 001.7 161.2  34.0 9.423738 8.869311 8.472556 shoemake 2024-11-24 14:55:44 
TT 390 300.2  70.9 300.2  70.9 4.04E-03 003.5 157.0  34.8 8.541230 22.28800 7.078164 shoemake 2024-11-26 02:17:11 
TT 420 297.0  68.6 297.0  68.6 8.05E-04 005.0 153.9  34.8 1.626160 6.620302 2.565974 shoemake 2024-11-27 23:36:05 
TT 450 292.1  74.1 292.1  74.1 5.93E-04 002.8 159.7  38.2 2.076470 1.176464 1.858740 shoemake 2024-12-06 15:35:08 
TT 480 312.7  76.5 312.7  76.5 6.13E-04 001.8 165.0  34.5 1.485781 1.538099 0.666793 shoemake 2025-02-22 23:11:59 
TT 510 295.5  73.6 295.5  73.6 5.25E-04 003.8 159.5  37.2 1.147100 3.432570 0.628093 shoemake 2025-02-28 01:59:48 
