PKQ-A- 2E 
        305.0  72.0   0.0   0.0   1.0
NRM    306.1  72.8 306.1  72.8 1.97E-02 002.1 162.1  15.9 22.42460 65.96932 23.65154 shoemake 2024-07-15 19:40:54 
LT1 77 307.4  75.1 307.4  75.1 1.85E-02 002.5 164.5  15.9 27.03988 78.04747 9.685835 shoemake 2024-07-29 20:53:31 
LT2 77 305.0  70.8 305.0  70.8 1.83E-02 001.5 160.1  15.9 18.80684 41.85589 14.34748 shoemake 2024-08-11 18:43:51 
TT  70 303.5  67.9 303.5  67.9 1.76E-02 002.5 157.0  15.9 33.29807 67.76442 13.18367 shoemake 2024-08-16 10:23:36 
TT 100 302.9  67.5 302.9  67.5 1.68E-02 007.0 156.5  16.1 78.59026 191.0850 11.57852 shoemake 2024-08-28 11:53:44 
TT 130 304.1  75.0 304.1  75.0 1.24E-02 000.9 164.4  16.8 8.019828 17.45110 10.70965 shoemake 2024-08-30 15:21:24 
TT 160 298.8  64.9 298.8  64.9 1.03E-02 000.7 153.6  17.5 7.640425 8.782422 6.732625 shoemake 2024-09-06 14:16:08 
TT 190 298.5  69.9 298.5  69.9 9.27E-03 001.2 158.9  18.0 8.513592 17.77424 6.225558 shoemake 2024-09-10 15:29:47 
TT 210 297.1  68.0 297.1  68.0 4.08E-03 006.2 156.8  18.4 17.21395 40.44580 3.325935 shoemake 2024-10-16 17:13:33 
TT 240 296.3  67.6 296.3  67.6 4.08E-03 001.6 156.4  18.7 4.723213 10.56216 2.231802 shoemake 2024-10-30 14:38:18 
TT 270 295.1  65.8 295.1  65.8 3.99E-03 006.3 154.5  19.1 19.27140 39.98922 3.473033 shoemake 2024-11-11 21:37:16 
TT 300 295.9  67.4 295.9  67.4 4.02E-03 004.4 156.2  18.8 12.28325 27.88477 4.713744 shoemake 2024-11-16 10:42:59 
TT 330 294.9  67.3 294.9  67.3 3.97E-03 001.3 156.1  19.2 4.832299 6.563664 4.500644 shoemake 2024-11-16 23:38:50 
TT 360 295.0  66.7 295.0  66.7 3.92E-03 002.5 155.5  19.1 7.097880 14.36915 6.619207 shoemake 2024-11-24 14:28:32 
TT 390 294.7  67.1 294.7  67.1 3.71E-03 006.4 155.9  19.3 16.30754 38.34873 6.096284 shoemake 2024-11-26 00:53:18 
TT 420 295.6  64.7 295.6  64.7 3.14E-03 001.7 153.3  18.8 5.156448 5.394581 6.313175 shoemake 2024-11-27 22:22:26 
TT 450 293.0  67.6 293.0  67.6 2.79E-03 002.9 156.4  19.9 6.934033 11.32959 4.952228 shoemake 2024-12-06 15:07:43 
TT 480 295.4  64.2 295.4  64.2 2.67E-03 002.2 152.8  18.9 4.619531 9.522177 1.212945 shoemake 2025-02-22 01:45:28 
TT 510 293.0  64.6 293.0  64.6 2.15E-03 000.8 153.2  19.9 1.927482 3.135510 0.883466 shoemake 2025-02-27 15:55:50 
