PKQ-A- 9F 
        349.0  56.5   0.0   0.0   1.0
NRM    164.6  50.0 164.6  50.0 1.44E-01 001.7 224.9  24.3 214.0769 333.8909 200.4900 shoemake 2024-07-15 22:44:58 
LT1 77 165.2  49.1 165.2  49.1 1.32E-01 001.9 226.0  24.3 336.9119 295.7562 83.29811 shoemake 2024-07-30 00:44:49 
LT2 77 166.4  47.5 166.4  47.5 1.28E-01 006.1 227.9  24.4 996.3058 939.6235 90.55660 shoemake 2024-08-11 21:58:40 
TT  70 166.2  47.3 166.2  47.3 1.26E-01 004.5 228.1  24.3 766.2523 647.9067 81.93865 shoemake 2024-08-16 13:46:44 
TT 100 162.5  52.7 162.5  52.7 1.17E-01 001.6 221.6  24.3 261.5024 187.9375 118.2541 shoemake 2024-08-28 14:43:45 
TT 130 168.8  44.0 168.8  44.0 1.04E-01 006.5 232.2  24.6 971.8890 685.4064 67.49300 shoemake 2024-08-30 19:27:58 
TT 160 167.8  45.5 167.8  45.5 8.67E-02 002.1 230.4  24.5 261.8128 183.6441 51.30633 shoemake 2024-09-06 17:06:05 
TT 190 167.4  47.3 167.4  47.3 7.59E-02 005.6 228.4  25.0 579.4058 474.3219 48.91312 shoemake 2024-09-10 18:20:12 
TT 210 164.9  52.2 164.9  52.2 5.00E-02 001.2 222.7  25.4 77.91006 68.05218 36.35681 shoemake 2024-10-16 22:32:50 
TT 240 168.2  50.1 168.2  50.1 1.78E-02 001.0 225.7  26.5 23.87959 22.04684 9.842892 shoemake 2024-10-30 17:29:35 
TT 270 168.2  51.2 168.2  51.2 1.71E-02 002.5 224.6  26.9 55.99409 48.20463 18.12257 shoemake 2024-11-12 02:14:27 
TT 300 168.9  50.5 168.9  50.5 1.65E-02 001.1 225.5  27.1 17.92521 19.47847 19.55068 shoemake 2024-11-16 13:36:39 
TT 330 168.1  51.9 168.1  51.9 1.55E-02 001.2 223.9  27.1 16.20588 23.85199 17.66843 shoemake 2024-11-17 03:47:33 
TT 360 168.2  53.7 168.2  53.7 1.14E-02 005.0 221.9  27.8 69.49639 68.24139 21.65991 shoemake 2024-11-24 22:12:20 
TT 390 169.6  52.7 169.6  52.7 7.04E-03 001.5 223.4  28.3 7.558609 11.94787 13.80406 shoemake 2024-11-26 15:59:21 
TT 420 197.3  69.0 197.3  69.0 1.64E-04 003.8 204.3  42.2 0.752833 0.684221 0.483926 shoemake 2024-11-28 01:59:26 
TT 450 202.7  69.7 202.7  69.7 1.41E-04 002.1 202.6  43.8 0.307142 0.319891 0.343412 shoemake 2024-12-06 17:59:13 
TT 480 193.4  72.8 193.4  72.8 1.18E-04 003.3 199.9  39.9 0.440651 0.529510 0.149936 shoemake 2025-02-23 19:10:54 
TT 510 196.1  65.5 196.1  65.5 1.23E-04 003.7 209.0  42.6 0.542412 0.601294 0.140900 shoemake 2025-02-28 16:30:15 
