PKQ-A- 6E 
        283.0  54.0   0.0   0.0   1.0
NRM    128.1 -01.7 128.1 -01.7 6.26E-02 001.2 289.0  21.5 55.99237 67.31138 102.4177 shoemake 2024-07-15 21:07:53 
LT1 77 131.0 -04.5 131.0 -04.5 5.46E-02 002.4 293.4  21.9 209.2716 93.04968 29.87739 shoemake 2024-07-29 22:54:45 
LT2 77 127.5 -00.1 127.5 -00.1 5.38E-02 003.4 287.3  22.1 305.0669 100.8872 38.43527 shoemake 2024-08-11 20:26:10 
TT  70 126.7  00.8 126.7  00.8 5.15E-02 005.1 286.0  22.0 441.5966 126.6695 42.36820 shoemake 2024-08-16 12:04:42 
TT 100 130.8 -04.3 130.8 -04.3 4.96E-02 006.6 293.0  21.9 529.6525 220.4138 44.16746 shoemake 2024-08-28 13:22:31 
TT 130 129.9 -02.7 129.9 -02.7 3.72E-02 004.5 291.1  22.2 271.7215 109.6964 32.34136 shoemake 2024-08-30 16:50:15 
TT 160 133.7 -06.7 133.7 -06.7 3.21E-02 000.6 297.0  22.4 25.53591 19.05767 20.64409 shoemake 2024-09-06 15:44:47 
TT 190 135.1 -07.6 135.1 -07.6 2.84E-02 001.9 298.9  22.8 81.10965 43.41787 22.51857 shoemake 2024-09-10 16:58:41 
TT 210 134.8 -05.0 134.8 -05.0 1.67E-02 000.6 296.6  24.3 11.23139 12.09773 12.90017 shoemake 2024-10-16 20:27:43 
TT 240 138.6 -08.2 138.6 -08.2 1.67E-02 001.8 302.0  24.8 43.92903 27.32540 10.66759 shoemake 2024-10-30 16:07:32 
TT 270 138.5 -07.9 138.5 -07.9 1.64E-02 004.3 301.7  25.0 106.4861 61.81394 17.34789 shoemake 2024-11-11 23:19:46 
TT 300 138.6 -07.7 138.6 -07.7 1.64E-02 004.4 301.6  25.1 107.2531 64.84739 19.68615 shoemake 2024-11-16 12:14:30 
TT 330 138.7 -07.8 138.7 -07.8 1.63E-02 001.3 301.8  25.1 25.76987 21.32912 18.40908 shoemake 2024-11-17 01:07:47 
TT 360 139.1 -07.8 139.1 -07.8 1.60E-02 003.6 302.0  25.4 82.72486 52.53893 26.24673 shoemake 2024-11-24 16:06:57 
TT 390 142.6 -10.7 142.6 -10.7 1.54E-02 004.2 307.0  25.6 89.30297 66.99399 26.23985 shoemake 2024-11-26 12:21:51 
TT 420 138.0 -06.7 138.0 -06.7 1.36E-02 005.5 300.3  25.4 110.7368 63.90342 29.09090 shoemake 2024-11-28 00:37:43 
TT 450 137.4 -06.7 137.4 -06.7 1.25E-02 004.5 299.9  25.0 83.62934 48.28695 21.37879 shoemake 2024-12-06 16:37:02 
TT 480 135.5 -06.1 135.5 -06.1 1.01E-02 006.8 298.0  24.1 106.8184 55.28221 5.398545 shoemake 2025-02-23 01:02:29 
TT 510 136.7 -06.9 136.7 -06.9 7.72E-03 005.6 299.5  24.4 66.36473 36.82362 4.391061 shoemake 2025-02-28 13:23:10 
