PKQ-A- 8C 
        350.0  50.0   0.0   0.0   1.0
NRM    132.5  44.7 132.5  44.7 1.78E-01 005.1 216.5  08.4 1261.109 1406.976 468.9599 shoemake 2024-07-15 22:11:39 
LT1 77 131.6  43.5 131.6  43.5 1.91E-01 002.4 216.7  07.1 496.7791 575.8358 289.2602 shoemake 2024-07-29 23:56:45 
LT2 77 140.8  37.5 140.8  37.5 1.87E-01 004.9 226.0  07.2 1100.173 1150.780 290.5638 shoemake 2024-08-11 21:18:41 
TT  70 136.8  40.4 136.8  40.4 1.20E-01 003.2 221.7  07.2 477.2483 430.0050 207.5015 shoemake 2024-08-16 13:07:17 
TT 100 136.1  40.9 136.1  40.9 1.20E-01 007.4 221.0  07.3 1056.698 1135.477 173.1016 shoemake 2024-08-28 14:06:56 
TT 130 136.3  40.8 136.3  40.8 1.13E-01 004.0 221.1  07.3 563.3333 523.9933 201.3842 shoemake 2024-08-30 17:34:38 
TT 160 137.3  40.6 137.3  40.6 9.33E-02 001.2 221.9  07.6 112.2898 77.79663 143.6249 shoemake 2024-09-06 16:29:01 
TT 190 133.6  43.1 133.6  43.1 8.11E-02 003.4 218.1  07.7 309.7583 340.5408 144.7453 shoemake 2024-09-10 17:43:19 
TT 210 137.3  41.2 137.3  41.2 4.19E-02 006.0 221.5  08.1 299.1373 319.9023 73.45102 shoemake 2024-10-16 21:11:47 
TT 240 138.1  41.0 138.1  41.0 3.74E-02 002.7 222.0  08.3 123.2046 124.4852 48.22818 shoemake 2024-10-30 16:52:19 
TT 270 135.1  43.1 135.1  43.1 3.64E-02 001.3 219.0  08.4 33.06539 49.50084 62.46843 shoemake 2024-11-12 00:04:30 
TT 300 133.7  44.1 133.7  44.1 3.54E-02 001.3 217.5  08.5 38.63107 38.35829 63.38850 shoemake 2024-11-16 12:59:29 
TT 330 138.1  41.1 138.1  41.1 3.32E-02 002.5 222.0  08.4 98.48722 93.69367 58.30561 shoemake 2024-11-17 03:08:20 
TT 360 137.6  42.0 137.6  42.0 2.57E-02 004.7 221.0  08.8 140.3769 149.7133 59.10842 shoemake 2024-11-24 16:51:36 
TT 390 140.3  40.5 140.3  40.5 2.11E-02 001.9 223.6  09.1 31.52616 43.46779 48.61915 shoemake 2024-11-26 14:49:42 
TT 420 135.7  46.2 135.7  46.2 7.74E-03 002.2 217.2  11.0 10.82312 11.92803 26.29544 shoemake 2024-11-28 01:22:13 
TT 450 139.2  44.1 139.2  44.1 6.38E-03 005.5 220.5  11.2 41.54698 42.15242 19.39077 shoemake 2024-12-06 17:21:52 
TT 480 136.1  45.9 136.1  45.9 5.96E-03 002.7 217.6  11.0 18.98625 20.75076 8.378139 shoemake 2025-02-23 10:03:18 
TT 510 135.9  46.6 135.9  46.6 5.16E-03 007.7 217.0  11.3 43.57546 54.27052 6.907946 shoemake 2025-02-28 15:32:23 
