PKQ-A- 7F 
        359.0  57.0   0.0   0.0   1.0
NRM    126.1  21.9 126.1  21.9 9.27E-02 004.0 220.8 -22.9 381.6356 517.6114 118.9762 shoemake 2024-07-15 21:34:49 
LT1 77 122.7  23.9 122.7  23.9 8.48E-02 000.9 216.7 -23.1 93.30841 92.94987 50.31785 shoemake 2024-07-29 23:33:03 
LT2 77 121.6  24.7 121.6  24.7 8.31E-02 004.2 215.3 -22.9 353.4808 500.5786 61.26318 shoemake 2024-08-11 20:58:39 
TT  70 125.5  23.6 125.5  23.6 6.09E-02 005.2 219.2 -21.8 364.4842 423.3368 45.76625 shoemake 2024-08-16 12:47:35 
TT 100 120.3  26.6 120.3  26.6 6.06E-02 008.6 213.2 -22.0 508.2236 758.3633 38.18624 shoemake 2024-08-28 13:49:38 
TT 130 127.6  23.7 127.6  23.7 4.72E-02 009.4 220.9 -20.7 481.7649 613.0340 34.90648 shoemake 2024-08-30 17:17:27 
TT 160 125.0  27.1 125.0  27.1 3.62E-02 002.1 216.7 -19.3 85.69208 101.5183 22.62260 shoemake 2024-09-06 16:11:44 
TT 190 125.7  27.8 125.7  27.8 3.12E-02 004.0 216.8 -18.3 140.5858 167.0684 17.98560 shoemake 2024-09-10 17:25:56 
TT 210 127.3  28.8 127.3  28.8 1.42E-02 006.5 217.4 -16.7 99.49871 128.6043 11.84613 shoemake 2024-10-16 20:54:45 
TT 240 125.2  30.7 125.2  30.7 1.40E-02 002.9 214.7 -16.2 43.35559 57.21347 12.08357 shoemake 2024-10-30 16:34:59 
TT 270 126.2  30.0 126.2  30.0 1.36E-02 002.8 215.9 -16.3 40.05161 53.49560 13.87839 shoemake 2024-11-11 23:47:00 
TT 300 124.7  30.9 124.7  30.9 1.34E-02 002.3 214.2 -16.2 30.78135 41.56274 16.51756 shoemake 2024-11-16 12:42:10 
TT 330 125.6  30.7 125.6  30.7 1.30E-02 003.6 215.0 -16.0 48.59182 65.15849 15.98037 shoemake 2024-11-17 02:50:58 
TT 360 126.1  31.0 126.1  31.0 1.14E-02 002.3 215.2 -15.5 26.10200 34.01904 17.78567 shoemake 2024-11-24 16:34:19 
TT 390 128.4  30.1 128.4  30.1 9.99E-03 002.2 217.4 -15.1 23.35805 27.83092 16.29583 shoemake 2024-11-26 12:52:19 
TT 420 127.7  31.6 127.7  31.6 7.32E-03 001.6 216.0 -14.2 10.05867 11.66438 14.87039 shoemake 2024-11-28 01:04:56 
TT 450 124.9  34.3 124.9  34.3 6.44E-03 002.3 212.4 -13.3 13.18842 21.13350 10.18393 shoemake 2024-12-06 17:04:29 
TT 480 128.7  32.9 128.7  32.9 5.85E-03 000.9 216.0 -12.7 5.980085 8.464047 4.940673 shoemake 2025-02-23 02:44:06 
TT 510 130.0  33.2 130.0  33.2 5.07E-03 002.4 216.6 -11.8 12.68265 17.16406 4.255976 shoemake 2025-02-28 13:56:56 
