PKQ-A- 9A 
        349.0  56.5   0.0   0.0   1.0
NRM    176.3  44.7 176.3  44.7 2.01E-01 019.3 233.6  29.8 5606.077 4489.020 633.8076 shoemake 2024-07-15 22:34:27 
NRM    171.6  51.9 171.6  51.9 2.04E-01 005.2 224.6  29.2 1583.972 1088.978 674.6721 shoemake 2024-07-16 10:47:06 
LT1 77 163.8  45.5 163.8  45.5 2.53E-01 004.3 229.1  22.0 1482.025 1108.662 409.9120 shoemake 2024-07-30 00:29:51 
LT2 77 162.7  47.0 162.7  47.0 2.50E-01 001.1 227.2  22.0 237.6297 220.0500 405.2565 shoemake 2024-08-11 21:46:08 
TT  70 162.9  46.3 162.9  46.3 1.67E-01 007.8 228.0  21.8 1789.244 1390.673 267.2535 shoemake 2024-08-16 13:34:19 
TT  70 161.1  48.7 161.1  48.7 1.69E-01 005.1 225.1  21.7 1141.136 954.2931 294.1757 shoemake 2024-08-19 13:41:14 
TT 100 161.9  47.6 161.9  47.6 1.67E-01 006.5 226.4  21.7 1462.137 1191.054 277.2419 shoemake 2024-08-28 14:31:31 
TT 130 160.7  48.9 160.7  48.9 1.68E-01 002.6 224.8  21.6 612.1110 366.1584 312.7630 shoemake 2024-08-30 19:15:45 
TT 160 162.6  46.6 162.6  46.6 1.50E-01 001.4 227.7  21.7 149.1223 251.3611 233.9137 shoemake 2024-09-06 16:53:39 
TT 190 163.0  46.6 163.0  46.6 1.31E-01 009.0 227.7  22.0 1596.812 1318.646 212.6394 shoemake 2024-09-10 18:08:01 
TT 210 163.2  47.6 163.2  47.6 7.46E-02 005.4 226.8  22.5 544.6790 413.4935 166.5960 shoemake 2024-10-16 22:20:40 
TT 240 162.4  49.0 162.4  49.0 3.11E-02 001.3 225.2  22.6 47.69908 29.61200 50.96265 shoemake 2024-10-30 17:17:16 
TT 270 164.3  46.8 164.3  46.8 3.00E-02 002.2 227.9  22.9 89.79071 52.38314 55.03446 shoemake 2024-11-12 00:38:02 
TT 300 162.2  50.1 162.2  50.1 2.86E-02 003.2 224.1  23.0 117.4953 90.50886 61.85444 shoemake 2024-11-16 13:24:21 
TT 330 163.4  48.6 163.4  48.6 2.71E-02 004.1 225.9  23.1 147.4988 112.3343 56.29383 shoemake 2024-11-17 03:35:11 
TT 360 163.9  48.0 163.9  48.0 1.95E-02 003.4 226.6  23.1 85.77002 61.48594 50.70932 shoemake 2024-11-24 17:16:44 
TT 390 163.6  49.7 163.6  49.7 1.15E-02 003.4 224.9  23.7 34.66058 49.39344 30.86321 shoemake 2024-11-26 15:14:30 
TT 420 175.9  63.2 175.9  63.2 3.55E-04 003.9 212.3  34.0 1.659165 1.289219 1.305563 shoemake 2024-11-28 01:47:09 
TT 450 177.5  61.0 177.5  61.0 2.94E-04 005.6 215.1  34.4 1.847198 1.610010 1.618616 shoemake 2024-12-06 17:46:45 
TT 480 170.8  62.3 170.8  62.3 2.71E-04 005.4 212.9  31.6 1.711638 1.870932 0.434137 shoemake 2025-02-23 12:00:28 
TT 510 175.1  62.7 175.1  62.7 2.73E-04 002.3 212.9  33.6 0.809893 0.614773 0.462580 shoemake 2025-02-28 16:07:30 
