PKQ-A- 0D 
        312.0  76.0   0.0   0.0   1.0
NRM    178.3  47.6 178.3  47.6 9.96E-02 002.4 216.5  42.6 251.1289 312.9810 143.1115 shoemake 2024-07-15 22:59:25 
LT1 77 179.1  47.9 179.1  47.9 9.28E-02 000.8 215.7  42.9 100.7699 73.78120 38.16894 shoemake 2024-07-30 01:05:50 
LT2 77 183.1  51.0 183.1  51.0 8.97E-02 005.3 210.1  43.2 451.1795 700.2238 57.59527 shoemake 2024-08-11 22:15:59 
TT  70 180.7  48.8 180.7  48.8 8.51E-02 007.6 213.9  43.3 666.3012 911.0276 54.61348 shoemake 2024-08-16 14:01:30 
TT  70 181.1  49.0 181.1  49.0 8.53E-02 007.4 213.4  43.3 651.5870 902.2195 57.44945 shoemake 2024-08-19 13:46:20 
TT  70 180.9  49.0 180.9  49.0 8.54E-02 007.3 213.5  43.3 652.7810 884.0056 52.71352 shoemake 2024-08-20 11:00:08 
TT 100 177.2  45.3 177.2  45.3 8.29E-02 001.1 219.7  43.1 67.26468 134.7422 60.00210 shoemake 2024-08-28 14:56:12 
TT 130 179.9  48.1 179.9  48.1 6.93E-02 000.8 215.0  43.3 52.15007 85.30141 36.01648 shoemake 2024-08-30 19:40:16 
TT 160 183.1  50.3 183.1  50.3 6.74E-02 006.0 211.0  43.6 395.1441 585.6381 41.11880 shoemake 2024-09-06 17:18:19 
TT 190 181.4  49.0 181.4  49.0 6.25E-02 004.2 213.2  43.5 286.5243 358.0365 43.84721 shoemake 2024-09-10 18:32:36 
TT 210 182.8  50.8 182.8  50.8 4.24E-02 003.0 210.6  43.2 116.8363 189.4635 30.26766 shoemake 2024-10-16 22:45:10 
TT 240 190.8  55.4 190.8  55.4 1.34E-02 000.8 201.4  43.3 12.23203 15.00367 5.800631 shoemake 2024-10-30 17:42:07 
TT 270 188.0  53.1 188.0  53.1 1.28E-02 004.5 205.3  44.0 50.64934 87.17369 10.38518 shoemake 2024-11-12 02:27:03 
TT 300 185.8  52.0 185.8  52.0 1.22E-02 003.8 207.6  43.8 43.39369 68.10199 11.21101 shoemake 2024-11-16 13:49:08 
TT 330 185.8  51.8 185.8  51.8 1.13E-02 005.3 207.8  43.9 54.71072 88.57601 9.481009 shoemake 2024-11-17 04:00:09 
TT 360 185.1  51.4 185.1  51.4 8.66E-03 005.6 208.7  43.9 47.56340 70.35577 13.26784 shoemake 2024-11-24 22:24:46 
TT 390 189.8  54.5 189.8  54.5 6.81E-03 002.1 202.8  43.7 16.23565 17.54006 11.11994 shoemake 2024-11-26 16:11:53 
TT 420 196.0  57.6 196.0  57.6 1.08E-03 002.5 196.4  43.1 2.861425 2.997222 2.907010 shoemake 2024-11-28 02:11:55 
TT 450 192.8  57.0 192.8  57.0 8.24E-04 003.3 198.9  42.7 2.728755 3.562292 1.935764 shoemake 2024-12-06 18:11:47 
TT 480 190.6  57.2 190.6  57.2 7.25E-04 007.6 200.0  41.8 4.064338 8.848682 0.740301 shoemake 2025-02-23 19:23:18 
TT 510 214.8  62.2 214.8  62.2 4.30E-04 004.2 182.5  41.7 0.855364 3.071096 0.434255 shoemake 2025-02-28 17:01:07 
