PKQ-A- 2I 
        305.0  72.0   0.0   0.0   1.0
NRM    300.1  69.2 300.1  69.2 2.18E-02 003.6 158.1  17.4 50.12513 124.4149 31.06405 shoemake 2024-07-15 19:49:10 
LT1 77 302.1  73.5 302.1  73.5 2.06E-02 003.9 162.7  17.1 47.46508 132.3768 20.01736 shoemake 2024-07-29 21:05:26 
LT2 77 302.1  69.9 302.1  69.9 2.03E-02 004.1 159.0  16.7 56.75657 134.4233 18.77782 shoemake 2024-08-11 18:53:42 
TT  70 301.6  69.5 301.6  69.5 1.84E-02 005.7 158.6  16.9 62.20830 171.8495 13.83935 shoemake 2024-08-16 10:33:34 
TT 100 300.1  64.2 300.1  64.2 1.83E-02 003.2 152.9  16.9 41.39408 92.56939 14.44410 shoemake 2024-08-28 12:03:29 
TT 130 299.0  70.4 299.0  70.4 1.34E-02 002.0 159.4  17.8 11.37172 42.88549 14.76209 shoemake 2024-08-30 15:31:22 
TT 160 295.2  64.1 295.2  64.1 1.11E-02 004.5 152.7  19.0 39.29092 77.57241 7.811148 shoemake 2024-09-06 14:25:55 
TT 190 295.4  63.7 295.4  63.7 1.02E-02 000.6 152.2  18.9 6.565944 7.256498 7.759053 shoemake 2024-09-10 15:39:35 
TT 210 293.6  61.2 293.6  61.2 4.38E-03 003.6 149.6  19.6 14.07798 23.26014 3.487560 shoemake 2024-10-16 17:23:32 
TT 240 293.1  62.2 293.1  62.2 4.39E-03 004.6 150.6  19.8 17.58666 30.85812 2.562845 shoemake 2024-10-30 14:48:15 
TT 270 292.4  62.6 292.4  62.6 4.30E-03 004.9 151.0  20.2 17.82363 32.12357 3.797260 shoemake 2024-11-11 21:47:10 
TT 300 292.7  63.3 292.7  63.3 4.32E-03 001.5 151.8  20.1 6.435380 8.648352 4.402962 shoemake 2024-11-16 10:52:56 
TT 330 291.7  66.0 291.7  66.0 4.23E-03 001.2 154.7  20.5 4.582202 6.562073 4.734129 shoemake 2024-11-16 23:48:42 
TT 360 291.3  64.6 291.3  64.6 3.86E-03 004.6 153.2  20.7 13.24873 27.60329 6.715260 shoemake 2024-11-24 14:38:27 
TT 390 290.4  63.7 290.4  63.7 3.52E-03 001.7 152.3  21.1 5.009544 7.520101 5.858732 shoemake 2024-11-26 01:59:48 
TT 420 291.1  63.2 291.1  63.2 2.74E-03 001.9 151.7  20.8 4.277672 6.121609 5.743381 shoemake 2024-11-27 23:00:33 
TT 450 288.4  70.8 288.4  70.8 2.50E-03 003.7 159.9  21.3 4.837814 14.50174 5.381463 shoemake 2024-12-06 15:17:40 
TT 480 292.3  64.6 292.3  64.6 2.41E-03 005.2 153.2  20.2 9.219523 20.06915 0.900463 shoemake 2025-02-22 04:58:05 
TT 510 291.3  64.5 291.3  64.5 2.10E-03 002.4 153.1  20.7 3.703734 8.340743 0.845211 shoemake 2025-02-27 21:45:45 
