PKQ-A- 8E 
        350.0  50.0   0.0   0.0   1.0
NRM    139.0  43.0 139.0  43.0 1.39E-01 009.4 221.1  10.3 1466.514 1770.577 255.7708 shoemake 2024-07-15 22:15:44 
LT1 77 137.6  43.4 137.6  43.4 1.32E-01 004.2 220.1  09.9 653.0012 712.0993 125.7295 shoemake 2024-07-30 00:02:44 
LT2 77 139.6  42.3 139.6  42.3 1.29E-01 009.1 222.0  10.1 1350.915 1556.260 133.2685 shoemake 2024-08-11 21:23:38 
TT  70 134.0  46.5 134.0  46.5 7.92E-02 001.1 216.0  10.5 110.3274 70.82280 92.68016 shoemake 2024-08-16 13:12:10 
TT 100 138.3  43.8 138.3  43.8 7.92E-02 004.5 220.2  10.5 421.1230 451.3554 64.77089 shoemake 2024-08-28 14:11:49 
TT 130 137.5  44.5 137.5  44.5 7.64E-02 001.0 219.3  10.6 136.4419 54.41259 69.97999 shoemake 2024-08-30 17:43:23 
TT 160 134.3  46.9 134.3  46.9 6.39E-02 001.9 216.0  10.9 140.5803 157.4869 50.92404 shoemake 2024-09-06 16:33:51 
TT 190 138.3  44.9 138.3  44.9 5.56E-02 001.6 219.5  11.3 105.8339 98.33607 57.71775 shoemake 2024-09-10 17:48:13 
TT 210 142.4  42.6 142.4  42.6 2.92E-02 009.6 223.2  11.7 342.8430 354.0565 32.98790 shoemake 2024-10-16 21:16:46 
TT 210 140.0  44.2 140.0  44.2 2.95E-02 001.5 220.9  11.6 51.32458 50.85167 29.57783 shoemake 2024-10-17 12:14:21 
TT 240 137.7  45.8 137.7  45.8 2.36E-02 002.4 218.5  11.6 63.76455 75.38888 14.49088 shoemake 2024-10-30 16:57:22 
TT 270 134.0  48.4 134.0  48.4 2.28E-02 002.4 214.8  11.9 57.10699 76.97614 23.60654 shoemake 2024-11-12 00:09:43 
TT 300 137.6  46.5 137.6  46.5 2.20E-02 003.0 218.0  12.1 75.39400 84.32072 23.32224 shoemake 2024-11-16 13:04:32 
TT 330 137.8  46.3 137.8  46.3 2.03E-02 008.5 218.2  12.0 192.4426 235.6479 24.68607 shoemake 2024-11-17 03:13:23 
TT 360 139.2  46.0 139.2  46.0 1.59E-02 007.7 219.2  12.5 138.2585 162.4526 28.98907 shoemake 2024-11-24 16:56:50 
TT 390 139.3  46.3 139.3  46.3 1.26E-02 001.3 219.0  12.7 10.89304 15.22953 23.35532 shoemake 2024-11-26 14:54:45 
TT 420 137.4  52.5 137.4  52.5 3.15E-03 003.6 213.6  16.4 11.85542 12.99586 9.788317 shoemake 2024-11-28 01:27:16 
TT 450 135.3  53.8 135.3  53.8 2.63E-03 001.9 211.7  16.4 4.543350 4.000050 7.057379 shoemake 2024-12-06 17:26:56 
TT 480 154.8  48.8 154.8  48.8 2.71E-03 010.5 224.1  22.3 36.48747 34.90576 2.263065 shoemake 2025-02-23 10:08:21 
TT 510 145.1  47.9 145.1  47.9 2.11E-03 001.4 220.6  16.7 3.077922 4.607578 1.735852 shoemake 2025-02-28 15:37:25 
