PKQ-A- 6J 
        283.0  54.0   0.0   0.0   1.0
NRM    125.4  02.4 125.4  02.4 3.85E-02 001.7 283.8  22.0 81.67545 58.95036 57.15633 shoemake 2024-07-15 21:18:13 
LT1 77 127.9 -00.1 127.9 -00.1 3.36E-02 002.4 287.6  22.4 135.2475 34.08876 35.44064 shoemake 2024-07-29 23:09:25 
LT2 77 124.6  04.3 124.6  04.3 3.31E-02 003.5 281.6  22.6 194.1278 34.28559 40.35138 shoemake 2024-08-11 20:38:40 
TT  70 127.7  00.5 127.7  00.5 2.90E-02 008.1 286.9  22.6 390.2703 132.9041 31.31100 shoemake 2024-08-16 12:16:54 
TT  70 130.0 -02.6 130.0 -02.6 2.93E-02 004.4 291.1  22.4 203.5701 90.64153 28.03396 shoemake 2024-08-19 13:33:26 
TT 100 130.5 -03.1 130.5 -03.1 2.91E-02 005.3 291.8  22.4 246.3323 112.7676 26.81681 shoemake 2024-08-28 13:34:45 
TT 130 131.1 -02.8 131.1 -02.8 2.06E-02 003.5 292.0  23.1 110.8230 56.58344 15.74221 shoemake 2024-08-30 17:02:39 
TT 160 132.3 -03.6 132.3 -03.6 1.71E-02 003.4 293.6  23.4 89.29607 45.85273 10.93305 shoemake 2024-09-06 15:57:03 
TT 190 140.2 -10.4 140.2 -10.4 1.51E-02 004.9 304.9  24.2 103.1605 76.43056 10.67038 shoemake 2024-09-10 17:10:56 
TT 210 141.2 -10.1 141.2 -10.1 8.34E-03 002.6 305.4  25.1 29.54695 24.17858 7.686921 shoemake 2024-10-16 20:39:59 
TT 240 141.9 -10.5 141.9 -10.5 8.38E-03 003.8 306.4  25.3 43.65927 34.64215 5.140584 shoemake 2024-10-30 16:19:58 
TT 270 143.7 -11.8 143.7 -11.8 8.25E-03 004.5 308.7  25.4 51.23535 39.60860 6.552090 shoemake 2024-11-11 23:32:04 
TT 300 140.8 -09.2 140.8 -09.2 8.23E-03 000.9 304.4  25.6 7.563184 8.648698 8.218786 shoemake 2024-11-16 12:27:13 
TT 330 141.7 -09.6 141.7 -09.6 8.13E-03 004.4 305.5  25.8 50.14445 38.23544 8.401782 shoemake 2024-11-17 02:35:56 
TT 360 143.7 -11.1 143.7 -11.1 7.90E-03 005.5 308.3  26.0 58.51131 46.89760 11.59459 shoemake 2024-11-24 16:19:20 
TT 390 140.8 -08.7 140.8 -08.7 7.41E-03 004.5 304.1  25.8 48.36553 32.15869 10.81545 shoemake 2024-11-26 12:37:21 
TT 420 143.1 -11.3 143.1 -11.3 6.06E-03 003.7 307.9  25.4 30.89930 22.82802 11.37625 shoemake 2024-11-28 00:50:01 
TT 450 140.8 -09.4 140.8 -09.4 5.69E-03 001.7 304.6  25.4 12.00819 9.640575 8.615541 shoemake 2024-12-06 16:49:28 
TT 480 145.2 -13.6 145.2 -13.6 5.30E-03 001.8 311.3  25.0 12.23831 11.93203 4.142594 shoemake 2025-02-23 02:15:54 
TT 510 142.1 -10.7 142.1 -10.7 4.30E-03 000.7 306.6  25.3 4.333881 4.178621 2.698927 shoemake 2025-02-28 13:41:56 
