PKQ-A- 7E 
        359.0  57.0   0.0   0.0   1.0
NRM    118.5  21.7 118.5  21.7 9.89E-02 002.2 214.4 -26.9 255.3789 274.8027 138.0931 shoemake 2024-07-15 21:32:48 
LT1 77 120.9  20.1 120.9  20.1 9.02E-02 000.6 217.5 -27.2 74.51800 39.43051 78.23851 shoemake 2024-07-29 23:30:07 
LT2 77 116.3  22.7 116.3  22.7 8.86E-02 001.7 211.9 -27.1 167.8506 182.3663 108.6972 shoemake 2024-08-11 20:56:09 
TT  70 121.0  21.1 121.0  21.1 6.71E-02 002.7 217.0 -26.3 177.5966 256.5564 81.48529 shoemake 2024-08-16 12:45:09 
TT 100 116.1  23.6 116.1  23.6 6.70E-02 003.9 211.2 -26.4 216.8007 399.3004 81.78205 shoemake 2024-08-28 13:47:12 
TT 130 117.6  24.3 117.6  24.3 5.12E-02 003.9 212.1 -25.1 172.5143 291.4521 83.16685 shoemake 2024-08-30 17:14:57 
TT 160 119.7  24.3 119.7  24.3 3.92E-02 004.7 213.9 -24.2 174.7449 268.7364 32.00262 shoemake 2024-09-06 16:09:19 
TT 190 119.3  25.5 119.3  25.5 3.39E-02 000.7 212.9 -23.3 30.53998 26.29296 24.75202 shoemake 2024-09-10 17:23:26 
TT 210 124.8  24.0 124.8  24.0 1.53E-02 001.5 218.4 -21.9 17.88387 33.56302 18.36663 shoemake 2024-10-16 20:52:15 
TT 240 123.6  25.4 123.6  25.4 1.52E-02 001.7 216.6 -21.4 26.93094 36.32614 8.392115 shoemake 2024-10-30 16:32:28 
TT 270 119.4  27.5 119.4  27.5 1.48E-02 001.6 212.0 -21.6 20.28773 35.89990 15.17212 shoemake 2024-11-11 23:44:30 
TT 300 120.4  27.0 120.4  27.0 1.46E-02 002.1 213.0 -21.6 27.76230 43.93961 16.61414 shoemake 2024-11-16 12:39:40 
TT 330 122.7  25.9 122.7  25.9 1.43E-02 001.2 215.5 -21.4 17.62805 22.34257 16.70690 shoemake 2024-11-17 02:48:28 
TT 360 121.3  27.1 121.3  27.1 1.29E-02 006.1 213.7 -21.1 73.88046 117.1469 20.54666 shoemake 2024-11-24 16:31:49 
TT 390 120.1  28.1 120.1  28.1 1.15E-02 001.7 212.2 -20.7 16.89378 23.86626 19.06837 shoemake 2024-11-26 12:49:50 
TT 420 120.4  29.1 120.4  29.1 8.66E-03 002.1 211.9 -19.8 18.81755 19.83064 18.10243 shoemake 2024-11-28 01:02:26 
TT 450 122.2  28.7 122.2  28.7 7.70E-03 002.4 213.5 -19.2 16.12856 26.91950 12.58099 shoemake 2024-12-06 17:01:59 
TT 480 121.2  29.9 121.2  29.9 7.18E-03 002.8 212.1 -18.7 17.88561 31.45588 2.944239 shoemake 2025-02-23 02:41:36 
TT 510 125.6  27.9 125.6  27.9 6.25E-03 000.8 216.6 -18.3 5.421031 9.312091 3.225139 shoemake 2025-02-28 13:54:25 
