PKQ-A- 5E 
        278.0  49.0   0.0   0.0   1.0
NRM    125.5  21.7 125.5  21.7 5.03E-02 019.4 272.4  37.0 1768.836 124.8298 56.59670 shoemake 2024-07-15 20:32:39 
NRM    123.2  21.0 123.2  21.0 5.24E-02 003.5 271.6  34.8 294.4033 94.04512 82.28228 shoemake 2024-07-16 10:42:08 
LT1 77 122.1  22.2 122.1  22.2 4.64E-02 001.3 269.6  34.7 99.02737 33.15661 24.99424 shoemake 2024-07-29 22:04:30 
LT2 77 122.6  21.6 122.6  21.6 4.51E-02 006.1 270.6  34.7 479.6781 41.01180 29.08559 shoemake 2024-08-11 19:43:41 
TT  70 126.7  15.7 126.7  15.7 2.75E-02 004.8 279.1  34.2 224.3775 52.08686 17.03613 shoemake 2024-08-16 11:22:52 
TT 100 125.4  17.1 125.4  17.1 2.77E-02 001.1 276.8  34.1 48.66170 19.98264 14.88767 shoemake 2024-08-28 12:45:25 
TT 130 125.4  17.2 125.4  17.2 2.74E-02 006.9 276.8  34.2 326.4061 47.80672 15.62838 shoemake 2024-08-30 16:13:22 
TT 160 127.6  14.5 127.6  14.5 2.54E-02 004.8 280.9  34.2 209.3008 49.17213 12.81741 shoemake 2024-09-06 15:07:41 
TT 190 127.2  14.7 127.2  14.7 2.34E-02 003.5 280.4  33.9 141.2981 22.36415 15.69964 shoemake 2024-09-10 16:21:32 
TT 210 133.5  08.4 133.5  08.4 1.47E-02 006.6 291.1  34.3 159.9871 56.69708 10.93217 shoemake 2024-10-16 19:49:35 
TT 240 133.4  08.8 133.4  08.8 8.40E-03 003.3 290.6  34.5 43.91317 19.14252 4.438311 shoemake 2024-10-30 15:30:28 
TT 270 132.0  10.6 132.0  10.6 8.19E-03 005.1 287.9  34.8 69.43691 24.76519 6.628003 shoemake 2024-11-11 22:28:59 
TT 300 131.1  11.7 131.1  11.7 8.00E-03 006.3 286.1  34.9 84.78682 25.14423 7.660126 shoemake 2024-11-16 11:37:13 
TT 330 131.9  11.1 131.9  11.1 7.63E-03 002.7 287.3  35.0 32.06909 14.46588 7.702042 shoemake 2024-11-17 00:30:44 
TT 360 134.4  08.3 134.4  08.3 5.25E-03 004.6 291.9  34.9 37.93349 16.17316 8.771019 shoemake 2024-11-24 15:20:23 
TT 390 138.7  04.5 138.7  04.5 3.09E-03 006.4 298.9  35.0 30.55292 16.20449 5.561153 shoemake 2024-11-26 11:44:49 
TT 420 156.3 -20.1 156.3 -20.1 7.57E-05 008.2 330.9  23.5 0.600843 0.879615 0.267421 shoemake 2024-11-28 00:00:38 
TT 420 189.4 -49.0 189.4 -49.0 6.46E-05 034.1 003.1 -00.1 0.237913 3.119880 3.044758 shoemake 2024-12-04 18:11:47 
TT 420 156.2 -20.1 156.2 -20.1 7.54E-05 008.0 330.8  23.4 0.605752 0.855461 0.210993 shoemake 2024-12-04 21:56:16 
TT 450 154.2 -13.0 154.2 -13.0 7.08E-05 006.7 325.5  29.1 0.517489 0.645052 0.133359 shoemake 2024-12-06 15:59:56 
TT 480 164.0 -19.4 164.0 -19.4 5.78E-05 004.3 338.1  26.6 0.332027 0.401774 0.060816 shoemake 2025-02-22 23:54:45 
TT 510 151.3 -10.2 151.3 -10.2 6.47E-05 010.6 321.1  30.3 0.794206 0.956035 0.039084 shoemake 2025-02-28 11:39:24 
