PKQ-A- 9B 
        349.0  56.5   0.0   0.0   1.0
NRM    162.8  50.0 162.8  50.0 1.87E-01 004.3 224.4  23.3 1188.500 962.7882 329.3195 shoemake 2024-07-15 22:36:32 
LT1 77 160.7  48.0 160.7  48.0 1.90E-01 002.4 225.6  21.2 597.9972 550.7046 108.2599 shoemake 2024-07-30 00:32:54 
LT2 77 160.1  49.0 160.1  49.0 1.88E-01 002.6 224.5  21.3 576.7937 615.3942 135.6617 shoemake 2024-08-11 21:48:36 
TT  70 160.0  49.1 160.0  49.1 1.31E-01 006.9 224.3  21.3 1151.685 1103.362 85.00556 shoemake 2024-08-16 13:36:47 
TT 100 163.6  44.3 163.6  44.3 1.32E-01 005.7 230.2  21.3 1030.462 814.8406 75.34572 shoemake 2024-08-28 14:33:57 
TT 130 158.4  51.1 158.4  51.1 1.32E-01 001.6 221.9  21.3 186.9647 335.1588 84.64652 shoemake 2024-08-30 19:18:15 
TT 160 163.6  44.7 163.6  44.7 1.18E-01 005.0 229.8  21.5 775.7458 664.3913 75.96825 shoemake 2024-09-06 16:56:05 
TT 190 156.4  53.6 156.4  53.6 1.03E-01 006.6 219.0  21.4 765.0716 932.8488 63.22097 shoemake 2024-09-10 18:10:27 
TT 210 161.9  48.2 161.9  48.2 6.21E-02 008.4 225.8  22.0 661.7304 629.9987 36.03609 shoemake 2024-10-16 22:23:09 
TT 210 161.3  48.4 161.3  48.4 6.23E-02 002.1 225.4  21.7 169.5683 156.3048 44.44131 shoemake 2024-10-17 12:19:26 
TT 240 159.0  52.3 159.0  52.3 2.55E-02 003.0 221.0  22.1 88.74896 101.2212 14.14473 shoemake 2024-10-30 17:19:47 
TT 270 160.5  50.8 160.5  50.8 2.46E-02 003.7 222.9  22.4 112.4119 115.7856 18.29683 shoemake 2024-11-12 02:04:32 
TT 300 158.4  53.7 158.4  53.7 2.36E-02 002.0 219.5  22.4 54.05833 60.03020 26.66908 shoemake 2024-11-16 13:26:51 
TT 330 158.5  53.5 158.5  53.5 2.23E-02 001.2 219.6  22.5 24.69731 33.94355 24.57475 shoemake 2024-11-17 03:37:42 
TT 360 163.2  48.1 163.2  48.1 1.63E-02 004.1 226.3  22.8 83.98347 76.32519 27.87646 shoemake 2024-11-24 17:19:15 
TT 390 158.4  56.4 158.4  56.4 9.40E-03 001.4 216.8  23.7 9.688760 15.34072 16.93398 shoemake 2024-11-26 15:17:01 
TT 420 165.2  62.9 165.2  62.9 2.50E-04 003.4 211.5  29.2 0.930042 1.061740 0.620335 shoemake 2024-11-28 01:49:38 
TT 450 176.7  59.7 176.7  59.7 2.16E-04 001.7 216.6  33.8 0.254020 0.430802 0.436865 shoemake 2024-12-06 17:49:16 
TT 480 163.9  68.3 163.9  68.3 1.98E-04 002.7 205.3  30.2 0.423422 0.812706 0.149002 shoemake 2025-02-23 12:03:31 
TT 510 175.9  68.1 175.9  68.1 1.86E-04 007.7 206.5  34.5 1.253127 2.203515 0.149976 shoemake 2025-02-28 16:10:00 
