NWFA- 2 sun compass orientation
    518 273.2  47.5   0.0   0.0   1.0
NRM    344.8  38.7 344.8  38.7 7.56E-03 001.8 165.6  -7.1 6.757707 21.22480 8.321803 shoemake 2024-07-01 12:26:29 
LN2    348.1  35.8 348.1  35.8 7.63E-03 005.8 167.6 -10.5 16.90565 74.93420 8.233414 shoemake 2024-07-08 16:50:23 
LN2    352.3  36.3 352.3  36.3 7.55E-03 009.5 171.1 -10.6 17.66380 124.5763 11.00666 shoemake 2024-07-11 14:15:11 
TT  70 356.1  36.7 356.1  36.7 7.60E-03 001.8 174.2 -10.5 4.585585 23.90798 4.042201 shoemake 2024-07-30 17:25:45 
TT 100 352.9  35.9 352.9  35.9 7.44E-03 002.0 171.5 -11.0 5.794376 25.38657 4.674585 shoemake 2024-08-01 10:32:44 
TT 130 353.9  35.4 353.9  35.4 7.38E-03 004.8 172.3 -11.6 8.483973 61.59789 5.037855 shoemake 2024-09-07 15:36:11 
TT 160 357.0  34.8 357.0  34.8 7.32E-03 004.8 174.8 -12.5 6.612496 61.18266 4.198168 shoemake 2024-09-12 12:11:59 
TT 190 351.8  33.2 351.8  33.2 7.28E-03 000.9 170.2 -13.6 4.556829 9.588955 4.927485 shoemake 2024-09-17 12:00:10 
TT 210 357.8  33.4 357.8  33.4 7.24E-03 001.9 175.4 -13.9 5.157752 22.98133 5.934884 shoemake 2024-10-10 18:39:48 
TT 240 001.1  29.8 001.1  29.8 5.57E-03 003.8 178.1 -17.7 3.647610 36.59267 5.082323 shoemake 2024-10-18 09:38:07 
TT 270 006.4  29.3 006.4  29.3 4.88E-03 001.5 182.9 -18.1 4.444425 9.299459 7.642851 shoemake 2024-10-26 15:06:04 
TT 300 007.3  29.1 007.3  29.1 4.93E-03 000.7 183.8 -18.3 2.440350 5.817556 2.260124 shoemake 2024-11-06 15:43:47 
TT 330 008.2  29.0 008.2  29.0 4.87E-03 001.9 184.6 -18.4 4.869804 14.87620 5.840055 shoemake 2024-11-15 16:24:21 
TT 360 011.1  28.5 011.1  28.5 4.81E-03 006.4 187.3 -18.6 7.868178 53.55547 5.093041 shoemake 2024-11-18 15:41:07 
TT 360 013.2  28.5 013.2  28.5 4.85E-03 001.1 189.3 -18.4 4.485065 8.258984 3.596403 shoemake 2024-11-22 21:21:19 
TT 390 009.0  28.8 009.0  28.8 4.83E-03 002.9 185.4 -18.5 5.921020 22.49087 8.102462 shoemake 2024-11-25 07:51:45 
TT 420 013.0  28.2 013.0  28.2 4.71E-03 003.7 189.1 -18.7 6.700942 29.27877 7.901683 shoemake 2024-11-26 22:15:06 
TT 450 006.8  28.7 006.8  28.7 4.05E-03 001.9 183.3 -18.7 4.511757 11.92631 6.246858 shoemake 2024-12-05 05:18:19 
TT 450 009.8  28.5 009.8  28.5 4.09E-03 003.3 186.1 -18.7 5.294799 23.14574 2.882056 shoemake 2025-02-06 01:28:25 
TT 480 011.9  27.5 011.9  27.5 1.27E-04 003.9 188.2 -19.5 0.319558 0.833617 0.131899 shoemake 2025-04-09 10:31:30 
TT 510 015.0  30.1 015.0  30.1 1.10E-04 008.1 190.6 -16.6 0.395617 1.537645 0.115700 shoemake 2025-04-25 18:21:39 
