NWFA- 1 sun compass orientation
    518 246.1  59.0   0.0   0.0   1.0
NRM    012.7   1.1 012.7   1.1 1.32E-02 001.7 234.2 -42.7 28.27483 20.03490 22.96598 shoemake 2024-07-01 12:11:35 
LN2    007.9   9.6 007.9   9.6 6.56E-03 028.0 222.1 -39.2 403.1219 364.7784 443.0527 shoemake 2024-07-08 16:33:29 
LN2    011.1   5.9 011.1   5.9 1.30E-02 005.4 228.3 -40.2 101.9325 68.89562 21.73872 shoemake 2024-07-11 13:59:47 
TT  70 011.8   5.8 011.8   5.8 1.30E-02 000.8 229.1 -39.8 10.08953 10.50855 11.72988 shoemake 2024-07-30 17:05:04 
TT 100 013.1   7.6 013.1   7.6 1.27E-02 001.4 228.9 -37.6 26.00660 12.73177 13.78943 shoemake 2024-08-01 10:14:10 
TT 130 013.0   7.6 013.0   7.6 1.27E-02 002.1 228.8 -37.7 30.13448 35.00022 12.45043 shoemake 2024-09-07 15:18:49 
TT 160 014.0   6.8 014.0   6.8 1.26E-02 002.9 230.4 -37.6 43.58677 46.82987 13.99675 shoemake 2024-09-12 11:54:41 
TT 190 015.2   9.6 015.2   9.6 1.24E-02 002.4 229.2 -34.8 31.60392 38.04687 15.23842 shoemake 2024-09-17 11:42:50 
TT 210 015.6   9.7 015.6   9.7 1.22E-02 003.6 229.5 -34.4 52.30882 54.97810 16.62817 shoemake 2024-10-10 18:22:41 
TT 240 011.8  17.2 011.8  17.2 9.96E-03 005.1 220.5 -30.8 50.09658 71.88560 15.56285 shoemake 2024-10-18 09:20:54 
TT 270 003.3  21.2 003.3  21.2 9.51E-03 017.3 210.0 -31.6 124.1653 268.8907 16.38742 shoemake 2024-10-26 14:48:43 
TT 270 013.5  16.2 013.5  16.2 9.76E-03 006.9 222.7 -30.7 76.80322 88.25994 16.99034 shoemake 2024-10-28 17:16:37 
TT 270 012.0  17.1 012.0  17.1 9.79E-03 006.5 220.7 -30.8 69.05195 85.58428 17.45961 shoemake 2024-10-29 11:09:35 
TT 300 014.0  16.2 014.0  16.2 9.94E-03 007.2 223.1 -30.4 81.20258 94.74689 8.867766 shoemake 2024-11-06 15:26:06 
TT 330 012.9  16.6 012.9  16.6 9.85E-03 004.3 221.9 -30.7 45.11781 56.56628 15.05923 shoemake 2024-11-15 16:06:57 
TT 360 303.4 -51.2 303.4 -51.2 9.71E-10 048.2 040.5 -58.6 0.000100 0.000046 0.000042 shoemake 2024-11-18 15:23:44 
TT 360 062.4 -27.0 062.4 -27.0 5.22E-10 071.7 292.0 -16.4 0.000050 0.000087 0.000100 shoemake 2024-11-19 07:58:07 
TT 360 333.4 -31.7 333.4 -31.7 1.98E-08 055.6 072.0 -87.6 0.000113 0.000113 0.002533 shoemake 2024-11-20 17:13:51 
TT 360 013.3  16.5 013.3  16.5 9.89E-03 004.4 222.3 -30.6 55.62705 50.57731 12.71844 shoemake 2024-11-22 21:04:03 
TT 390 012.6  16.8 012.6  16.8 9.87E-03 002.9 221.5 -30.7 27.23774 37.72028 18.54398 shoemake 2024-11-25 07:34:26 
TT 420 011.6  17.6 011.6  17.6 9.83E-03 004.1 220.0 -30.6 38.62986 55.97216 19.78352 shoemake 2024-11-26 21:57:50 
TT 450 008.7  19.6 008.7  19.6 9.81E-03 002.8 216.1 -30.5 23.54446 37.90155 18.26292 shoemake 2024-12-05 05:00:54 
TT 450 009.9  18.6 009.9  18.6 9.94E-03 002.4 217.8 -30.7 30.80407 27.96434 10.64724 shoemake 2025-02-06 01:11:06 
TT 480 008.7  20.2 008.7  20.2 3.10E-04 002.6 215.7 -30.0 0.722614 1.225197 0.268662 shoemake 2025-04-09 10:14:07 
TT 510 014.1  19.5 014.1  19.5 3.04E-04 004.4 221.0 -27.7 1.516345 1.792621 0.333588 shoemake 2025-04-25 18:04:28 
