NWFA- 1 sun compass orientation
    518 246.1  59.0   0.0   0.0   1.0
NRM    011.9   7.2 011.9   7.2 1.09E-02 002.7 228.0 -38.7 40.15116 33.69515 10.05265 shoemake 2024-07-01 12:24:22 
LN2    023.1 -23.5 023.1 -23.5 8.65E-03 039.2 271.7 -47.9 704.4820 22.29134 8.540730 shoemake 2024-07-08 16:48:12 
LN2    007.6  13.1 007.6  13.1 1.08E-02 003.3 219.3 -36.5 38.09671 49.32001 13.69746 shoemake 2024-07-11 14:13:00 
TT  70 014.6   8.2 014.6   8.2 1.08E-02 002.1 229.7 -36.2 30.09786 24.62638 4.927323 shoemake 2024-07-30 17:22:49 
TT 100 012.2  10.7 012.2  10.7 1.04E-02 003.2 225.5 -35.8 38.61518 42.94786 5.376291 shoemake 2024-08-01 10:30:16 
TT 130 011.3  11.6 011.3  11.6 1.03E-02 003.8 224.0 -35.6 47.61417 48.70023 6.232320 shoemake 2024-09-07 15:33:41 
TT 160 011.2  13.4 011.2  13.4 1.00E-02 001.6 222.6 -34.2 18.39357 20.57965 7.608983 shoemake 2024-09-12 12:09:32 
TT 190 011.0  14.5 011.0  14.5 9.87E-03 001.4 221.6 -33.5 13.34119 18.18756 8.744548 shoemake 2024-09-17 11:57:42 
TT 210 009.1  16.3 009.1  16.3 9.81E-03 002.1 218.6 -33.1 18.68248 29.47120 9.920586 shoemake 2024-10-10 18:37:24 
TT 240 013.5  16.9 013.5  16.9 7.15E-03 005.9 222.2 -30.1 49.31205 55.91783 5.294720 shoemake 2024-10-18 09:35:40 
TT 270 012.4  18.0 012.4  18.0 6.07E-03 006.2 220.5 -29.9 44.48431 47.97242 7.496812 shoemake 2024-10-26 15:03:51 
TT 300 011.0  18.9 011.0  18.9 6.15E-03 002.9 218.7 -29.9 19.17152 24.55365 2.194624 shoemake 2024-11-06 15:41:20 
TT 330 008.5  20.2 008.5  20.2 6.08E-03 003.3 215.6 -30.1 19.92637 28.68624 6.839041 shoemake 2024-11-15 16:21:54 
TT 360 010.8  18.9 010.8  18.9 6.06E-03 002.1 218.4 -30.0 14.55649 15.63136 6.117388 shoemake 2024-11-18 15:38:40 
TT 360 012.9  17.4 012.9  17.4 6.06E-03 004.6 221.3 -30.1 34.04690 35.40972 4.635690 shoemake 2024-11-22 21:18:54 
TT 390 013.4  17.1 013.4  17.1 6.06E-03 001.7 222.0 -30.0 10.31642 11.45246 9.836153 shoemake 2024-11-25 07:49:20 
TT 420 012.9  17.4 012.9  17.4 5.96E-03 002.9 221.3 -30.1 18.22131 23.07272 9.338031 shoemake 2024-11-26 22:12:41 
TT 450 009.4  19.8 009.4  19.8 5.06E-03 003.6 216.6 -30.0 17.52321 26.01859 7.336604 shoemake 2024-12-05 05:15:52 
TT 450 010.2  19.1 010.2  19.1 5.11E-03 003.5 217.8 -30.1 20.83505 24.48151 2.720858 shoemake 2025-02-06 01:25:59 
TT 480 009.4  16.2 009.4  16.2 1.33E-04 004.0 218.9 -33.0 0.731917 0.649076 0.107685 shoemake 2025-04-09 10:29:02 
TT 510 021.1  17.6 021.1  17.6 5.33E-05 082.3 228.0 -25.0 3.462375 3.851286 2.410416 shoemake 2025-04-25 18:19:10 
TT 510 013.5  24.3 013.5  24.3 1.06E-04 006.0 217.3 -24.1 0.747701 0.854771 0.085337 shoemake 2025-05-01 16:38:30 
