NWFA- 1 sun compass orientation
    518 341.1  59.0   0.0   0.0   1.0
NRM    102.2   8.9 102.2   8.9 1.06E-02 001.6 221.9 -40.2 21.13972 20.52453 10.04881 shoemake 2024-07-01 12:20:05 
LN2    105.3   9.4 105.3   9.4 1.05E-02 006.2 224.7 -38.0 78.58764 82.42060 11.32028 shoemake 2024-07-08 16:42:49 
LN2    103.6  10.9 103.6  10.9 1.05E-02 004.0 221.9 -37.8 49.84967 53.74031 14.51028 shoemake 2024-07-11 14:08:32 
TT  70 104.5  10.6 104.5  10.6 1.05E-02 000.9 223.0 -37.5 11.10490 11.79941 6.793866 shoemake 2024-07-30 17:16:52 
TT 100 105.1  11.3 105.1  11.3 1.01E-02 003.0 223.1 -36.6 37.56056 37.57019 7.004309 shoemake 2024-08-01 10:25:15 
TT 130 107.4   9.4 107.4   9.4 1.01E-02 004.2 226.7 -36.7 53.65512 50.32932 6.262374 shoemake 2024-09-07 15:28:39 
TT 160 105.5  11.8 105.5  11.8 9.97E-03 005.2 223.1 -35.9 62.33890 65.92739 5.481012 shoemake 2024-09-12 12:04:32 
TT 190 104.5  14.9 104.5  14.9 9.74E-03 001.8 219.9 -34.0 18.30288 24.14867 6.721922 shoemake 2024-09-17 11:52:43 
TT 210 108.1  12.1 108.1  12.1 9.65E-03 008.0 225.3 -34.2 91.43736 99.27528 5.445022 shoemake 2024-10-10 18:32:35 
TT 210 104.9  15.2 104.9  15.2 9.69E-03 000.8 220.1 -33.5 8.314324 8.626957 8.324680 shoemake 2024-10-14 12:40:18 
TT 240 103.0  20.4 103.0  20.4 7.28E-03 001.5 215.0 -30.2 10.67527 15.39384 4.702378 shoemake 2024-10-18 09:30:48 
TT 270 103.7  20.3 103.7  20.3 6.61E-03 001.5 215.6 -29.9 11.76236 10.56107 7.943690 shoemake 2024-10-26 14:59:28 
TT 300 106.9  18.4 106.9  18.4 6.67E-03 001.8 219.8 -29.8 13.23690 16.93568 2.487415 shoemake 2024-11-06 15:36:07 
TT 330 106.8  18.0 106.8  18.0 6.60E-03 001.2 220.0 -30.2 9.125686 9.874546 6.033899 shoemake 2024-11-15 16:16:56 
TT 360 104.3  19.6 104.3  19.6 6.60E-03 003.0 216.6 -30.2 21.68719 27.19235 4.496179 shoemake 2024-11-18 15:33:44 
TT 360 107.9  17.2 107.9  17.2 6.60E-03 004.6 221.5 -30.2 36.68652 38.12655 3.400952 shoemake 2024-11-22 21:13:59 
TT 390 106.6  18.0 106.6  18.0 6.57E-03 002.2 219.7 -30.3 17.21513 17.14405 9.469331 shoemake 2024-11-25 07:44:22 
TT 420 107.4  17.3 107.4  17.3 6.48E-03 007.5 220.9 -30.4 57.29780 62.65046 9.364274 shoemake 2024-11-26 22:07:45 
TT 450 104.3  19.5 104.3  19.5 5.72E-03 004.1 216.7 -30.3 27.25329 30.14010 7.138239 shoemake 2024-12-05 05:10:54 
TT 450 111.7  13.9 111.7  13.9 5.77E-03 005.1 227.2 -30.5 38.49801 35.22758 3.692303 shoemake 2025-02-06 01:21:01 
TT 480 098.9  18.9 098.9  18.9 5.60E-05 063.5 211.9 -33.4 4.250086 2.650821 3.359170 shoemake 2025-04-09 10:24:01 
TT 480 099.8  17.3 099.8  17.3 1.12E-04 002.8 213.7 -34.4 0.414184 0.434938 0.074469 shoemake 2025-04-15 14:49:36 
TT 510 108.9  20.6 108.9  20.6 9.55E-05 002.0 220.0 -26.9 0.309752 0.260693 0.053084 shoemake 2025-04-25 18:14:11 
