NWFA- 5 sun compass orientation
    518 318.3 110.0   0.0   0.0   1.0
NRM    005.2  18.0 005.2  18.0 2.04E-02 002.7 094.6 -49.3 87.07158 34.76201 18.49583 shoemake 2024-07-01 12:41:18 
LN2    006.6  13.6 006.6  13.6 9.03E-03 052.5 087.5 -49.7 32.50944 623.4727 736.4635 shoemake 2024-07-08 17:09:32 
LN2    006.7  15.5 006.7  15.5 1.80E-02 002.5 090.4 -50.2 68.77659 34.08724 17.49757 shoemake 2024-07-11 14:32:03 
TT  70 007.1  15.6 007.1  15.6 1.78E-02 004.2 090.5 -50.6 128.6436 10.00135 15.92047 shoemake 2024-07-30 17:46:17 
TT 100 006.6  18.6 006.6  18.6 1.75E-02 001.4 095.3 -50.7 41.94052 12.76571 9.133052 shoemake 2024-08-01 10:50:02 
TT 130 007.6  16.6 007.6  16.6 1.54E-02 003.8 091.9 -51.3 100.2898 12.91330 11.55680 shoemake 2024-09-07 15:53:26 
TT 160 008.3  15.0 008.3  15.0 1.49E-02 004.7 089.1 -51.6 121.3157 13.76201 7.865238 shoemake 2024-09-12 12:29:18 
TT 190 008.9  14.1 008.9  14.1 1.42E-02 005.2 087.5 -52.0 129.0397 16.03924 8.717523 shoemake 2024-09-17 12:17:21 
TT 210 009.2  13.1 009.2  13.1 1.40E-02 005.3 085.8 -52.0 128.7024 17.50076 8.862738 shoemake 2024-10-10 18:57:02 
TT 240 010.0  13.5 010.0  13.5 9.87E-03 002.0 086.0 -52.8 31.99401 11.57321 5.693664 shoemake 2024-10-18 09:55:25 
TT 270 010.4  13.6 010.4  13.6 8.38E-03 002.3 086.1 -53.2 27.99385 15.27831 10.06646 shoemake 2024-10-26 15:36:49 
TT 300 009.4  16.0 009.4  16.0 8.47E-03 000.8 090.3 -52.9 8.444106 7.604680 4.956248 shoemake 2024-11-06 16:01:11 
TT 330 010.5  14.2 010.5  14.2 8.35E-03 003.4 086.9 -53.5 47.20165 15.36304 9.344695 shoemake 2024-11-15 16:41:45 
TT 360 009.6  15.8 009.6  15.8 4.09E-03 020.1 089.9 -53.0 8.740652 263.7170 349.3046 shoemake 2024-11-18 15:58:33 
TT 360 110.1 -27.9 110.1 -27.9 6.54E-10 067.3 306.8 -13.4 0.000107 0.000061 0.000065 shoemake 2024-11-19 08:15:38 
TT 360 010.0  13.9 010.0  13.9 4.09E-03 040.6 086.7 -52.9 17.74858 263.7760 348.7788 shoemake 2024-11-20 17:31:26 
TT 360 010.4  14.6 010.4  14.6 8.19E-03 002.6 087.6 -53.5 35.23513 11.55769 7.990114 shoemake 2024-11-22 21:38:37 
TT 390 010.3  16.5 010.3  16.5 7.45E-03 002.4 090.9 -53.8 26.33517 15.29701 12.14405 shoemake 2024-11-25 08:09:04 
TT 420 010.7  14.6 010.7  14.6 4.85E-03 002.1 087.6 -53.8 13.96818 9.658496 8.975271 shoemake 2024-11-26 22:32:21 
TT 450 011.4  14.4 011.4  14.4 2.86E-03 001.7 087.0 -54.4 5.183233 5.479999 5.365378 shoemake 2024-12-05 05:35:42 
TT 450 011.0  16.5 011.0  16.5 2.88E-03 004.7 090.6 -54.5 22.93694 5.332854 4.133089 shoemake 2025-02-06 01:45:47 
TT 480 011.4  12.9 011.4  12.9 7.76E-04 003.8 084.4 -54.0 4.844641 1.870585 0.765988 shoemake 2025-04-09 10:48:50 
TT 510 013.1   9.8 013.1   9.8 3.57E-04 004.2 078.5 -54.6 2.448629 0.992387 0.263775 shoemake 2025-04-25 18:38:43 
