NWFA- 1 sun compass orientation
    518 246.1  59.0   0.0   0.0   1.0
NRM    106.4   3.4 106.4   3.4 1.26E-02 001.4 230.8 -41.9 22.26840 20.25863 13.14909 shoemake 2024-07-01 12:13:40 
LN2    108.3   4.7 108.3   4.7 1.24E-02 008.5 231.5 -39.7 145.9776 114.0760 13.63131 shoemake 2024-07-08 16:35:37 
LN2    104.1   8.5 104.1   8.5 1.25E-02 002.8 224.2 -39.4 45.96589 39.39100 16.82065 shoemake 2024-07-11 14:01:55 
TT  70 109.0   4.9 109.0   4.9 1.24E-02 002.6 232.0 -39.1 43.29272 36.12879 4.895688 shoemake 2024-07-30 17:07:58 
TT 100 110.0   6.3 110.0   6.3 1.21E-02 001.7 231.7 -37.3 29.01107 20.09437 6.863396 shoemake 2024-08-01 10:16:36 
TT 130 110.0   6.3 110.0   6.3 1.21E-02 000.6 231.7 -37.3 9.545839 7.772866 6.945904 shoemake 2024-09-07 15:21:16 
TT 160 111.1   5.6 111.1   5.6 1.20E-02 001.7 233.4 -37.1 26.93656 23.01783 6.744372 shoemake 2024-09-12 11:57:06 
TT 190 109.9  10.2 109.9  10.2 1.18E-02 000.6 228.4 -34.5 9.471367 9.099098 6.419640 shoemake 2024-09-17 11:45:16 
TT 210 109.6  10.5 109.6  10.5 1.17E-02 004.9 227.9 -34.5 73.98895 66.94332 6.706950 shoemake 2024-10-10 18:25:08 
TT 240 107.6  16.7 107.6  16.7 9.27E-03 005.3 221.5 -30.8 53.81583 66.58991 7.962188 shoemake 2024-10-18 09:23:24 
TT 270 109.8  15.6 109.8  15.6 8.98E-03 007.3 224.3 -30.4 83.78004 78.42226 12.28446 shoemake 2024-10-26 14:52:47 
TT 300 108.7  16.4 108.7  16.4 9.13E-03 001.7 222.8 -30.4 19.54265 20.02702 4.103303 shoemake 2024-11-06 15:28:35 
TT 330 108.9  15.9 108.9  15.9 9.01E-03 001.5 223.3 -30.7 16.96243 16.22702 9.733853 shoemake 2024-11-15 16:09:25 
TT 360 108.2  16.4 108.2  16.4 9.03E-03 001.3 222.3 -30.7 13.36999 14.30827 8.825958 shoemake 2024-11-18 15:26:13 
TT 360 077.1  58.9 077.1  58.9 3.11E-03 070.1 183.1   0.0 43.13345 763.9233 489.0989 shoemake 2024-11-22 21:06:29 
TT 360 109.6  15.3 109.6  15.3 9.03E-03 002.2 224.3 -30.7 24.23079 23.06290 10.04975 shoemake 2024-11-23 20:20:12 
TT 390 110.7  14.3 110.7  14.3 9.01E-03 002.6 226.0 -30.8 28.64457 27.55350 12.69188 shoemake 2024-11-25 07:36:54 
TT 420 111.1  14.1 111.1  14.1 8.97E-03 003.2 226.5 -30.7 36.28449 33.51101 13.12224 shoemake 2024-11-26 22:00:17 
TT 450 107.8  16.8 107.8  16.8 8.88E-03 001.9 221.7 -30.6 19.91292 19.99092 12.17244 shoemake 2024-12-05 05:03:21 
TT 450 112.3  13.0 112.3  13.0 8.99E-03 002.2 228.4 -30.8 25.90557 25.64313 5.409808 shoemake 2025-02-06 01:13:33 
TT 480 108.8  15.2 108.8  15.2 1.88E-04 001.1 223.7 -31.3 0.368589 0.321054 0.053966 shoemake 2025-04-09 10:16:32 
TT 510 114.0  14.4 114.0  14.4 1.84E-04 002.0 228.8 -28.7 0.551349 0.418012 0.094120 shoemake 2025-04-25 18:06:54 
