NWFA- 2 sun compass orientation
    518 273.2  47.5   0.0   0.0   1.0
NRM    333.2  36.5 333.2  36.5 6.35E-03 005.8 156.1  -6.4 26.45288 58.71025 5.917133 shoemake 2024-07-01 12:30:39 
LN2    345.8  34.2 345.8  34.2 6.37E-03 008.6 165.4 -11.7 22.56209 93.12051 8.243114 shoemake 2024-07-08 16:56:19 
LN2    341.0  33.1 341.0  33.1 6.42E-03 004.2 161.1 -11.7 13.62647 43.99307 9.053212 shoemake 2024-07-11 14:21:05 
TT  70 343.3  33.3 343.3  33.3 6.41E-03 004.6 163.1 -12.0 15.28307 48.98547 2.928384 shoemake 2024-07-30 17:31:32 
TT 100 348.3  33.7 348.3  33.7 6.31E-03 004.7 167.3 -12.6 11.97052 50.22191 3.915550 shoemake 2024-08-01 10:37:36 
TT 130 353.7  32.9 353.7  32.9 6.31E-03 005.7 171.8 -14.1 9.268875 61.77696 3.945386 shoemake 2024-09-07 15:41:05 
TT 160 001.8  33.4 001.8  33.4 6.33E-03 001.6 178.8 -14.1 3.872703 17.19889 4.672164 shoemake 2024-09-12 12:16:51 
TT 190 352.4  30.9 352.4  30.9 6.29E-03 003.2 170.4 -15.9 7.313995 33.61116 5.395014 shoemake 2024-09-17 12:05:01 
TT 210 176.3  47.7 176.3  47.7 4.20E-08 081.5 220.7  82.9 0.001514 0.002011 0.008432 shoemake 2024-10-10 18:44:39 
TT 210 344.0 -24.1 344.0 -24.1 1.74E-08 040.1 133.2 -65.7 0.002540 0.001888 0.001526 shoemake 2024-10-14 12:45:15 
TT 210 356.6  30.9 356.6  30.9 6.26E-03 004.2 174.1 -16.3 7.177609 45.24885 7.316244 shoemake 2024-10-14 14:12:04 
TT 240 004.1  28.9 004.1  28.9 4.73E-03 005.0 180.8 -18.6 2.772949 41.47857 4.250536 shoemake 2024-10-18 09:43:06 
TT 270 008.0  29.8 008.0  29.8 2.05E-03 056.8 184.4 -17.6 207.7472 16.51667 71.58914 shoemake 2024-10-26 15:10:41 
TT 270 004.2  28.6 004.2  28.6 4.06E-03 003.2 180.9 -18.9 4.478503 20.86328 7.656370 shoemake 2024-10-28 17:19:17 
TT 300 004.1  28.8 004.1  28.8 4.14E-03 005.2 180.8 -18.7 2.375102 37.44598 1.908720 shoemake 2024-11-06 15:48:41 
TT 330 007.2  28.4 007.2  28.4 4.10E-03 002.3 183.7 -19.0 4.445196 15.35210 4.895716 shoemake 2024-11-15 16:29:14 
TT 360 002.5 -42.2 002.5 -42.2 2.34E-08 042.2 115.3 -89.4 0.000061 0.000103 0.002921 shoemake 2024-11-18 15:46:01 
TT 360 060.6 -52.2 060.6 -52.2 6.13E-10 063.9 304.8 -51.0 0.000095 0.000096 0.000033 shoemake 2024-11-19 08:05:39 
TT 360 007.2  28.1 007.2  28.1 4.05E-03 006.0 183.7 -19.3 4.956353 42.30729 4.386288 shoemake 2024-11-20 17:21:23 
TT 360 008.8  28.0 008.8  28.0 4.04E-03 008.0 185.2 -19.3 7.744708 56.57707 3.963541 shoemake 2024-11-22 21:26:11 
TT 390 008.9  28.0 008.9  28.0 4.06E-03 004.7 185.3 -19.3 6.288735 32.20098 6.589497 shoemake 2024-11-25 07:56:37 
TT 420 013.6  27.3 013.6  27.3 3.97E-03 002.7 189.8 -19.5 6.227852 16.84313 6.670884 shoemake 2024-11-26 22:19:58 
TT 450 006.4  27.9 006.4  27.9 2.98E-03 006.0 183.0 -19.5 4.402155 30.85389 5.106155 shoemake 2024-12-05 05:23:11 
TT 450 011.5  27.6 011.5  27.6 3.02E-03 002.8 187.8 -19.5 4.432918 14.14283 2.144641 shoemake 2025-02-06 01:33:17 
TT 480 015.1  25.5 015.1  25.5 6.32E-05 057.2 191.5 -21.1 6.180582 1.275799 2.505149 shoemake 2025-04-09 10:36:22 
TT 480 007.3  25.2 007.3  25.2 1.27E-04 001.6 184.0 -22.2 0.144899 0.358910 0.045758 shoemake 2025-04-15 14:52:26 
TT 510 022.2  26.2 022.2  26.2 1.22E-04 001.1 198.0 -19.1 0.124803 0.233932 0.062409 shoemake 2025-04-25 18:26:34 
