NWFA- 1 sun compass orientation
    518 246.1  59.0   0.0   0.0   1.0
NRM    012.3   3.5 012.3   3.5 1.26E-02 001.5 231.6 -41.2 25.98538 19.93725 12.01402 shoemake 2024-07-01 12:17:56 
LN2    011.1   7.9 011.1   7.9 1.23E-02 006.2 226.7 -38.7 101.8951 87.05177 15.42554 shoemake 2024-07-08 16:40:37 
LN2    011.7   7.2 011.7   7.2 1.23E-02 007.2 227.9 -38.8 118.5631 99.92880 15.99260 shoemake 2024-07-11 14:06:18 
TT  70 010.5   8.9 010.5   8.9 1.24E-02 001.6 225.3 -38.3 18.03808 27.41471 9.904963 shoemake 2024-07-30 17:13:52 
TT 100 010.8  10.4 010.8  10.4 1.19E-02 001.7 224.4 -36.9 27.63178 20.94846 11.98794 shoemake 2024-08-01 10:21:33 
TT 130 013.4   8.2 013.4   8.2 1.19E-02 002.6 228.7 -37.0 36.80797 38.11555 11.15131 shoemake 2024-09-07 15:26:10 
TT 160 012.9   9.5 012.9   9.5 1.18E-02 003.2 227.2 -36.3 43.96874 47.90529 11.89415 shoemake 2024-09-12 12:02:02 
TT 190 011.1  13.5 011.1  13.5 1.15E-02 003.1 222.4 -34.2 45.56120 42.38932 11.07290 shoemake 2024-09-17 11:50:13 
TT 210 013.2  12.1 013.2  12.1 1.15E-02 002.6 225.4 -34.1 28.10561 44.27562 10.90467 shoemake 2024-10-10 18:30:07 
TT 240 010.8  18.7 010.8  18.7 8.84E-03 001.9 218.6 -30.2 16.41139 24.59964 7.776912 shoemake 2024-10-18 09:28:22 
TT 270 013.6  16.9 013.6  16.9 8.27E-03 004.8 222.3 -30.0 48.86661 49.15888 9.622963 shoemake 2024-10-26 14:57:17 
TT 300 013.7  16.9 013.7  16.9 8.36E-03 004.1 222.4 -30.0 38.95911 45.04550 2.977056 shoemake 2024-11-06 15:33:36 
TT 330 011.5  18.1 011.5  18.1 8.27E-03 001.2 219.6 -30.3 11.07555 12.18887 9.624290 shoemake 2024-11-15 16:14:25 
TT 360 012.9  17.2 012.9  17.2 8.28E-03 001.3 221.5 -30.2 12.71241 11.93349 8.764724 shoemake 2024-11-18 15:31:14 
TT 360 014.4  16.1 014.4  16.1 8.30E-03 001.8 223.6 -30.2 20.23878 15.36207 7.018289 shoemake 2024-11-22 21:11:28 
TT 390 012.0  17.7 012.0  17.7 8.26E-03 002.3 220.3 -30.3 22.77143 20.33946 13.18108 shoemake 2024-11-25 07:41:52 
TT 420 014.0  16.4 014.0  16.4 8.21E-03 002.3 223.0 -30.2 23.95342 20.21747 13.40950 shoemake 2024-11-26 22:05:15 
TT 450 011.8  18.0 011.8  18.0 7.64E-03 002.0 219.9 -30.2 19.45783 16.19077 11.44996 shoemake 2024-12-05 05:08:23 
TT 450 014.4  15.9 014.4  15.9 7.73E-03 001.4 223.7 -30.4 13.95218 15.14123 4.639174 shoemake 2025-02-06 01:18:32 
TT 480 008.0  16.0 008.0  16.0 1.27E-04 002.7 217.7 -33.9 0.422362 0.494350 0.058798 shoemake 2025-04-09 10:21:30 
TT 510 016.6  19.2 016.6  19.2 6.30E-05 037.3 223.2 -26.5 4.397483 4.127111 3.001201 shoemake 2025-04-25 18:11:46 
TT 510 015.8  20.7 015.8  20.7 1.24E-04 003.5 221.6 -25.8 0.536251 0.596088 0.087990 shoemake 2025-05-01 16:36:05 
