NWFA- 3 sun compass orientation
    518 307.5  41.5   0.0   0.0   1.0
NRM    077.4  42.2 077.4  42.2 1.67E-02 000.9 191.0   1.6 10.27511 21.58600 16.10135 shoemake 2024-07-01 12:32:44 
LN2    073.9  42.1 073.9  42.1 1.62E-02 001.0 188.4   1.2 13.10307 15.35896 23.32306 shoemake 2024-07-08 16:58:28 
LN2    072.0  42.5 072.0  42.5 1.62E-02 001.8 187.0   1.4 9.295960 43.46156 24.95619 shoemake 2024-07-11 14:23:14 
TT  70 075.4  41.5 075.4  41.5 1.59E-02 002.3 189.6   0.7 13.23038 62.85420 8.483773 shoemake 2024-07-30 17:34:27 
TT 100 076.3  40.9 076.3  40.9 1.47E-02 002.9 190.4   0.2 21.11628 70.28176 11.20974 shoemake 2024-08-01 10:40:03 
TT 130 079.2  39.2 079.2  39.2 1.36E-02 002.7 192.9  -1.1 22.09924 61.31449 9.279189 shoemake 2024-09-07 15:43:32 
TT 160 076.5  39.4 076.5  39.4 1.34E-02 001.3 190.8  -1.2 10.88788 27.42344 9.568351 shoemake 2024-09-12 12:19:18 
TT 190 069.4  38.5 069.4  38.5 1.21E-02 000.9 185.4  -2.8 8.313952 16.14834 8.259101 shoemake 2024-09-17 12:07:26 
TT 210 242.2  49.1 242.2  49.1 6.07E-08 029.7 196.2  89.4 0.000601 0.000570 0.006356 shoemake 2024-10-10 18:47:08 
TT 210 065.2  38.3 065.2  38.3 1.19E-02 004.7 182.1  -3.2 9.451326 96.62801 12.68681 shoemake 2024-10-14 12:47:47 
TT 240 049.5  32.1 049.5  32.1 6.71E-03 001.1 168.9  -8.6 5.460957 11.13000 5.608968 shoemake 2024-10-18 09:45:37 
TT 270 050.0  32.5 050.0  32.5 5.51E-03 001.4 169.4  -8.2 5.609278 7.878601 10.76129 shoemake 2024-10-26 15:16:37 
TT 300 052.6  32.5 052.6  32.5 5.56E-03 001.1 171.6  -8.5 3.120682 9.229940 5.262348 shoemake 2024-11-06 15:51:10 
TT 330 051.5  32.2 051.5  32.2 5.48E-03 004.4 170.6  -8.7 8.770312 41.26977 6.976477 shoemake 2024-11-15 16:31:42 
TT 360 141.8 -13.6 141.8 -13.6 3.96E-10 073.6 271.2 -17.2 0.000056 0.000087 0.000050 shoemake 2024-11-18 15:48:30 
TT 360 022.3 -37.8 022.3 -37.8 4.97E-10 067.5 095.2 -59.2 0.000051 0.000071 0.000041 shoemake 2024-11-19 08:08:07 
TT 360 049.1  31.7 049.1  31.7 5.45E-03 001.6 168.5  -8.9 4.664295 13.96464 6.656942 shoemake 2024-11-20 17:23:52 
TT 360 060.9  32.7 060.9  32.7 5.47E-03 002.1 178.6  -8.8 4.256747 19.70976 4.523378 shoemake 2024-11-22 21:28:38 
TT 390 055.6  32.3 055.6  32.3 5.38E-03 004.3 174.1  -9.0 6.667224 39.62839 9.227549 shoemake 2024-11-25 07:59:05 
TT 420 054.5  32.1 054.5  32.1 4.91E-03 001.6 173.1  -9.1 4.546888 11.10534 8.395789 shoemake 2024-11-26 22:22:25 
TT 450 049.5  31.5 049.5  31.5 3.65E-03 007.6 168.8  -9.2 9.592104 47.69706 5.574953 shoemake 2024-12-05 05:25:40 
TT 450 060.2  32.4 060.2  32.4 3.70E-03 002.6 178.0  -9.1 2.761583 16.33098 4.242656 shoemake 2025-02-06 01:35:45 
TT 480 043.6  25.9 043.6  25.9 1.04E-04 052.6 162.5 -13.7 10.29100 3.234671 2.706009 shoemake 2025-04-09 10:38:49 
TT 480 047.5  25.5 047.5  25.5 2.09E-04 001.1 166.0 -14.8 0.370392 0.301590 0.219260 shoemake 2025-04-15 14:54:54 
TT 510 050.8  29.0 050.8  29.0 1.98E-04 003.9 169.6 -11.8 0.346316 1.323859 0.199729 shoemake 2025-04-25 18:28:58 
