NWFA- 4 sun compass orientation
    518 245.3  60.0   0.0   0.0   1.0
NRM    352.8  38.4 352.8  38.4 3.34E-02 001.5 188.0 -21.0 32.87717 76.37441 34.77605 shoemake 2024-07-01 12:36:59 
LN2    352.9  38.3 352.9  38.3 3.23E-02 001.3 188.1 -21.1 38.36928 53.58916 47.06354 shoemake 2024-07-08 17:02:51 
LN2    354.6  38.0 354.6  38.0 3.24E-02 002.4 189.5 -21.2 38.47645 123.8794 39.91014 shoemake 2024-07-11 14:27:35 
TT  70 350.7  38.4 350.7  38.4 3.14E-02 003.1 186.2 -21.3 31.94383 165.7087 18.24742 shoemake 2024-07-30 17:40:19 
TT 100 356.0  37.1 356.0  37.1 2.90E-02 001.3 190.9 -21.8 20.72209 63.13134 19.82576 shoemake 2024-08-01 10:45:00 
TT 130 357.4  35.1 357.4  35.1 2.45E-02 008.6 192.6 -23.6 89.68026 360.7260 15.97684 shoemake 2024-09-07 15:48:26 
TT 160 356.1  35.2 356.1  35.2 2.37E-02 004.6 191.4 -23.7 41.92923 187.7270 13.90734 shoemake 2024-09-12 12:24:16 
TT 190 359.7  33.0 359.7  33.0 2.10E-02 004.0 195.2 -25.1 42.02480 141.6632 13.05772 shoemake 2024-09-17 12:12:21 
TT 210 000.5  32.4 000.5  32.4 2.05E-02 000.7 196.1 -25.5 13.86786 19.25812 17.09735 shoemake 2024-10-10 18:52:07 
TT 240 009.1  23.5 009.1  23.5 1.09E-02 001.4 207.8 -31.0 8.013348 22.67440 11.41567 shoemake 2024-10-18 09:50:33 
TT 270 358.5  26.8 358.5  26.8 8.69E-03 011.5 195.9 -31.4 40.58723 172.1161 9.552932 shoemake 2024-10-26 15:32:26 
TT 270 013.8  20.7 013.8  20.7 8.74E-03 003.2 213.8 -31.4 26.49582 38.93663 12.49013 shoemake 2024-10-28 17:21:48 
TT 300 010.5  22.7 010.5  22.7 8.88E-03 002.6 209.5 -31.2 18.15245 36.84477 4.227073 shoemake 2024-11-06 15:56:10 
TT 330 008.3  23.5 008.3  23.5 8.75E-03 003.2 207.0 -31.4 21.70554 42.60510 10.86166 shoemake 2024-11-15 16:36:43 
TT 360 114.6  23.5 114.6  23.5 8.57E-10 059.0 266.5  46.3 0.000072 0.000120 0.000043 shoemake 2024-11-18 15:53:32 
TT 360 017.3  -3.9 017.3  -3.9 7.49E-10 066.2 237.6 -48.6 0.000082 0.000073 0.000072 shoemake 2024-11-19 08:13:07 
TT 360 161.0  17.2 161.0  17.2 1.99E-08 083.2 350.2  77.0 0.001245 0.000892 0.006575 shoemake 2024-11-20 17:28:55 
TT 360 011.2  22.0 011.2  22.0 8.71E-03 001.4 210.6 -31.5 15.15297 14.48688 7.985317 shoemake 2024-11-22 21:33:38 
TT 390 010.4  22.3 010.4  22.3 8.39E-03 002.0 209.7 -31.6 15.27244 21.49355 13.85652 shoemake 2024-11-25 08:04:04 
TT 420 010.0  22.6 010.0  22.6 6.45E-03 001.8 209.1 -31.5 12.23360 11.78566 12.40672 shoemake 2024-11-26 22:27:24 
TT 450 014.2  21.5 014.2  21.5 2.00E-03 031.2 213.7 -30.5 153.4020 102.6249 108.7375 shoemake 2024-12-05 05:30:41 
TT 450 008.7  23.4 008.7  23.4 3.98E-03 002.3 207.4 -31.3 10.24475 10.88299 7.288559 shoemake 2024-12-05 15:28:24 
TT 450 353.9  26.3 353.9  26.3 1.97E-03 032.7 191.3 -32.8 173.9791 67.08367 114.0276 shoemake 2025-02-06 01:40:46 
TT 450 029.9  75.1 029.9  75.1 2.62E-09 082.5 191.4  19.3 0.000419 0.000636 0.002652 shoemake 2025-02-07 00:26:27 
TT 450 010.6  22.4 010.6  22.4 4.03E-03 002.9 209.8 -31.4 9.418343 18.60539 2.391898 shoemake 2025-02-10 17:28:54 
TT 480 010.0  17.9 010.0  17.9 1.53E-04 063.0 211.7 -35.6 11.30055 6.991515 9.513087 shoemake 2025-04-09 10:43:48 
TT 480 011.5  16.3 011.5  16.3 3.05E-04 003.4 214.3 -36.3 0.880912 1.587901 0.338664 shoemake 2025-04-15 14:57:24 
TT 510 013.2  19.8 013.2  19.8 1.45E-04 049.6 213.8 -32.5 10.87773 7.272161 8.342910 shoemake 2025-04-25 18:33:49 
TT 510 021.1  15.1 021.1  15.1 2.90E-04 001.5 224.3 -32.0 0.374600 0.653302 0.338633 shoemake 2025-05-01 16:43:16 
