WBEA- 1 mag compass orientation (IGRF corrected)
   1397  89.6  22.0   0.0   0.0   1.0
NRM    156.5 -39.2 156.5 -39.2 4.44E-04 002.0 144.4 -58.5 0.841616 1.085369 1.136566 shoemake 2024-06-28 15:45:58 
LN2    166.2 -37.0 166.2 -37.0 5.10E-04 002.0 159.5 -58.1 1.072862 1.300007 0.567401 shoemake 2024-07-08 15:53:42 
LN2    157.2 -36.5 157.2 -36.5 5.14E-04 002.2 146.7 -56.1 1.540964 1.506333 0.223416 shoemake 2024-07-08 16:25:00 
LN2    159.6 -37.2 159.6 -37.2 5.21E-04 002.8 149.8 -57.2 1.244865 2.017863 1.245758 shoemake 2024-07-11 18:23:54 
TT  70 160.5 -37.7 160.5 -37.7 5.32E-04 003.5 150.9 -57.9 1.994821 2.578800 0.438777 shoemake 2024-07-30 16:47:20 
TT 100 163.8 -36.4 163.8 -36.4 5.10E-04 001.4 156.1 -57.2 0.815177 0.691340 0.689339 shoemake 2024-08-01 09:59:18 
TT 130 164.3 -36.7 164.3 -36.7 4.92E-04 002.9 156.8 -57.5 1.144901 2.157687 0.446630 shoemake 2024-09-07 18:54:48 
TT 160 163.0 -36.7 163.0 -36.7 4.84E-04 002.7 154.9 -57.3 1.380407 1.707019 0.594293 shoemake 2024-09-12 14:54:41 
TT 190 162.5 -36.8 162.5 -36.8 4.84E-04 002.8 154.1 -57.4 1.440052 1.837522 0.585670 shoemake 2024-09-17 16:29:57 
TT 210 165.6 -36.3 165.6 -36.3 4.85E-04 003.9 158.9 -57.3 1.842178 2.663534 0.645319 shoemake 2024-10-11 03:28:39 
TT 240 168.3 -37.2 168.3 -37.2 4.40E-04 003.0 162.6 -58.6 0.847097 2.147257 0.532417 shoemake 2024-10-18 12:21:20 
TT 270 165.8 -35.4 165.8 -35.4 3.79E-04 007.4 159.4 -56.5 3.249650 2.964934 4.815446 shoemake 2024-10-27 11:30:08 
TT 300 166.4 -36.6 166.4 -36.6 4.24E-04 001.2 160.0 -57.7 0.443729 0.810073 0.100994 shoemake 2024-11-06 18:32:43 
TT 330 165.5 -38.0 165.5 -38.0 2.85E-04 001.5 158.1 -59.0 0.488956 0.556333 0.207330 shoemake 2024-11-15 19:07:28 
TT 360 152.9 -32.6 152.9 -32.6 6.05E-05 003.3 142.7 -51.4 0.192456 0.297851 0.050710 shoemake 2024-11-18 18:42:18 
TT 360 182.3  22.5 182.3  22.5 3.43E-05 060.0 182.5   0.5 0.133249 2.856573 5.316260 shoemake 2024-11-23 00:03:41 
TT 360 148.8 -29.8 148.8 -29.8 6.49E-05 002.5 138.7 -47.7 0.215126 0.182104 0.092517 shoemake 2024-11-23 21:51:40 
TT 390 186.3 -18.9 186.3 -18.9 2.94E-05 002.5 188.4 -40.7 0.123272 0.101265 0.044467 shoemake 2024-11-25 11:49:34 
TT 420 159.5 -69.3 159.5 -69.3 5.50E-06 016.2 071.0 -82.6 0.137593 0.081147 0.025465 shoemake 2024-11-27 00:57:46 
TT 420 172.4 -65.9 172.4 -65.9 7.11E-06 004.0 122.8 -86.5 0.037824 0.031611 0.050987 shoemake 2024-11-27 13:10:53 
TT 450 315.5  14.3 315.5  14.3 9.17E-06 009.6 309.4  29.3 0.111870 0.105874 0.018931 shoemake 2024-12-05 08:02:08 
TT 450 290.2 -32.7 290.2 -32.7 4.13E-06 047.0 301.2 -23.0 0.285803 0.298022 0.019267 shoemake 2025-02-06 06:01:14 
TT 450 301.9 -31.9 301.9 -31.9 3.97E-06 049.1 310.8 -18.7 0.285896 0.300570 0.018573 shoemake 2025-02-07 01:11:37 
TT 450 297.6 -11.0 297.6 -11.0 3.87E-06 051.5 299.9  -0.3 0.290102 0.296519 0.014815 shoemake 2025-02-10 18:09:10 
TT 450 304.8 -10.2 304.8 -10.2 4.43E-06 045.6 306.4   2.8 0.293415 0.301210 0.021912 shoemake 2025-02-12 13:42:30 
TT 450 296.1   4.4 296.1   4.4 3.96E-06 050.2 293.3  13.8 0.292448 0.300441 0.013678 shoemake 2025-02-21 10:22:25 
