WBEA- 1 mag compass orientation (IGRF corrected)
   1397  89.6  22.0   0.0   0.0   1.0
NRM    161.5 -41.4 161.5 -41.4 4.12E-04 011.6 150.5 -61.7 3.911195 7.446858 0.926999 shoemake 2024-06-28 15:48:07 
LN2    161.0 -37.7 161.0 -37.7 4.74E-04 002.2 151.5 -58.0 1.314748 1.417153 0.232821 shoemake 2024-07-08 15:55:50 
LN2    157.9 -39.1 157.9 -39.1 4.78E-04 003.4 146.4 -58.7 1.842270 2.149378 0.826835 shoemake 2024-07-11 18:26:02 
TT  70 158.9 -39.4 158.9 -39.4 4.79E-04 005.6 147.8 -59.2 2.850262 3.755644 0.651663 shoemake 2024-07-30 16:50:19 
TT 100 162.2 -37.9 162.2 -37.9 4.51E-04 002.5 153.3 -58.4 1.170492 1.531692 0.612016 shoemake 2024-08-01 10:01:48 
TT 130 161.1 -36.7 161.1 -36.7 4.24E-04 002.9 152.1 -57.0 1.218292 1.703595 0.525446 shoemake 2024-09-07 18:57:12 
TT 160 159.5 -37.6 159.5 -37.6 4.19E-04 003.1 149.5 -57.6 1.457434 1.736130 0.463627 shoemake 2024-09-12 14:57:08 
TT 190 163.0 -37.0 163.0 -37.0 4.19E-04 004.4 154.8 -57.6 1.724797 2.693742 0.487406 shoemake 2024-09-17 16:32:25 
TT 210 160.3 -38.6 160.3 -38.6 2.11E-04 073.7 150.1 -58.7 10.18136 5.852705 19.29459 shoemake 2024-10-11 03:31:09 
TT 210 162.8 -36.5 162.8 -36.5 2.10E-04 024.0 154.6 -57.1 11.02599 5.237955 18.84783 shoemake 2024-10-14 13:18:15 
TT 210 163.0 -37.4 163.0 -37.4 4.21E-04 001.8 154.6 -58.0 0.873309 0.962192 0.454404 shoemake 2024-10-14 14:25:26 
TT 240 164.4 -36.6 164.4 -36.6 3.89E-04 002.2 157.0 -57.5 0.782621 1.241342 0.380914 shoemake 2024-10-18 12:23:49 
TT 270 165.1 -36.2 165.1 -36.2 3.37E-04 007.9 158.1 -57.2 3.191200 3.006888 3.613895 shoemake 2024-10-27 11:32:26 
TT 270 162.7 -38.1 162.7 -38.1 3.72E-04 004.3 153.9 -58.7 1.518695 2.356523 0.427140 shoemake 2024-10-28 17:42:31 
TT 300 162.4 -38.1 162.4 -38.1 3.67E-04 004.2 153.5 -58.6 1.387131 2.337589 0.094644 shoemake 2024-11-06 18:35:13 
TT 330 165.0 -37.8 165.0 -37.8 2.40E-04 004.3 157.4 -58.7 0.859704 1.612936 0.189628 shoemake 2024-11-15 19:09:57 
TT 360 175.9 -32.0 175.9 -32.0 4.70E-05 005.9 174.6 -53.9 0.099503 0.477877 0.050762 shoemake 2024-11-18 18:44:46 
TT 360 183.9  22.0 183.9  22.0 2.50E-05 060.5 184.0   0.1 0.110367 0.298309 4.489127 shoemake 2024-11-23 00:06:11 
TT 360 166.8 -35.7 166.8 -35.7 4.88E-05 005.2 160.7 -56.9 0.239894 0.380296 0.044537 shoemake 2024-11-23 21:54:08 
TT 390 175.4 -12.6 175.4 -12.6 1.57E-05 004.8 175.0 -34.5 0.039126 0.122074 0.068930 shoemake 2024-11-25 11:52:02 
TT 420 095.0  13.6 095.0  13.6 1.25E-05 003.5 100.1  10.6 0.057370 0.077765 0.046818 shoemake 2024-11-27 01:00:15 
TT 450 324.5  29.2 324.5  29.2 1.50E-05 007.7 313.7  46.0 0.098100 0.182938 0.025592 shoemake 2024-12-05 08:04:38 
TT 450 340.4  16.4 340.4  16.4 1.04E-05 017.5 336.7  36.9 0.256894 0.276338 0.014378 shoemake 2025-02-06 06:03:44 
TT 450 342.6  17.4 342.6  17.4 1.08E-05 017.4 339.2  38.3 0.260582 0.283976 0.016981 shoemake 2025-02-07 01:14:07 
TT 450 350.0  18.3 350.0  18.3 1.12E-05 016.1 348.1  39.9 0.260241 0.270915 0.015135 shoemake 2025-02-10 18:11:39 
TT 450 344.0  19.3 344.0  19.3 1.11E-05 017.2 340.6  40.3 0.263775 0.288759 0.014976 shoemake 2025-02-12 13:45:00 
TT 450 350.5  28.0 350.5  28.0 1.17E-05 016.7 347.5  49.6 0.260675 0.284097 0.019084 shoemake 2025-02-21 10:24:55 
