WBEA- 1 mag compass orientation (IGRF corrected)
   1397  89.6  22.0   0.0   0.0   1.0
NRM    148.8 -32.9 148.8 -32.9 3.46E-04 002.0 137.2 -50.7 0.789521 0.747261 0.904153 shoemake 2024-06-28 15:41:39 
LN2    156.0 -36.9 156.0 -36.9 4.09E-04 001.9 144.9 -56.2 1.012923 1.085229 0.106689 shoemake 2024-07-08 15:47:50 
LN2    157.9 -36.8 157.9 -36.8 4.11E-04 002.4 147.6 -56.5 0.998451 1.367834 0.444402 shoemake 2024-07-11 18:19:34 
TT  70 161.1 -36.2 161.1 -36.2 4.15E-04 001.8 152.3 -56.5 0.730938 1.003894 0.461815 shoemake 2024-07-30 16:41:27 
TT 100 161.8 -36.4 161.8 -36.4 4.06E-04 001.3 153.3 -56.9 0.517015 0.642269 0.718834 shoemake 2024-08-01 09:54:21 
TT 130 160.6 -36.2 160.6 -36.2 3.86E-04 003.3 151.6 -56.4 1.177673 1.869971 0.341295 shoemake 2024-09-07 18:49:59 
TT 160 160.1 -36.2 160.1 -36.2 3.82E-04 002.6 150.9 -56.4 0.973917 1.382107 0.363083 shoemake 2024-09-12 14:49:49 
TT 190 160.7 -36.2 160.7 -36.2 3.84E-04 001.6 151.7 -56.5 0.652705 0.830170 0.189229 shoemake 2024-09-17 16:25:06 
TT 210 162.8 -35.9 162.8 -35.9 3.85E-04 005.2 154.9 -56.5 1.840844 2.932745 0.480805 shoemake 2024-10-11 03:23:43 
TT 240 165.6 -36.8 165.6 -36.8 3.46E-04 002.8 158.7 -57.8 0.630491 1.547434 0.304050 shoemake 2024-10-18 12:16:19 
TT 270 168.3 -36.3 168.3 -36.3 3.32E-04 003.5 162.8 -57.7 0.933873 1.769045 0.385686 shoemake 2024-10-27 11:01:44 
TT 300 161.4 -39.5 161.4 -39.5 3.39E-04 002.7 151.3 -59.8 0.770904 1.395250 0.073389 shoemake 2024-11-06 18:27:49 
TT 330 165.2 -39.0 165.2 -39.0 2.40E-04 004.0 157.3 -59.9 0.710036 1.514144 0.194196 shoemake 2024-11-15 19:02:35 
TT 360 168.8 -20.3 168.8 -20.3 5.13E-05 002.9 166.4 -41.8 0.185560 0.211589 0.095155 shoemake 2024-11-18 18:37:27 
TT 360 181.1  21.8 181.1  21.8 3.83E-05 047.7 181.4  -0.2 0.068329 0.148776 4.214904 shoemake 2024-11-22 23:58:47 
TT 360 176.4 -23.8 176.4 -23.8 5.54E-05 003.4 175.8 -45.8 0.098968 0.310483 0.050941 shoemake 2024-11-23 21:46:48 
TT 390 296.1  45.5 296.1  45.5 6.28E-06 005.7 272.1  51.1 0.037347 0.089341 0.049061 shoemake 2024-11-25 11:44:40 
TT 420 229.4 -33.2 229.4 -33.2 9.75E-06 014.7 245.2 -45.2 0.198326 0.160700 0.124882 shoemake 2024-11-27 00:52:51 
TT 450 259.2  21.9 259.2  21.9 5.49E-06 009.3 252.1  16.4 0.110796 0.113733 0.031615 shoemake 2024-12-05 07:57:11 
TT 450 335.2  70.1 335.2  70.1 7.10E-06 025.9 245.4  81.1 0.239903 0.245528 0.042649 shoemake 2025-02-06 05:56:21 
TT 450 329.6  70.6 329.6  70.6 6.94E-06 025.9 242.7  79.2 0.234251 0.240048 0.041969 shoemake 2025-02-07 01:06:46 
TT 450 321.6  73.7 321.6  73.7 6.84E-06 026.4 228.3  76.6 0.240406 0.241135 0.031316 shoemake 2025-02-10 18:04:16 
TT 450 319.8  74.6 319.8  74.6 6.75E-06 027.3 224.5  76.0 0.243368 0.247724 0.037019 shoemake 2025-02-12 13:37:37 
TT 450 305.1  70.5 305.1  70.5 6.39E-06 028.0 237.4  71.2 0.243939 0.242169 0.024482 shoemake 2025-02-21 10:17:32 
