WBEA- 1 mag compass orientation (IGRF corrected)
   1397  89.6  22.0   0.0   0.0   1.0
NRM    151.3 -28.7 151.3 -28.7 3.49E-04 002.3 142.2 -47.3 0.687551 1.057915 0.839772 shoemake 2024-06-28 15:35:19 
LN2    155.1 -35.1 155.1 -35.1 4.11E-04 002.2 144.5 -54.3 1.137822 1.201499 0.177987 shoemake 2024-07-08 15:41:16 
LN2    160.6 -34.8 160.6 -34.8 4.15E-04 005.1 152.1 -55.1 1.788104 3.184063 0.751963 shoemake 2024-07-11 18:13:10 
TT  70 160.6 -36.7 160.6 -36.7 4.23E-04 001.8 151.4 -56.9 0.677498 1.073612 0.507274 shoemake 2024-07-30 16:32:44 
TT 100 160.5 -36.4 160.5 -36.4 4.15E-04 001.2 151.4 -56.6 0.450023 0.715002 0.510915 shoemake 2024-08-01 09:47:04 
TT 130 163.5 -36.3 163.5 -36.3 4.03E-04 003.5 155.7 -57.0 1.301332 2.038136 0.633882 shoemake 2024-09-07 18:40:21 
TT 160 158.9 -37.1 158.9 -37.1 4.09E-04 002.8 148.8 -57.0 1.228563 1.558411 0.219813 shoemake 2024-09-12 14:42:26 
TT 190 162.2 -36.9 162.2 -36.9 4.10E-04 003.7 153.6 -57.4 1.410962 2.223644 0.262585 shoemake 2024-09-17 16:17:43 
TT 210 161.9 -36.8 161.9 -36.8 4.12E-04 002.3 153.2 -57.3 1.188202 1.063628 0.636014 shoemake 2024-10-11 03:16:26 
TT 240 164.3 -36.6 164.3 -36.6 3.61E-04 001.4 156.8 -57.4 0.283872 0.793752 0.444529 shoemake 2024-10-18 12:08:57 
TT 270 159.8 -40.4 159.8 -40.4 1.63E-04 028.0 148.6 -60.4 7.363013 4.529032 15.10088 shoemake 2024-10-27 10:52:54 
TT 270 167.9 -38.0 167.9 -38.0 3.16E-04 002.0 161.7 -59.3 0.651745 0.849231 0.376152 shoemake 2024-10-28 17:37:28 
TT 300 164.1 -38.6 164.1 -38.6 3.31E-04 002.6 155.8 -59.4 0.604295 1.355568 0.100050 shoemake 2024-11-06 18:20:30 
TT 330 167.5 -39.9 167.5 -39.9 2.76E-04 002.3 160.5 -61.1 0.554549 0.953238 0.159790 shoemake 2024-11-15 18:55:17 
TT 360 175.6 -34.4 175.6 -34.4 7.41E-05 003.5 174.1 -56.3 0.141824 0.428968 0.101183 shoemake 2024-11-18 18:30:11 
TT 360 181.5  22.2 181.5  22.2 3.57E-05 062.4 181.8   0.2 0.103457 1.993885 6.656744 shoemake 2024-11-22 23:51:29 
TT 360 173.5 -35.1 173.5 -35.1 7.31E-05 003.6 170.9 -56.9 0.250678 0.379040 0.129666 shoemake 2024-11-23 21:41:54 
TT 390 139.1 -27.3 139.1 -27.3 2.62E-05 004.1 128.2 -42.7 0.124353 0.143976 0.048612 shoemake 2024-11-25 11:37:19 
TT 420 135.1  46.3 135.1  46.3 1.11E-05 008.9 146.4  29.1 0.122944 0.117132 0.047004 shoemake 2024-11-27 00:45:30 
TT 450 252.3  21.2 252.3  21.2 1.88E-05 006.3 246.2  13.4 0.212044 0.034901 0.041962 shoemake 2024-12-05 07:49:48 
TT 450 247.5  -1.0 247.5  -1.0 1.81E-05 021.0 249.7  -9.1 0.387490 0.268563 0.570411 shoemake 2025-02-06 05:49:00 
TT 450 245.8   2.2 245.8   2.2 1.85E-05 007.3 247.0  -6.6 0.223364 0.256097 0.043792 shoemake 2025-02-07 00:59:27 
