PKS-B- 1E 
        116.0  19.5   0.0   0.0   1.0
NRM    189.4 -00.9 189.4 -00.9 5.59E-02 002.8 161.4 -19.5 74.93989 240.9633 111.7627 shoemake 2024-06-28 16:47:52 
LN2    189.9 -02.0 189.9 -02.0 5.61E-02 011.1 161.8 -20.6 382.8802 1029.347 66.92041 shoemake 2024-07-11 16:45:05 
TT  70 186.2 -04.7 186.2 -04.7 4.66E-02 003.4 157.5 -22.8 86.58968 266.4588 29.96837 shoemake 2024-07-30 16:20:54 
TT 100 191.7 -05.4 191.7 -05.4 1.92E-02 000.9 163.3 -24.2 16.22808 18.66168 20.45712 shoemake 2024-08-01 09:37:04 
TT 130 187.9 -03.9 187.9 -03.9 7.10E-03 009.4 159.5 -22.3 44.44782 109.0324 6.389465 shoemake 2024-09-07 19:16:48 
TT 160 190.2 -00.2 190.2 -00.2 5.13E-03 005.4 162.3 -18.9 16.60878 45.49776 5.495581 shoemake 2024-09-12 15:16:52 
TT 190 195.7 -02.8 195.7 -02.8 5.71E-03 004.2 167.9 -21.9 9.932205 40.50719 4.338568 shoemake 2024-09-17 16:52:09 
TT 210 189.8 -00.6 189.8 -00.6 5.44E-03 002.6 161.8 -19.2 5.085701 23.48124 6.516699 shoemake 2024-10-11 03:50:53 
TT 240 185.1 -06.1 185.1 -06.1 5.56E-03 000.7 156.1 -24.1 4.016909 3.483729 4.914562 shoemake 2024-10-18 12:43:31 
TT 270 192.1 -10.1 192.1 -10.1 4.49E-03 003.3 163.3 -28.9 12.24527 22.22966 7.078403 shoemake 2024-10-28 15:16:33 
TT 300 184.6 -09.5 184.6 -09.5 3.49E-03 000.6 155.0 -27.4 2.192162 3.175458 2.392780 shoemake 2024-11-06 18:54:58 
TT 330 188.8 -14.8 188.8 -14.8 2.38E-03 002.8 159.0 -33.2 4.830561 10.50695 2.451359 shoemake 2024-11-15 19:29:38 
TT 360 197.1 -15.0 197.1 -15.0 1.03E-03 003.0 168.5 -34.2 1.896690 5.004354 1.323760 shoemake 2024-11-18 19:04:24 
TT 360 208.8  19.6 208.8  19.6 8.54E-04 037.6 181.8  00.2 1.184709 12.29901 64.56769 shoemake 2024-11-23 00:26:07 
TT 360 194.2 -15.7 194.2 -15.7 1.05E-03 001.4 165.1 -34.7 1.499274 1.829183 1.566430 shoemake 2024-11-23 22:13:49 
TT 390 184.5 -16.9 184.5 -16.9 8.49E-04 002.7 153.6 -34.7 2.164570 3.053339 1.854259 shoemake 2024-11-25 12:11:48 
TT 420 205.9 -21.6 205.9 -21.6 1.24E-04 003.7 178.7 -41.1 0.245785 0.268819 1.001403 shoemake 2024-11-27 01:20:20 
TT 450 139.9  44.6 139.9  44.6 2.37E-05 014.5 127.2  34.7 0.231406 0.040688 0.599983 shoemake 2024-12-05 08:24:30 
TT 450 169.8  31.7 169.8  31.7 3.69E-05 006.2 147.8  15.6 0.092383 0.346839 0.190427 shoemake 2024-12-09 17:55:24 
TT 450 014.5  65.2 014.5  65.2 7.35E-05 013.0 312.9  82.9 1.202601 1.208052 0.075023 shoemake 2025-02-06 06:23:35 
TT 480 321.2 -68.2 321.2 -68.2 4.22E-05 024.6 323.2 -55.5 1.242802 1.284126 1.309181 shoemake 2025-04-09 23:08:16 
TT 480 246.8 -57.3 246.8 -57.3 2.22E-05 037.3 252.4 -68.7 1.257530 1.181416 0.057923 shoemake 2025-04-15 15:35:23 
