PKSK- 2 mag compass orientation (IGRF corrected)
    553 240.7  18.0  -1.3   0.0   1.0
NRM    242.4  -3.2 242.4  -3.2 2.36E-02 018.4 090.6  -3.6 782.7559 10.49850 37.26571 shoemake 2024-07-15 19:22:13 
NRM    242.7  -3.0 242.7  -3.0 2.45E-02 001.1 091.0  -3.5 11.24135 9.807034 46.68265 shoemake 2024-07-16 10:39:31 
LT1 77 234.2  -5.7 234.2  -5.7 2.48E-02 003.0 082.1  -3.4 128.6107 22.57018 17.70550 shoemake 2024-07-28 18:17:37 
LT1 77 241.8  -3.2 241.8  -3.2 2.48E-02 001.3 090.1  -3.4 54.34200 15.24456 15.36301 shoemake 2024-07-29 10:30:22 
LT2 77 240.0  -3.7 240.0  -3.7 2.45E-02 006.0 088.2  -3.3 256.1872 16.15831 22.67065 shoemake 2024-08-12 15:20:58 
TT  70 238.1  -6.1 238.1  -6.1 2.29E-02 004.2 085.6  -5.0 166.8017 12.14704 15.43347 shoemake 2024-08-22 18:37:57 
TT  70 237.9  -6.2 237.9  -6.2 2.28E-02 004.4 085.4  -5.0 174.4574 14.57593 15.96142 shoemake 2024-08-22 22:16:40 
TT 100 235.4  -7.1 235.4  -7.1 2.27E-02 007.0 082.8  -5.1 277.0960 32.15688 16.02628 shoemake 2024-08-28 11:19:08 
TT 130 235.4  -8.5 235.4  -8.5 2.17E-02 004.2 082.3  -6.4 158.8834 22.14815 12.06619 shoemake 2024-09-02 19:48:54 
TT 160 231.6 -13.5 231.6 -13.5 1.77E-02 006.8 077.2 -10.1 204.8627 44.43906 11.81168 shoemake 2024-09-04 18:15:50 
TT 190 225.8 -18.6 225.8 -18.6 1.51E-02 006.1 070.2 -13.2 152.8084 50.25201 9.032824 shoemake 2024-09-09 15:23:03 
TT 210 223.6 -28.9 223.6 -28.9 7.63E-03 003.5 064.8 -22.3 42.83002 18.96674 4.499741 shoemake 2024-09-16 10:50:50 
TT 240 216.0 -31.6 216.0 -31.6 7.55E-03 006.3 057.1 -22.9 70.76914 44.59950 3.826893 shoemake 2024-09-18 12:06:31 
TT 270 217.4 -31.1 217.4 -31.1 7.58E-03 002.3 058.5 -22.7 25.91169 14.67602 5.030037 shoemake 2024-10-04 19:16:29 
TT 300 228.4 -26.3 228.4 -26.3 3.61E-03 002.5 070.0 -21.2 14.77634 5.656375 2.695346 shoemake 2024-10-15 18:09:51 
TT 330 217.6 -30.4 217.6 -30.4 2.82E-03 003.6 058.9 -22.1 16.03073 8.228486 1.488695 shoemake 2024-10-23 17:09:31 
TT 360 215.8 -31.3 215.8 -31.3 2.83E-03 007.5 057.0 -22.5 31.17168 20.23702 1.383556 shoemake 2025-05-21 13:24:53 
TT 390 222.1 -29.7 222.1 -29.7 2.83E-03 007.8 063.2 -22.7 34.73256 17.64088 1.392634 shoemake 2025-05-22 16:09:07 
TT 420 218.2 -30.8 218.2 -30.8 2.84E-03 004.9 059.3 -22.7 21.06030 12.65188 1.499429 shoemake 2025-05-26 14:50:26 
TT 420 226.2 -28.5 226.2 -28.5 2.86E-03 002.4 067.3 -22.7 11.01505 5.347765 1.752231 shoemake 2025-06-19 14:47:57 
TT 450 219.7 -30.1 219.7 -30.1 2.73E-03 012.9 060.9 -22.4 54.64061 30.38112 1.602352 shoemake 2025-06-30 15:17:50 
