PKSK- 1 mag compass orientation (IGRF corrected)
    553  91.7  28.0  -1.3   0.0   1.0
NRM    157.2 -26.8 157.2 -26.8 6.99E-02 007.0 143.8 -51.2 607.8694 591.3146 151.1825 shoemake 2024-07-15 19:07:27 
LT1 77 158.6 -26.2 158.6 -26.2 7.01E-02 006.8 146.0 -51.0 290.0823 774.9383 158.6459 shoemake 2024-07-28 17:56:05 
LT2 77 158.8 -25.7 158.8 -25.7 6.99E-02 002.2 146.4 -50.6 92.34074 213.2623 142.2447 shoemake 2024-08-12 15:03:18 
TT  70 161.0 -25.6 161.0 -25.6 6.57E-02 004.6 149.5 -51.0 401.7778 313.7394 163.0323 shoemake 2024-08-22 18:20:45 
TT  70 161.7 -25.3 161.7 -25.3 6.57E-02 003.9 150.7 -50.9 350.5975 239.3300 163.0960 shoemake 2024-08-22 21:59:27 
TT 100 161.0 -25.6 161.0 -25.6 6.51E-02 003.3 149.5 -51.0 296.8506 130.0080 182.5687 shoemake 2024-08-28 11:01:53 
TT 130 157.5 -26.2 157.5 -26.2 6.43E-02 002.6 144.5 -50.7 70.40880 238.7035 144.7907 shoemake 2024-09-02 19:29:42 
TT 160 157.7 -28.1 157.7 -28.1 3.47E-02 004.3 143.8 -52.6 213.8358 120.3018 93.84631 shoemake 2024-09-04 17:58:31 
TT 190 155.4 -29.0 155.4 -29.0 3.23E-02 002.4 140.2 -52.8 90.60857 49.96341 88.25016 shoemake 2024-09-09 15:05:41 
TT 210 171.2 -30.2 171.2 -30.2 9.59E-03 003.3 163.0 -57.5 41.72670 34.93942 14.36565 shoemake 2024-09-16 10:33:42 
TT 240 167.9 -31.4 167.9 -31.4 9.24E-03 003.4 157.4 -58.1 41.49290 33.02705 16.76085 shoemake 2024-09-18 11:49:16 
TT 270 170.7 -31.0 170.7 -31.0 9.19E-03 004.5 162.0 -58.2 8.901539 70.35220 15.95106 shoemake 2024-10-04 18:59:15 
TT 300 170.3 -30.9 170.3 -30.9 6.11E-03 002.0 161.4 -58.0 16.94975 7.348098 10.29198 shoemake 2024-10-15 17:52:31 
TT 330 165.9 -33.5 165.9 -33.5 2.98E-03 002.4 153.1 -59.8 10.27026 2.849063 6.711462 shoemake 2024-10-23 16:52:11 
TT 360 166.0 -35.9 166.0 -35.9 1.48E-03 011.5 152.0 -62.1 65.30605 34.87687 139.8312 shoemake 2025-05-21 13:07:35 
TT 390 167.9 -33.5 167.9 -33.5 2.96E-03 003.3 156.4 -60.2 13.38135 9.306481 5.391943 shoemake 2025-05-22 15:51:54 
TT 420 165.6 -34.2 165.6 -34.2 2.95E-03 004.2 152.4 -60.4 16.50204 13.34683 5.387845 shoemake 2025-05-26 14:33:05 
TT 420 168.1 -33.9 168.1 -33.9 2.97E-03 004.1 156.6 -60.6 15.62668 14.52482 5.586302 shoemake 2025-06-19 14:31:29 
TT 450 169.0 -33.3 169.0 -33.3 2.56E-03 003.9 158.3 -60.2 12.58842 11.41258 4.526178 shoemake 2025-06-30 15:00:32 
