PKSK- 2 mag compass orientation (IGRF corrected)
    553 240.7  18.0  -1.3   0.0   1.0
NRM    232.9 -16.0 232.9 -16.0 1.64E-02 000.9 077.6 -12.8 8.781369 12.03140 23.13268 shoemake 2024-07-15 19:16:01 
LT1 77 229.3 -17.7 229.3 -17.7 1.59E-02 008.2 073.7 -13.4 218.6692 64.57459 10.16667 shoemake 2024-07-28 18:08:39 
LT1 77 227.0 -18.5 227.0 -18.5 1.60E-02 004.6 071.3 -13.4 123.8618 37.53838 8.263052 shoemake 2024-07-29 10:21:12 
LT2 77 231.9 -17.0 231.9 -17.0 1.59E-02 001.6 076.3 -13.5 41.36657 13.97783 11.95507 shoemake 2024-08-12 15:13:17 
TT  70 232.4 -18.3 232.4 -18.3 1.52E-02 001.2 076.4 -14.8 27.36006 12.62419 11.13005 shoemake 2024-08-22 18:30:34 
TT  70 232.9 -18.0 232.9 -18.0 1.51E-02 001.8 077.0 -14.7 45.27594 10.90447 15.75929 shoemake 2024-08-22 22:09:17 
TT 100 228.2 -19.7 228.2 -19.7 1.52E-02 000.8 072.0 -14.9 17.32806 12.29339 11.17485 shoemake 2024-08-28 11:11:50 
TT 130 227.8 -21.3 227.8 -21.3 1.46E-02 002.6 071.2 -16.3 61.99732 20.58561 11.77289 shoemake 2024-09-02 19:39:24 
TT 160 221.9 -27.8 221.9 -27.8 1.23E-02 000.7 063.6 -20.8 9.977928 9.250155 9.139466 shoemake 2024-09-04 18:08:24 
TT 190 222.7 -28.7 222.7 -28.7 1.17E-02 001.1 064.0 -21.9 19.33869 8.039020 8.119085 shoemake 2024-09-09 15:15:31 
TT 210 219.3 -33.1 219.3 -33.1 6.51E-03 008.0 059.5 -25.1 80.30012 44.97951 5.787206 shoemake 2024-09-16 10:43:29 
TT 240 209.5 -36.1 209.5 -36.1 6.46E-03 006.2 050.0 -25.5 55.17820 42.77934 5.228955 shoemake 2024-09-18 11:59:11 
TT 270 221.3 -33.2 221.3 -33.2 6.42E-03 008.6 061.2 -25.8 84.00541 49.02242 6.777527 shoemake 2024-10-04 19:09:01 
TT 300 219.8 -31.8 219.8 -31.8 3.13E-03 002.4 060.4 -24.1 11.47771 5.897831 3.109476 shoemake 2024-10-15 18:02:20 
TT 330 220.0 -33.4 220.0 -33.4 2.17E-03 000.8 060.0 -25.6 3.076671 1.156469 1.426870 shoemake 2024-10-23 17:02:00 
TT 360 218.7 -33.9 218.7 -33.9 2.18E-03 000.8 058.7 -25.7 2.943304 1.836530 0.897429 shoemake 2025-05-21 13:17:30 
TT 390 218.8 -34.6 218.8 -34.6 2.17E-03 002.7 058.5 -26.4 9.008389 5.255312 0.946924 shoemake 2025-05-22 16:01:48 
TT 420 220.8 -34.2 220.8 -34.2 2.16E-03 007.0 060.4 -26.6 23.27692 12.75316 0.973257 shoemake 2025-05-26 14:43:06 
TT 420 219.7 -34.5 219.7 -34.5 2.18E-03 003.0 059.3 -26.6 9.950252 5.830087 1.045500 shoemake 2025-06-19 14:41:00 
TT 450 219.6 -33.1 219.6 -33.1 2.09E-03 007.0 059.8 -25.2 22.46000 12.61103 1.020856 shoemake 2025-06-30 15:10:31 
