PKSK- 1 mag compass orientation (IGRF corrected)
    553  91.7  28.0  -1.3   0.0   1.0
NRM    158.8 -27.4 158.8 -27.4 7.49E-02 010.6 145.7 -52.2 833.7355 1125.629 68.39401 shoemake 2024-07-15 19:11:46 
LT1 77 161.8 -26.1 161.8 -26.1 7.56E-02 005.0 150.4 -51.7 280.0604 591.4964 83.79281 shoemake 2024-07-28 18:02:26 
LT2 77 160.4 -26.2 160.4 -26.2 7.48E-02 002.4 148.5 -51.5 201.2605 230.7928 48.37654 shoemake 2024-08-12 15:08:17 
TT  70 160.8 -26.3 160.8 -26.3 6.83E-02 003.2 149.0 -51.7 247.2621 293.4952 67.79251 shoemake 2024-08-22 18:25:36 
TT  70 160.7 -26.4 160.7 -26.4 6.83E-02 003.4 148.8 -51.7 260.8906 310.1578 68.58052 shoemake 2024-08-22 22:04:19 
TT 100 158.6 -26.9 158.6 -26.9 6.80E-02 002.5 145.7 -51.7 214.7384 195.9971 80.61543 shoemake 2024-08-28 11:06:55 
TT 130 153.4 -28.5 153.4 -28.5 6.41E-02 002.2 137.7 -51.7 131.0340 207.4753 48.81589 shoemake 2024-09-02 19:34:31 
TT 160 154.5 -30.0 154.5 -30.0 3.53E-02 001.0 138.4 -53.4 28.24545 48.05114 38.41906 shoemake 2024-09-04 18:03:24 
TT 190 158.1 -29.8 158.1 -29.8 2.99E-02 002.0 143.5 -54.3 79.57374 57.46812 35.65505 shoemake 2024-09-09 15:10:32 
TT 210 170.3 -31.5 170.3 -31.5 9.93E-03 002.9 161.1 -58.6 28.07547 41.25824 5.366971 shoemake 2024-09-16 10:38:39 
TT 240 167.4 -32.3 167.4 -32.3 9.64E-03 001.5 156.1 -58.9 6.704074 22.93935 10.32097 shoemake 2024-09-18 11:54:17 
TT 270 169.9 -31.8 169.9 -31.8 9.59E-03 001.0 160.4 -58.9 11.75668 10.47762 7.091106 shoemake 2024-10-04 19:04:05 
TT 300 170.5 -32.4 170.5 -32.4 5.78E-03 006.0 161.2 -59.5 25.83620 55.36763 3.518839 shoemake 2024-10-15 17:57:22 
TT 330 173.5 -33.3 173.5 -33.3 3.36E-03 000.8 165.9 -60.8 3.173773 2.590034 3.050440 shoemake 2024-10-23 16:57:02 
TT 360 165.1 -35.3 165.1 -35.3 3.35E-03 003.2 151.0 -61.3 10.52721 15.39480 2.754045 shoemake 2025-05-21 13:12:36 
TT 390 168.6 -34.4 168.6 -34.4 3.35E-03 003.8 157.1 -61.2 10.41483 19.58794 2.540347 shoemake 2025-05-22 15:56:55 
TT 420 169.3 -34.2 169.3 -34.2 3.34E-03 001.5 158.4 -61.1 5.727469 6.635049 2.686312 shoemake 2025-05-26 14:38:09 
TT 420 168.0 -34.5 168.0 -34.5 3.36E-03 002.2 156.1 -61.2 7.677027 10.88043 2.995406 shoemake 2025-06-19 14:36:17 
TT 450 168.1 -34.8 168.1 -34.8 3.03E-03 003.1 156.1 -61.5 8.922376 14.07681 2.315436 shoemake 2025-06-30 15:05:34 
