PKSB- 1B 
        116.0  19.5   0.0   0.0   1.0
NRM    194.0 -01.1 194.0 -01.1 5.88E-02 004.8 166.2 -20.1 118.3745 469.4959 90.20044 shoemake 2024-06-28 16:41:29 
LN2    193.9 -03.2 193.9 -03.2 5.81E-02 018.3 166.0 -22.2 449.3012 1865.613 69.83115 shoemake 2024-07-11 16:38:37 
LN2    194.3 -01.9 194.3 -01.9 6.06E-02 002.7 166.5 -20.9 93.82022 251.6764 105.1250 shoemake 2024-07-12 10:39:55 
TT  70 192.9 -04.3 192.9 -04.3 4.77E-02 000.8 164.8 -23.2 42.90272 42.66231 44.71131 shoemake 2024-07-30 16:12:08 
TT 100 189.6 -04.4 189.6 -04.4 3.04E-02 004.4 161.2 -23.0 46.39453 229.0343 52.95957 shoemake 2024-08-01 09:29:38 
TT 130 193.5 -07.5 193.5 -07.5 1.10E-02 003.9 165.1 -26.4 14.10862 74.11957 12.66777 shoemake 2024-09-07 19:09:33 
TT 160 198.2 -23.5 198.2 -23.5 8.22E-03 003.3 169.1 -42.7 12.25045 45.82439 4.202839 shoemake 2024-09-12 15:09:35 
TT 190 195.3 -22.5 195.3 -22.5 7.82E-03 002.7 165.6 -41.5 9.819073 35.68922 3.389981 shoemake 2024-09-17 16:44:52 
TT 210 192.4 -21.7 192.4 -21.7 7.71E-03 001.6 162.2 -40.4 11.93833 17.31480 5.485612 shoemake 2024-10-11 03:43:29 
TT 240 191.9 -17.7 191.9 -17.7 9.04E-03 005.7 162.1 -36.4 30.16767 84.41981 5.735646 shoemake 2024-10-18 12:36:02 
TT 270 186.2 -19.8 186.2 -19.8 7.23E-03 006.4 155.1 -37.8 36.18270 61.73901 53.20521 shoemake 2024-10-27 11:43:33 
TT 300 197.4 -15.5 197.4 -15.5 6.69E-03 005.2 168.8 -34.6 11.27980 59.42712 2.570284 shoemake 2024-11-06 18:47:38 
TT 330 199.0 -14.9 199.0 -14.9 5.96E-03 003.4 170.8 -34.2 9.670238 33.79263 6.265342 shoemake 2024-11-15 19:22:19 
TT 360 198.5 -15.4 198.5 -15.4 4.39E-03 005.4 170.2 -34.7 10.66892 40.26199 4.453559 shoemake 2024-11-18 18:57:06 
TT 360 211.9  19.4 211.9  19.4 3.60E-03 037.2 184.7  00.0 5.718957 49.69502 268.2624 shoemake 2024-11-23 00:18:44 
TT 360 195.0 -15.3 195.0 -15.3 4.41E-03 001.4 166.0 -34.3 6.076469 8.086968 5.487380 shoemake 2024-11-23 22:06:30 
TT 390 194.8 -13.5 194.8 -13.5 3.46E-03 003.9 166.0 -32.5 8.612549 21.53294 5.245004 shoemake 2024-11-25 12:04:28 
TT 420 234.1 -33.5 234.1 -33.5 2.80E-04 003.2 216.5 -50.1 0.871128 1.277923 0.695653 shoemake 2024-11-27 01:13:00 
TT 450 212.1 -04.9 212.1 -04.9 1.62E-04 007.3 185.6 -24.3 0.272631 2.043873 0.559150 shoemake 2024-12-05 08:17:09 
TT 450 222.3  07.6 222.3  07.6 1.42E-04 010.3 195.5 -11.2 1.334301 2.518995 0.277492 shoemake 2025-02-06 06:16:12 
TT 480 345.2 -80.2 345.2 -80.2 3.75E-05 032.1 345.8 -62.4 1.726430 1.541946 1.067516 shoemake 2025-04-09 23:00:58 
TT 480 262.6 -83.2 262.6 -83.2 3.78E-05 028.8 340.0 -73.4 1.477929 1.478414 0.120913 shoemake 2025-04-15 15:28:02 
