PKSB- 1H 
        116.0  19.5   0.0   0.0   1.0
NRM    195.0 -00.7 195.0 -00.7 6.50E-02 011.8 167.3 -19.8 269.1170 1329.356 124.6747 shoemake 2024-06-28 16:54:22 
LN2    187.6 -02.4 187.6 -02.4 6.74E-02 006.2 159.4 -20.8 246.1944 670.3288 155.6139 shoemake 2024-07-11 16:53:05 
TT  70 193.8 -03.8 193.8 -03.8 2.85E-02 055.9 165.8 -22.8 2728.422 690.3937 1181.859 shoemake 2024-07-30 16:29:49 
TT  70 179.3 -04.8 179.3 -04.8 5.67E-02 004.6 150.1 -21.9 223.9938 373.8351 151.0864 shoemake 2024-07-31 09:25:54 
TT 100 190.0 -04.3 190.0 -04.3 1.18E-02 058.8 161.6 -22.9 1101.299 365.6702 489.2558 shoemake 2024-08-01 09:44:35 
TT 100 186.3 -03.7 186.3 -03.7 2.35E-02 004.1 157.8 -21.8 50.58454 158.3244 40.10735 shoemake 2024-08-01 13:25:32 
TT 130 182.5 -04.8 182.5 -04.8 1.12E-02 007.5 153.5 -22.5 56.04660 135.3422 19.65607 shoemake 2024-09-07 19:24:07 
TT 160 191.6 -00.8 191.6 -00.8 4.16E-03 049.0 163.8 -19.5 402.4432 117.3027 148.8479 shoemake 2024-09-12 15:24:19 
TT 160 216.1  19.5 216.1  19.5 7.61E-03 025.8 188.7  00.2 35.84385 216.8624 294.6500 shoemake 2024-09-13 14:03:32 
TT 160 183.0 -01.8 183.0 -01.8 4.17E-03 037.6 154.6 -19.5 379.7224 180.3842 149.0351 shoemake 2024-09-13 14:16:02 
TT 160 346.4  71.4 346.4  71.4 2.82E-08 042.5 247.0  76.8 0.001477 0.001575 0.001921 shoemake 2024-09-13 16:01:28 
TT 160 180.8  00.2 180.8  00.2 8.33E-03 000.6 152.6 -17.2 3.592783 7.452404 4.121773 shoemake 2024-09-13 16:08:19 
TT 190 190.4 -03.3 190.4 -03.3 4.16E-03 051.2 162.2 -22.0 392.9326 126.4176 166.5050 shoemake 2024-09-17 16:59:36 
TT 190 194.7 -02.8 194.7 -02.8 4.18E-03 059.5 166.8 -21.9 403.9053 94.47882 166.4243 shoemake 2024-09-17 17:39:12 
TT 190 191.6 -01.3 191.6 -01.3 8.37E-03 000.6 163.7 -20.1 4.238113 7.080858 4.862811 shoemake 2024-09-17 17:47:38 
TT 210 184.7 -01.4 184.7 -01.4 4.10E-03 039.4 156.4 -19.4 378.9513 165.3010 145.4477 shoemake 2024-10-11 03:58:26 
TT 210 186.6 -00.3 186.6 -00.3 8.20E-03 002.9 158.5 -18.5 19.38497 33.64696 14.92527 shoemake 2024-10-14 13:25:54 
TT 240 187.2 -02.9 187.2 -02.9 7.71E-03 002.8 158.8 -21.1 19.76538 30.67982 12.86946 shoemake 2024-10-18 12:50:53 
TT 270 186.2 -04.6 186.2 -04.6 3.81E-03 059.1 157.6 -22.8 346.9459 143.2843 158.2005 shoemake 2024-10-28 15:23:38 
TT 270 184.5 -04.3 184.5 -04.3 3.69E-03 061.6 155.8 -22.3 333.0931 150.0584 149.6833 shoemake 2024-10-28 15:45:17 
TT 270 183.6 -04.0 183.6 -04.0 7.43E-03 002.9 154.9 -21.9 12.00309 33.11974 12.85152 shoemake 2024-10-28 17:49:58 
TT 300 185.8 -06.9 185.8 -06.9 5.24E-03 009.9 156.7 -25.0 29.75708 85.38728 11.96108 shoemake 2024-11-06 19:02:29 
TT 330 188.9 -04.1 188.9 -04.1 3.90E-03 002.8 160.6 -22.6 4.272901 16.02059 10.01184 shoemake 2024-11-15 19:37:07 
TT 360 194.7 -05.8 194.7 -05.8 1.31E-03 034.8 166.7 -24.9 123.2986 29.31437 58.73056 shoemake 2024-11-18 19:11:53 
TT 360 190.8 -06.3 190.8 -06.3 1.31E-03 070.2 162.3 -25.0 120.5386 38.60607 59.09217 shoemake 2024-11-19 09:13:26 
TT 360 029.2  66.7 029.2  66.7 1.73E-08 038.8 013.9  85.8 0.000210 0.000094 0.002064 shoemake 2024-11-20 18:29:12 
TT 360 192.3 -04.8 192.3 -04.8 2.60E-03 002.4 164.0 -23.6 4.417196 9.000874 5.227937 shoemake 2024-11-23 00:33:41 
TT 390 195.8 -04.6 195.8 -04.6 2.23E-03 001.9 167.9 -23.7 3.393202 4.172594 5.454138 shoemake 2024-11-25 12:19:19 
TT 420 198.6 -12.7 198.6 -12.7 1.00E-03 002.8 170.5 -31.9 1.907414 3.859868 2.511703 shoemake 2024-11-27 01:27:52 
TT 450 191.8  00.5 191.8  00.5 6.93E-04 006.2 164.1 -18.3 2.161512 7.072892 1.781430 shoemake 2024-12-05 08:32:02 
TT 450 190.9 -01.3 190.9 -01.3 3.25E-04 054.3 163.0 -20.0 31.21361 9.591525 11.92059 shoemake 2025-02-06 06:31:06 
TT 450 191.4 -01.2 191.4 -01.2 3.26E-04 058.4 163.5 -20.0 31.41135 9.345654 11.90754 shoemake 2025-02-07 01:24:11 
TT 450 189.5 -02.3 189.5 -02.3 3.59E-04 057.4 161.4 -20.9 33.94075 11.45425 13.67095 shoemake 2025-02-10 18:21:39 
TT 450 196.3 -01.2 196.3 -01.2 3.46E-04 056.2 168.7 -20.3 34.05611 6.831231 12.85473 shoemake 2025-02-12 13:52:36 
TT 450 188.7 -00.5 188.7 -00.5 6.72E-04 007.0 160.7 -19.0 2.558034 7.885558 1.428180 shoemake 2025-02-21 10:30:05 
TT 480 017.0 -43.1 017.0 -43.1 2.71E-05 064.7 352.1 -23.8 1.098600 3.030175 4.490116 shoemake 2025-04-09 23:15:45 
TT 480 294.7 -27.4 294.7 -27.4 2.28E-05 031.0 277.8 -26.4 1.160563 1.093264 0.138832 shoemake 2025-04-15 15:42:53 
