PKS- J-2C 
         82.0  16.0   0.0   0.0   1.0
NRM    193.1 -39.5 193.1 -39.5 8.91E-03 003.4 209.9 -53.9 25.39120 45.72197 10.57456 shoemake 2024-07-15 18:52:56 
LT1 77 186.3 -36.8 186.3 -36.8 9.52E-03 004.8 200.5 -52.1 38.10517 69.80931 7.176624 shoemake 2024-07-28 17:34:24 
LT2 77 188.6 -36.8 188.6 -36.8 9.54E-03 004.0 203.4 -51.8 20.22644 63.07965 8.910086 shoemake 2024-08-12 14:45:34 
TT  70 182.7 -34.8 182.7 -34.8 9.71E-03 003.0 195.5 -50.3 27.75924 41.01569 11.87616 shoemake 2024-08-22 18:03:31 
TT  70 184.7 -35.1 184.7 -35.1 9.69E-03 004.7 198.2 -50.4 39.00475 69.37574 11.94339 shoemake 2024-08-22 21:42:16 
TT 100 183.2 -34.8 183.2 -34.8 9.72E-03 001.3 196.2 -50.3 16.54729 8.312667 12.55032 shoemake 2024-08-28 10:44:40 
TT 130 177.8 -34.0 177.8 -34.0 9.34E-03 003.0 189.2 -49.9 7.955387 47.37572 10.37300 shoemake 2024-09-02 19:12:28 
TT 160 178.1 -31.4 178.1 -31.4 8.17E-03 002.7 189.3 -47.2 8.959865 36.98184 10.00586 shoemake 2024-09-04 17:41:12 
TT 190 177.2 -31.7 177.2 -31.7 8.05E-03 003.5 188.3 -47.6 8.289663 46.62706 11.70038 shoemake 2024-09-09 14:48:21 
TT 210 171.1 -33.4 171.1 -33.4 3.40E-03 001.9 180.5 -49.4 7.592757 9.660851 1.635493 shoemake 2024-09-16 10:16:27 
TT 240 177.1 -32.8 177.1 -32.8 3.35E-03 001.3 188.1 -48.7 5.651667 3.724100 3.706038 shoemake 2024-09-18 11:32:00 
TT 270 178.3 -33.1 178.3 -33.1 3.35E-03 001.9 189.7 -48.9 4.170535 9.557641 3.905515 shoemake 2024-10-04 18:35:33 
TT 300 169.8 -32.4 169.8 -32.4 3.09E-03 001.6 178.8 -48.4 5.535020 5.094531 4.202985 shoemake 2024-10-15 17:35:08 
TT 330 172.8 -31.4 172.8 -31.4 1.32E-03 001.9 182.7 -47.4 3.413299 2.612408 1.617790 shoemake 2024-10-23 16:34:50 
TT 360 170.6 -32.3 170.6 -32.3 1.28E-03 004.9 179.8 -48.3 2.007561 10.83459 1.228316 shoemake 2025-05-21 12:50:19 
TT 390 172.6 -32.4 172.6 -32.4 1.27E-03 005.5 182.4 -48.4 1.590157 12.13555 1.845947 shoemake 2025-05-22 15:34:39 
TT 420 172.7 -32.0 172.7 -32.0 1.27E-03 001.9 182.5 -48.0 1.904163 3.689021 1.211586 shoemake 2025-05-26 14:15:52 
TT 420 172.6 -32.4 172.6 -32.4 1.28E-03 003.0 182.4 -48.4 2.295175 6.425708 1.491606 shoemake 2025-06-19 14:15:12 
TT 450 175.0 -31.0 175.0 -31.0 8.98E-04 003.8 185.4 -47.0 1.543459 5.713512 1.132548 shoemake 2025-06-30 14:43:13 
