PKS- J-3E 
         50.0  11.5   0.0   0.0   1.0
NRM    188.8 -20.9 188.8 -20.9 2.28E-02 002.9 234.3 -28.0 35.23564 50.15259 98.59379 shoemake 2024-07-15 19:05:25 
LT1 77 186.3 -21.2 186.3 -21.2 2.24E-02 007.2 231.7 -28.7 234.3110 129.0260 89.83579 shoemake 2024-07-28 17:52:55 
LT2 77 187.3 -21.4 187.3 -21.4 2.24E-02 004.7 232.7 -28.7 85.85793 129.8780 98.12892 shoemake 2024-08-12 15:00:47 
TT  70 181.9 -21.8 181.9 -21.8 2.04E-02 005.3 227.2 -29.9 113.5479 147.1328 42.12154 shoemake 2024-08-22 18:18:22 
TT  70 180.6 -22.3 180.6 -22.3 2.05E-02 006.6 225.9 -30.6 138.7669 182.4858 65.74280 shoemake 2024-08-22 21:57:02 
TT 100 188.5 -24.1 188.5 -24.1 2.03E-02 002.9 234.6 -31.1 51.50893 25.77722 84.95425 shoemake 2024-08-28 10:59:23 
TT 130 184.0 -23.3 184.0 -23.3 2.02E-02 004.9 229.7 -31.1 79.02251 128.5369 85.07644 shoemake 2024-09-02 19:27:16 
TT 160 179.4 -28.8 179.4 -28.8 1.50E-02 011.2 225.9 -37.2 184.4055 226.7999 47.35727 shoemake 2024-09-04 17:56:04 
TT 190 181.2 -28.7 181.2 -28.7 1.49E-02 006.1 227.8 -36.8 101.3765 119.9639 27.85984 shoemake 2024-09-09 15:03:15 
TT 210 173.2 -29.1 173.2 -29.1 7.14E-03 003.5 219.1 -38.4 13.55355 41.88495 8.566214 shoemake 2024-09-16 10:31:12 
TT 240 177.5 -31.6 177.5 -31.6 6.95E-03 007.8 224.3 -40.3 48.81666 78.90099 24.07987 shoemake 2024-09-18 11:46:44 
TT 270 174.0 -30.8 174.0 -30.8 7.02E-03 003.9 220.4 -39.9 9.518468 43.00288 20.54101 shoemake 2024-10-04 18:56:51 
TT 300 177.7 -29.5 177.7 -29.5 5.20E-03 006.0 224.1 -38.1 29.39458 44.37197 13.54765 shoemake 2024-10-15 17:50:04 
TT 330 172.6 -31.6 172.6 -31.6 1.83E-03 006.3 219.0 -40.9 9.936247 17.18023 3.259505 shoemake 2024-10-23 16:49:45 
TT 360 172.8 -34.0 172.8 -34.0 1.80E-03 008.0 219.6 -43.3 10.64564 22.23048 5.734798 shoemake 2025-05-21 13:05:03 
TT 390 172.7 -33.0 172.7 -33.0 1.80E-03 003.9 219.3 -42.2 3.310479 10.95043 4.442913 shoemake 2025-05-22 15:49:23 
TT 420 172.4 -33.1 172.4 -33.1 1.80E-03 004.8 219.0 -42.4 3.975423 13.46284 5.599459 shoemake 2025-05-26 14:30:36 
TT 420 173.4 -33.3 173.4 -33.3 1.82E-03 005.4 220.1 -42.5 5.842982 15.67975 5.451630 shoemake 2025-06-19 14:29:07 
TT 450 167.7 -34.1 167.7 -34.1 1.45E-03 009.6 213.9 -43.9 9.554615 22.01562 4.468388 shoemake 2025-06-30 14:58:01 
