NWFC- 7 sun compass orientation
      0 318.7 106.0  -1.4   0.0   1.0
NRM    205.7  67.3 205.7  67.3 1.04E-02 022.0 188.7   5.0 61.80195 416.0057 13.25594 shoemake 2024-07-01 17:06:54 
NRM    191.1  64.7 191.1  64.7 1.11E-02 000.8 195.2   4.4 6.263184 9.896556 13.03706 shoemake 2024-07-01 17:43:27 
LN2    229.8  58.9 229.8  58.9 1.02E-02 004.1 179.4  15.1 7.058886 71.89008 13.55932 shoemake 2024-07-11 16:21:55 
TT  70 226.3  56.7 226.3  56.7 1.00E-02 005.1 181.4  17.3 6.660596 89.29380 7.225531 shoemake 2024-07-30 20:03:56 
TT 100 223.9  55.2 223.9  55.2 9.89E-03 002.2 182.9  18.7 7.564036 36.27760 10.25634 shoemake 2024-08-01 12:46:15 
TT 130 233.7  48.2 233.7  48.2 9.14E-03 000.9 176.3  25.6 5.380095 9.715179 10.59057 shoemake 2024-09-07 18:23:17 
TT 160 230.5  45.4 230.5  45.4 8.84E-03 005.1 178.6  28.6 5.346928 78.58212 7.528070 shoemake 2024-09-12 14:25:14 
TT 190 240.4  42.9 240.4  42.9 8.57E-03 002.2 170.1  30.1 5.484596 31.74950 6.785312 shoemake 2024-09-17 16:00:29 
TT 210 236.2  43.0 236.2  43.0 8.62E-03 001.0 173.6  30.6 6.842478 10.51570 9.229003 shoemake 2024-10-11 02:59:06 
TT 240 239.1  39.3 239.1  39.3 4.55E-03 002.9 170.3  33.8 4.056238 22.94190 3.329625 shoemake 2024-10-18 11:51:38 
TT 270 235.5  39.5 235.5  39.5 3.87E-03 004.0 173.7  34.1 7.708162 24.94393 7.283287 shoemake 2024-10-26 18:09:56 
TT 300 237.7  39.1 237.7  39.1 3.87E-03 002.8 171.5  34.3 4.094155 18.47473 1.228567 shoemake 2024-11-06 18:03:04 
TT 330 237.5  38.1 237.5  38.1 3.76E-03 001.3 171.5  35.3 5.078384 6.780646 3.570238 shoemake 2024-11-15 18:38:01 
TT 360 239.0  37.7 239.0  37.7 3.32E-03 001.6 170.0  35.4 4.664561 7.524608 3.216782 shoemake 2024-11-18 18:12:57 
TT 360 226.9  74.0 226.9  74.0 2.72E-03 036.9 180.5  -0.0 4.182726 6.597574 204.1622 shoemake 2024-11-22 23:34:14 
TT 360 239.8  37.5 239.8  37.5 3.31E-03 002.5 169.2  35.5 6.084035 13.04641 3.718156 shoemake 2024-11-23 21:34:29 
TT 390 233.3  37.6 233.3  37.6 2.91E-03 001.7 175.5  36.2 5.056209 6.139335 4.605131 shoemake 2024-11-25 10:57:04 
TT 420 230.5  34.9 230.5  34.9 1.59E-03 003.8 178.1  39.1 3.262112 9.799201 3.115395 shoemake 2024-11-27 00:28:08 
TT 450 210.7  24.8 210.7  24.8 8.24E-04 001.8 203.6  45.6 1.522120 1.749763 1.508055 shoemake 2024-12-05 07:32:18 
TT 450 211.3  24.8 211.3  24.8 8.34E-04 004.1 202.9  45.8 2.021311 5.653297 0.889163 shoemake 2025-02-06 05:31:38 
TT 480 193.1   4.3 193.1   4.3 7.99E-05 005.0 243.0  49.4 0.530204 0.562975 0.092768 shoemake 2025-04-09 18:28:13 
TT 510 185.3  -1.5 185.3  -1.5 1.20E-04 004.1 255.7  44.9 0.726297 0.590999 0.088304 shoemake 2025-04-25 21:59:36 
