NWFC- 7 sun compass orientation
      0 318.7 106.0  -1.4   0.0   1.0
NRM    218.3  66.8 218.3  66.8 1.02E-02 001.8 184.1   6.8 6.848644 28.60313 13.05962 shoemake 2024-07-01 17:04:50 
LN2    212.2  54.8 212.2  54.8 9.39E-03 005.9 189.9  17.8 16.05287 95.62125 12.56687 shoemake 2024-07-11 16:19:47 
TT  70 222.9  54.0 222.9  54.0 9.32E-03 002.9 183.6  19.8 7.562465 45.96984 8.130433 shoemake 2024-07-30 20:01:01 
TT 100 222.0  51.7 222.0  51.7 9.22E-03 001.1 184.5  22.0 5.809694 13.18054 11.11913 shoemake 2024-08-01 12:43:48 
TT 130 235.9  44.8 235.9  44.8 8.57E-03 001.1 174.2  28.9 5.204175 11.50252 11.14872 shoemake 2024-09-07 18:20:49 
TT 160 226.6  42.1 226.6  42.1 8.33E-03 004.8 181.8  31.9 9.016056 69.47297 7.549593 shoemake 2024-09-12 14:22:46 
TT 190 230.8  40.3 230.8  40.3 8.01E-03 002.0 178.1  33.7 6.502711 27.34835 5.784708 shoemake 2024-09-17 15:58:02 
TT 210 230.1  39.5 230.1  39.5 8.05E-03 003.6 178.7  34.5 8.891424 48.77528 10.85965 shoemake 2024-10-11 02:56:39 
TT 240 240.1  34.9 240.1  34.9 4.21E-03 002.3 168.1  38.0 2.975408 16.27661 3.600272 shoemake 2024-10-18 11:49:09 
TT 270 237.8  35.1 237.8  35.1 3.56E-03 002.5 170.5  38.2 7.184001 12.23439 6.382899 shoemake 2024-10-26 18:07:43 
TT 300 236.5  35.0 236.5  35.0 3.56E-03 002.5 171.8  38.5 2.353872 15.37473 1.328216 shoemake 2024-11-06 18:00:36 
TT 330 236.6  34.4 236.6  34.4 3.48E-03 001.5 171.6  39.0 4.932743 7.072452 3.522524 shoemake 2024-11-15 18:35:36 
TT 360 235.9  33.8 235.9  33.8 3.18E-03 001.5 172.2  39.7 4.504189 6.776493 3.087404 shoemake 2024-11-18 18:10:31 
TT 360 229.8  74.0 229.8  74.0 2.45E-03 041.6 179.7   0.0 4.281540 28.46618 215.4827 shoemake 2024-11-22 23:31:49 
TT 360 237.7  33.4 237.7  33.4 3.17E-03 002.2 170.2  39.9 6.185111 10.24641 3.659545 shoemake 2024-11-23 21:32:03 
TT 390 235.5  33.1 235.5  33.1 2.82E-03 002.3 172.5  40.5 5.089315 9.232717 4.575096 shoemake 2024-11-25 10:54:37 
TT 420 231.8  30.2 231.8  30.2 1.70E-03 002.6 176.3  43.7 3.545635 6.182179 3.274681 shoemake 2024-11-27 00:25:42 
TT 450 210.5  22.2 210.5  22.2 9.77E-04 002.4 205.5  47.8 1.645597 3.448393 2.138085 shoemake 2024-12-05 07:29:50 
TT 450 217.2  24.7 217.2  24.7 9.93E-04 002.4 195.6  47.8 1.619306 3.937130 1.245602 shoemake 2025-02-06 05:29:12 
TT 480 191.5   3.6 191.5   3.6 9.42E-05 005.6 245.2  48.3 0.767714 0.635626 0.123881 shoemake 2025-04-09 18:25:46 
TT 510 186.6  -1.2 186.6  -1.2 1.31E-04 007.4 254.6  46.0 1.602588 0.732514 0.120510 shoemake 2025-04-25 21:57:06 
