NWFC- 6 sun compass orientation
      0 112.7  63.0  -1.4   0.0   1.0
NRM    045.6 -37.3 045.6 -37.3 1.01E-01 004.3 019.5  22.2 279.0650 691.8186 137.5768 shoemake 2024-07-01 16:52:01 
LN2    046.1 -36.9 046.1 -36.9 9.42E-02 006.4 020.1  22.4 342.2559 995.8519 140.1307 shoemake 2024-07-11 16:06:39 
TT  70 046.5 -37.0 046.5 -37.0 8.93E-02 000.8 020.4  22.2 58.37983 112.9539 44.86074 shoemake 2024-07-30 19:43:30 
TT 100 052.9 -33.7 052.9 -33.7 7.39E-02 003.0 027.0  22.9 188.7922 337.9283 53.19159 shoemake 2024-08-01 12:28:54 
TT 130 049.1 -33.0 049.1 -33.0 5.48E-02 007.7 024.3  25.0 317.6134 671.3547 36.37189 shoemake 2024-09-07 18:06:02 
TT 160 042.4 -34.7 042.4 -34.7 4.68E-02 000.9 017.9  25.5 35.51780 64.68052 29.04570 shoemake 2024-09-12 14:07:53 
TT 190 049.1 -29.0 049.1 -29.0 3.37E-02 006.0 026.3  28.5 159.9052 318.4496 19.12564 shoemake 2024-09-17 15:43:06 
TT 210 045.8 -29.3 045.8 -29.3 3.12E-02 009.3 023.1  29.5 187.2689 476.0497 20.28052 shoemake 2024-10-11 02:41:43 
TT 210 049.2 -28.3 049.2 -28.3 3.16E-02 003.8 026.7  29.1 83.83197 193.7184 26.89050 shoemake 2024-10-14 13:08:04 
TT 240 047.4 -27.7 047.4 -27.7 1.13E-02 001.0 025.4  30.4 7.936301 17.38073 7.720547 shoemake 2024-10-18 11:34:19 
TT 270 052.1 -24.8 052.1 -24.8 9.35E-03 004.0 031.3  31.0 40.07761 48.20519 18.39905 shoemake 2024-10-26 17:54:23 
TT 300 050.0 -25.7 050.0 -25.7 9.30E-03 001.9 028.9  31.1 15.91199 25.96740 8.246748 shoemake 2024-11-06 17:45:30 
TT 330 047.6 -26.3 047.6 -26.3 9.15E-03 001.1 026.3  31.6 11.27347 12.57963 10.25884 shoemake 2024-11-15 18:20:47 
TT 360 047.1 -26.5 047.1 -26.5 9.03E-03 003.0 025.7  31.6 20.20679 42.63612 10.20973 shoemake 2024-11-18 17:55:29 
TT 360 026.9 -62.9 026.9 -62.9 6.73E-03 043.8 001.9   0.0 16.82898 402.1964 505.7822 shoemake 2024-11-22 23:16:56 
TT 360 047.5 -26.2 047.5 -26.2 9.06E-03 001.3 026.2  31.7 13.50933 13.94909 12.18111 shoemake 2024-11-23 21:24:36 
TT 390 049.6 -24.8 049.6 -24.8 8.85E-03 001.6 029.0  32.1 14.37892 16.67248 13.41774 shoemake 2024-11-25 10:39:36 
TT 420 045.7 -26.5 045.7 -26.5 8.06E-03 001.7 024.4  32.1 15.05893 15.05525 14.11049 shoemake 2024-11-27 00:10:40 
TT 450 046.4 -25.6 046.4 -25.6 6.34E-03 001.9 025.5  32.7 13.35538 14.90091 9.536845 shoemake 2024-12-05 07:14:43 
TT 450 042.1 -24.2 042.1 -24.2 6.00E-03 021.7 021.9  35.5 53.50184 232.6089 7.320458 shoemake 2025-02-06 05:14:09 
TT 450 037.5 -26.4 037.5 -26.4 6.11E-03 018.5 016.1  34.7 17.44761 203.7736 7.127735 shoemake 2025-02-07 00:49:18 
TT 450 047.3 -25.3 047.3 -25.3 6.40E-03 004.1 026.6  32.6 19.84361 42.20286 7.776496 shoemake 2025-02-10 17:49:17 
TT 480 044.8 -21.8 044.8 -21.8 1.37E-03 002.2 025.8  36.7 3.262283 4.409544 1.506596 shoemake 2025-04-09 18:10:50 
TT 510 033.9 -12.9 033.9 -12.9 3.02E-04 004.5 016.7  48.6 0.767212 2.337322 0.330245 shoemake 2025-04-25 21:42:25 
