NWFC- 5 sun compass orientation
      0 114.5  58.5  -1.4   0.0   1.0
NRM    129.3   9.3 129.3   9.3 1.07E-01 006.8 105.8  -7.5 1219.583 357.8469 124.8653 shoemake 2024-07-01 16:41:32 
LN2    126.9   6.6 126.9   6.6 1.00E-01 001.6 102.2  -7.0 217.4172 105.9661 162.4605 shoemake 2024-07-11 15:54:11 
TT  70 127.4   7.5 127.4   7.5 9.80E-02 004.7 103.2  -6.9 782.9486 183.7130 58.19253 shoemake 2024-07-30 19:28:55 
TT 100 127.4  10.3 127.4  10.3 8.37E-02 007.1 105.6  -5.4 995.1960 286.3461 62.15320 shoemake 2024-08-01 12:16:31 
TT 130 129.5  14.0 129.5  14.0 8.10E-02 005.0 109.8  -5.0 661.5560 256.1813 64.54022 shoemake 2024-09-07 17:53:35 
TT 160 129.2  14.0 129.2  14.0 7.80E-02 006.3 109.7  -4.8 808.8201 297.4670 49.97072 shoemake 2024-09-12 13:55:34 
TT 190 127.1  14.9 127.1  14.9 5.76E-02 001.0 109.2  -2.6 81.45744 52.95017 36.25949 shoemake 2024-09-17 15:30:44 
TT 210 131.0  20.8 131.0  20.8 5.40E-02 004.1 116.2  -2.3 345.4467 174.8309 36.25198 shoemake 2024-10-11 02:29:28 
TT 240 125.7  14.5 125.7  14.5 2.77E-02 003.4 108.2  -1.7 154.3323 56.72167 21.45009 shoemake 2024-10-18 11:21:59 
TT 270 127.2  16.9 127.2  16.9 2.25E-02 003.2 111.0  -1.6 108.3248 46.23926 42.75468 shoemake 2024-10-26 17:43:14 
TT 300 129.0  19.8 129.0  19.8 2.25E-02 005.4 114.3  -1.4 192.6933 90.60482 12.66352 shoemake 2024-11-06 17:33:07 
TT 330 129.8  20.6 129.8  20.6 2.21E-02 002.2 115.4  -1.5 71.19601 39.06198 28.19276 shoemake 2024-11-15 18:08:35 
TT 360 132.8  24.5 132.8  24.5 2.19E-02 004.4 120.2  -1.5 143.5636 83.16992 25.77716 shoemake 2024-11-18 17:43:11 
TT 360 204.7  58.5 204.7  58.5 9.46E-03 065.4 180.1   0.0 10.65105 2120.459 60.16324 shoemake 2024-11-22 23:04:46 
TT 360 129.0  19.6 129.0  19.6 2.19E-02 002.4 114.2  -1.5 79.72040 44.79183 29.20738 shoemake 2024-11-23 21:14:47 
TT 390 127.8  17.9 127.8  17.9 2.17E-02 002.2 112.1  -1.5 69.14894 35.34182 38.86132 shoemake 2024-11-25 10:27:16 
TT 420 128.5  18.7 128.5  18.7 2.09E-02 002.3 113.2  -1.6 68.70062 38.42387 38.72048 shoemake 2024-11-26 23:58:22 
TT 450 128.3  18.8 128.3  18.8 1.88E-02 004.1 113.1  -1.4 119.9590 55.18504 32.86430 shoemake 2024-12-05 07:02:23 
TT 450 133.2  25.8 133.2  25.8 1.90E-02 004.3 121.5  -1.1 120.8021 78.11875 16.30954 shoemake 2025-02-06 05:01:50 
TT 480 131.8  23.7 131.8  23.7 8.90E-03 004.3 119.0  -1.3 58.54984 33.90720 6.107142 shoemake 2025-04-09 17:58:27 
TT 510 125.6  47.0 125.6  47.0 1.84E-04 001.4 136.0  15.7 0.375442 0.476816 0.096046 shoemake 2025-04-25 21:30:02 
