NWFC- 3 sun compass orientation
      0  33.6  26.0  -1.4   0.0   1.0
NRM    074.0  40.2 074.0  40.2 1.10E-02 004.8 141.4  21.3 57.49488 70.39557 11.15876 shoemake 2024-07-01 16:30:52 
LN2    079.2  42.6 079.2  42.6 1.01E-02 001.6 146.2  22.2 14.64680 21.49072 12.75611 shoemake 2024-07-11 15:41:45 
TT  70 076.3  41.6 076.3  41.6 9.86E-03 000.6 143.7  22.0 5.868688 7.711072 7.673886 shoemake 2024-07-30 19:14:20 
TT 100 098.6  44.2 098.6  44.2 8.17E-03 002.3 161.2  20.0 14.18098 28.61702 9.488784 shoemake 2024-08-01 12:04:09 
TT 130 099.3  44.5 099.3  44.5 8.11E-03 003.2 161.8  20.2 11.92445 43.01573 7.178718 shoemake 2024-09-07 17:41:20 
TT 160 114.5  39.9 114.5  39.9 6.64E-03 000.8 172.8  14.2 4.422519 5.144280 8.089793 shoemake 2024-09-12 13:43:14 
TT 190 122.0  39.6 122.0  39.6 6.56E-03 000.8 178.7  13.6 4.604812 5.494511 7.479128 shoemake 2024-09-17 15:18:23 
TT 210 121.0  39.6 121.0  39.6 6.56E-03 001.7 177.9  13.6 4.674772 16.13813 10.28549 shoemake 2024-10-11 02:16:56 
TT 240 125.0  37.6 125.0  37.6 2.94E-03 004.4 181.1  11.6 1.886503 21.90161 4.786231 shoemake 2024-10-18 11:09:32 
TT 270 127.8  38.3 127.8  38.3 2.41E-03 002.9 183.4  12.4 2.453894 11.03132 5.407029 shoemake 2024-10-26 17:32:00 
TT 300 117.3  38.1 117.3  38.1 2.42E-03 002.1 174.9  12.2 1.180143 8.769361 1.029864 shoemake 2024-11-06 17:20:38 
TT 330 121.0  38.7 121.0  38.7 2.37E-03 002.4 177.9  12.7 2.091982 9.405859 2.989343 shoemake 2024-11-15 17:56:05 
TT 360 126.5  38.3 126.5  38.3 2.37E-03 000.9 182.3  12.3 2.018312 2.287789 2.838438 shoemake 2024-11-18 17:30:42 
TT 360 121.2  26.0 121.2  26.0 2.24E-03 021.4 177.8  -0.0 3.458330 69.88515 53.08446 shoemake 2024-11-22 22:52:23 
TT 360 125.7  38.4 125.7  38.4 2.37E-03 001.1 181.7  12.4 2.166009 3.207514 3.277791 shoemake 2024-11-23 21:04:54 
TT 390 118.1  38.5 118.1  38.5 2.35E-03 001.8 175.6  12.6 2.447620 5.903915 4.270530 shoemake 2024-11-25 10:14:44 
TT 420 121.7  38.3 121.7  38.3 2.30E-03 006.0 178.5  12.3 2.684249 23.61892 4.269663 shoemake 2024-11-26 23:45:59 
TT 450 125.7  38.4 125.7  38.4 2.09E-03 002.5 181.7  12.4 2.077907 8.089639 3.709650 shoemake 2024-12-05 06:49:54 
TT 450 130.7  38.3 130.7  38.3 2.11E-03 002.8 185.7  12.5 2.096786 9.985241 1.308051 shoemake 2025-02-06 04:49:21 
TT 480 125.1  38.4 125.1  38.4 1.65E-03 003.4 181.2  12.4 1.189285 9.891050 0.634753 shoemake 2025-04-09 17:46:05 
TT 510 173.8  56.7 173.8  56.7 2.06E-05 009.7 211.7  36.7 0.292656 0.294888 0.010964 shoemake 2025-04-25 21:17:49 
