NWFC- 2 sun compass orientation
      0 266.7  16.0  -1.4   0.0   1.0
NRM    311.3 -63.4 311.3 -63.4 3.56E-02 001.7 100.0 -71.1 76.99812 73.86812 13.53257 shoemake 2024-07-01 16:20:16 
LN2    308.9 -64.6 308.9 -64.6 3.52E-02 001.8 095.0 -71.4 76.48027 77.20884 23.62621 shoemake 2024-07-11 15:30:51 
TT  70 309.9 -63.7 309.9 -63.7 3.30E-02 001.3 097.7 -71.0 70.24720 20.95319 9.214585 shoemake 2024-07-30 18:59:19 
TT 100 304.3 -60.9 304.3 -60.9 2.35E-02 000.8 096.5 -67.2 27.81740 21.63508 8.903479 shoemake 2024-08-01 11:51:43 
TT 130 306.0 -48.8 306.0 -48.8 1.29E-02 003.8 110.8 -57.0 80.00785 27.46099 10.93075 shoemake 2024-09-07 17:28:50 
TT 160 301.8 -42.6 301.8 -42.6 9.10E-03 001.6 110.1 -50.1 21.51880 11.76919 5.467150 shoemake 2024-09-12 13:30:51 
TT 190 306.5 -41.0 306.5 -41.0 9.03E-03 002.2 116.0 -49.8 30.85483 15.25160 6.027003 shoemake 2024-09-17 15:05:57 
TT 210 311.2 -40.0 311.2 -40.0 9.06E-03 000.7 121.8 -50.0 6.407527 8.992861 6.083029 shoemake 2024-10-11 02:04:39 
TT 240 312.1 -37.4 312.1 -37.4 8.36E-03 002.0 124.0 -47.7 25.44212 14.79321 7.020983 shoemake 2024-10-18 10:57:16 
TT 270 311.2 -37.5 311.2 -37.5 7.94E-03 004.5 123.0 -47.6 47.21996 39.27486 11.44302 shoemake 2024-10-26 17:20:57 
TT 300 307.9 -42.3 307.9 -42.3 6.00E-03 002.5 116.9 -51.4 23.19144 12.32137 2.277888 shoemake 2024-11-06 17:08:14 
TT 330 306.3 -49.5 306.3 -49.5 4.43E-03 003.5 110.6 -57.7 24.33988 11.33060 4.110731 shoemake 2024-11-15 17:43:42 
TT 360 308.2 -43.7 308.2 -43.7 1.38E-03 020.6 116.5 -52.8 39.73133 79.56360 117.1767 shoemake 2024-11-18 17:18:15 
TT 360 338.7 -12.4 338.7 -12.4 1.48E-09 040.6 160.1 -27.5 0.000090 0.000078 0.000060 shoemake 2024-11-19 08:42:53 
TT 360 196.9   0.4 196.9   0.4 2.09E-09 050.1 021.0  15.4 0.000185 0.000039 0.000102 shoemake 2024-11-20 17:58:46 
TT 360 309.0 -43.6 309.0 -43.6 2.75E-03 001.3 117.4 -52.9 4.791995 3.858050 2.959457 shoemake 2024-11-22 22:40:06 
TT 390 309.9 -41.1 309.9 -41.1 2.23E-03 004.3 119.8 -50.7 14.36332 8.258490 3.985483 shoemake 2024-11-25 09:10:50 
TT 420 310.5 -38.0 310.5 -38.0 7.15E-04 003.8 121.9 -47.9 4.341844 1.749094 1.806349 shoemake 2024-11-26 23:33:45 
TT 450 314.7 -20.1 314.7 -20.1 2.59E-04 004.7 132.5 -31.5 1.717866 1.127621 0.726774 shoemake 2024-12-05 06:37:31 
TT 450 312.2 -20.1 312.2 -20.1 2.58E-04 008.5 129.8 -31.0 3.051151 2.339696 0.540607 shoemake 2025-02-06 02:47:39 
TT 480 306.3 -22.5 306.3 -22.5 2.67E-04 002.6 122.9 -32.0 1.044403 0.628434 0.326297 shoemake 2025-04-09 17:33:38 
TT 510 327.9  52.4 327.9  52.4 1.78E-05 012.8 158.1  37.9 0.325149 0.343234 0.004339 shoemake 2025-04-25 21:05:25 
