NWFC- 8 sun compass orientation
      0 138.7  70.5  -1.4   0.0   1.0
NRM    236.2  79.4 236.2  79.4 5.87E-02 003.6 181.4   9.0 39.06814 360.9367 65.80023 shoemake 2024-07-01 17:13:11 
LN2    200.6  78.9 200.6  78.9 5.69E-02 005.9 174.7   9.6 71.55343 575.5323 72.57895 shoemake 2024-07-11 16:29:52 
TT  70 194.8  78.1 194.8  78.1 5.37E-02 007.3 173.3   9.5 88.56428 681.4146 23.14676 shoemake 2024-07-30 20:12:33 
TT 100 211.1  79.5 211.1  79.5 5.24E-02 005.7 176.8   9.5 46.45325 525.5172 34.42973 shoemake 2024-08-01 12:53:32 
TT 130 185.8  79.0 185.8  79.0 2.77E-02 001.2 172.4  11.3 15.14248 50.14129 26.20409 shoemake 2024-09-07 18:30:34 
TT 160 177.8  77.8 177.8  77.8 2.32E-02 002.3 170.4  11.6 16.23824 91.81804 18.97049 shoemake 2024-09-12 14:32:30 
TT 190 162.0  72.5 162.0  72.5 2.17E-02 001.6 163.6  11.9 13.94744 55.50843 23.51110 shoemake 2024-09-17 16:07:46 
TT 210 172.1  76.6 172.1  76.6 2.11E-02 006.6 168.6  11.8 45.83419 239.0531 20.22789 shoemake 2024-10-11 03:06:28 
TT 240 178.3  78.4 178.3  78.4 1.01E-02 001.3 170.9  11.9 7.624484 20.74883 7.875464 shoemake 2024-10-18 11:59:09 
TT 270 202.9  82.4 202.9  82.4 8.21E-03 003.7 176.6  12.6 6.540864 48.29653 20.37789 shoemake 2024-10-26 18:55:47 
TT 300 159.5  71.9 159.5  71.9 8.28E-03 001.5 162.7  12.3 7.536624 20.82290 4.527314 shoemake 2024-11-06 18:10:29 
TT 330 169.2  77.1 169.2  77.1 7.78E-03 001.0 168.6  12.6 6.923549 8.471195 9.234481 shoemake 2024-11-15 18:45:20 
TT 360 166.4  75.9 166.4  75.9 6.04E-03 002.0 167.2  12.5 6.869207 19.90411 6.595938 shoemake 2024-11-18 18:20:14 
TT 360 226.9  70.4 226.9  70.4 5.23E-03 032.2 179.4  -0.1 5.501200 297.9384 141.1951 shoemake 2024-11-22 23:41:31 
TT 360 160.8  73.1 160.8  73.1 6.03E-03 004.1 164.0  12.5 13.01000 41.16112 7.548871 shoemake 2024-11-23 21:39:23 
TT 390 177.8  79.0 177.8  79.0 5.06E-03 002.2 171.3  12.4 6.295372 17.41570 8.552440 shoemake 2024-11-25 11:04:27 
TT 420 179.3  77.2 179.3  77.2 1.97E-03 001.4 170.1  10.9 2.164862 2.950250 3.769806 shoemake 2024-11-27 00:35:30 
TT 450 166.2  74.4 166.2  74.4 1.01E-03 001.8 165.9  11.8 1.329537 2.354303 1.836132 shoemake 2024-12-05 07:39:43 
TT 450 180.7  78.9 180.7  78.9 1.02E-03 003.9 171.6  11.9 1.541697 6.978084 0.638087 shoemake 2025-02-06 05:38:57 
TT 480 147.1  50.3 147.1  50.3 4.70E-05 011.8 140.1   9.7 0.657530 0.760303 0.057976 shoemake 2025-04-09 18:35:29 
TT 510 128.5  65.0 128.5  65.0 4.94E-05 008.6 153.4  21.9 0.412905 0.670030 0.062539 shoemake 2025-04-25 22:06:57 
