NWFC- 7 sun compass orientation
      0 94.7 106.0  -1.4   0.0   1.0
NRM    325.8  60.6 325.8  60.6 7.80E-03 009.5 198.1   7.3 38.95213 124.1836 10.25004 shoemake 2024-07-01 16:58:26 
LN2    346.5  54.7 346.5  54.7 7.21E-03 006.0 190.9  17.6 19.07734 72.93123 12.23589 shoemake 2024-07-11 16:13:09 
TT  70 349.6  52.3 349.6  52.3 7.08E-03 009.3 189.8  20.5 22.16946 113.9706 5.278390 shoemake 2024-07-30 19:52:14 
TT  70 343.3  51.2 343.3  51.2 7.12E-03 003.6 194.1  20.2 10.78266 42.69076 8.342746 shoemake 2024-07-31 09:34:29 
TT 100 347.8  48.3 347.8  48.3 7.03E-03 001.6 192.2  24.0 7.715369 16.97185 8.362007 shoemake 2024-08-01 12:36:17 
TT 130 357.1  42.8 357.1  42.8 6.71E-03 004.5 186.5  30.8 10.87458 51.19650 7.478329 shoemake 2024-09-07 18:13:23 
TT 160 356.0  39.0 356.0  39.0 6.60E-03 005.2 188.2  34.4 13.09453 57.64402 7.920474 shoemake 2024-09-12 14:15:17 
TT 190 358.8  36.4 358.8  36.4 6.16E-03 006.4 186.0  37.3 11.77644 67.89764 5.659018 shoemake 2024-09-17 15:50:30 
TT 210 358.5  35.1 358.5  35.1 6.14E-03 002.6 186.5  38.6 10.20613 24.16962 8.703889 shoemake 2024-10-11 02:49:16 
TT 240 009.4  31.5 009.4  31.5 2.99E-03 002.1 174.6  42.3 2.148195 10.51055 2.977125 shoemake 2024-10-18 11:41:49 
TT 270 002.9  30.6 002.9  30.6 2.53E-03 004.9 182.1  43.4 5.073047 20.98107 3.992003 shoemake 2024-10-26 18:01:09 
TT 300 007.0  31.5 007.0  31.5 2.56E-03 001.5 177.3  42.4 1.797739 6.666794 0.847617 shoemake 2024-11-06 17:53:02 
TT 330 005.2  31.0 005.2  31.0 2.53E-03 001.6 179.4  43.0 3.990126 5.781024 2.749296 shoemake 2024-11-15 18:28:12 
TT 360 297.5  47.2 297.5  47.2 7.39E-09 064.2 218.8   2.9 0.002949 0.002089 0.000099 shoemake 2024-11-18 18:03:01 
TT 360 282.6  38.4 282.6  38.4 5.05E-09 064.9 231.1  -3.9 0.002476 0.001717 0.000044 shoemake 2024-11-19 08:58:03 
TT 360 280.7  31.4 280.7  31.4 5.50E-09 062.3 238.2  -3.3 0.002893 0.002066 0.000096 shoemake 2024-11-20 18:13:58 
TT 360 005.2  30.7 005.2  30.7 2.42E-03 004.3 179.4  43.3 3.867917 18.02598 2.251571 shoemake 2024-11-22 23:24:22 
TT 390 359.4  29.4 359.4  29.4 2.31E-03 002.8 186.5  44.3 4.263866 9.930249 4.152848 shoemake 2024-11-25 10:47:08 
TT 420 358.8  29.3 358.8  29.3 1.72E-03 004.2 187.2  44.3 3.205920 11.87414 3.501508 shoemake 2024-11-27 00:18:13 
TT 450 351.5  22.7 351.5  22.7 1.13E-03 002.0 198.8  49.2 2.222087 2.908863 2.095995 shoemake 2024-12-05 07:22:17 
TT 450 350.1  22.3 350.1  22.3 1.14E-03 002.4 200.8  49.1 2.102333 4.403427 1.216243 shoemake 2025-02-06 05:21:41 
TT 480 329.3   8.4 329.3   8.4 8.17E-05 025.0 237.6  47.3 3.169758 5.010977 6.363038 shoemake 2025-04-09 18:18:14 
TT 480 327.6   5.5 327.6   5.5 1.61E-04 003.1 242.6  47.5 0.748123 0.487514 0.241866 shoemake 2025-04-15 15:22:50 
TT 510 324.4   7.3 324.4   7.3 1.63E-04 006.9 242.7  43.8 1.687768 1.051642 0.148944 shoemake 2025-04-25 21:49:42 
