NWFC- 5 sun compass orientation
      0 114.5  58.5  -1.4   0.0   1.0
NRM    003.2   7.1 003.2   7.1 1.43E-01 003.7 102.2  -6.1 902.0532 1299.860 161.8634 shoemake 2024-07-01 16:43:40 
LN2    005.3  10.6 005.3  10.6 1.36E-01 002.6 106.3  -6.0 507.4881 770.3670 207.5212 shoemake 2024-07-11 15:56:25 
TT  70 005.9  12.3 005.9  12.3 1.36E-01 001.3 108.0  -5.5 290.4227 94.93289 51.77171 shoemake 2024-07-30 19:31:53 
TT 100 005.3  13.6 005.3  13.6 1.18E-01 000.7 108.8  -4.3 119.1316 108.6468 65.06281 shoemake 2024-08-01 12:19:03 
TT 130 005.0  14.5 005.0  14.5 1.10E-01 002.3 109.4  -3.5 403.6929 160.5758 90.42281 shoemake 2024-09-07 17:56:06 
TT 160 005.8  16.1 005.8  16.1 1.04E-01 008.8 111.2  -3.3 1510.507 578.0961 81.15001 shoemake 2024-09-12 13:58:05 
TT 190 004.9  18.0 004.9  18.0 8.01E-02 003.3 112.3  -1.5 427.8304 156.4894 49.11565 shoemake 2024-09-17 15:33:16 
TT 210 003.4  16.7 003.4  16.7 7.52E-02 004.2 110.4  -1.0 513.9479 178.5927 74.56329 shoemake 2024-10-11 02:31:56 
TT 240 005.0  19.4 005.0  19.4 3.82E-02 002.0 113.5  -0.8 124.3401 46.19332 34.08206 shoemake 2024-10-18 11:24:24 
TT 270 007.7  23.3 007.7  23.3 3.10E-02 006.3 118.1  -0.7 293.3594 164.0474 59.18550 shoemake 2024-10-26 17:45:26 
TT 300 004.8  19.3 004.8  19.3 3.11E-02 003.6 113.3  -0.7 181.9799 79.86529 11.56697 shoemake 2024-11-06 17:35:38 
TT 330 005.4  20.1 005.4  20.1 3.05E-02 002.9 114.3  -0.7 137.2087 62.42744 37.82320 shoemake 2024-11-15 18:11:05 
TT 360 006.3  21.6 006.3  21.6 3.02E-02 003.5 116.0  -0.6 164.0286 77.78636 35.56264 shoemake 2024-11-18 17:45:41 
TT 360 082.6  58.5 082.6  58.5 1.33E-02 064.9 180.6  -0.0 30.71921 2910.446 52.68347 shoemake 2024-11-22 23:07:14 
TT 360 006.9  22.2 006.9  22.2 3.02E-02 002.1 116.8  -0.7 96.38493 48.98790 42.56635 shoemake 2024-11-23 21:17:15 
TT 390 004.9  19.4 004.9  19.4 2.98E-02 002.0 113.4  -0.7 83.61843 41.67144 52.75022 shoemake 2024-11-25 10:29:46 
TT 420 004.2  18.6 004.2  18.6 2.84E-02 005.1 112.4  -0.6 229.0751 92.14451 53.07464 shoemake 2024-11-27 00:00:52 
TT 450 004.1  18.5 004.1  18.5 2.52E-02 001.2 112.3  -0.6 27.85226 27.78564 42.19890 shoemake 2024-12-05 07:04:54 
TT 450 007.8  23.9 007.8  23.9 2.54E-02 006.8 118.7  -0.4 264.9751 144.1142 18.57309 shoemake 2025-02-06 05:04:20 
TT 480 006.0  22.1 006.0  22.1 9.82E-03 001.3 116.2  -0.1 20.25929 12.61582 4.984620 shoemake 2025-04-09 18:00:58 
TT 510 359.1  39.1 359.1  39.1 3.27E-04 008.6 127.5  14.0 3.972597 3.050566 0.122559 shoemake 2025-04-25 21:32:31 
