NWFC- 2 sun compass orientation
      0 266.7  16.0  -1.4   0.0   1.0
NRM    311.1 -64.3 311.1 -64.3 2.93E-02 001.7 097.9 -71.8 60.92283 59.10440 18.19722 shoemake 2024-07-01 16:18:06 
LN2    308.5 -65.3 308.5 -65.3 2.89E-02 002.6 093.3 -71.8 115.3565 65.28056 14.58898 shoemake 2024-07-11 15:28:40 
TT  70 306.1 -65.5 306.1 -65.5 2.71E-02 001.0 090.5 -71.3 47.19635 16.28084 7.306979 shoemake 2024-07-30 18:56:23 
TT 100 303.4 -62.0 303.4 -62.0 1.92E-02 001.7 094.1 -67.8 54.21993 17.47929 9.564416 shoemake 2024-08-01 11:49:14 
TT 130 302.6 -49.9 302.6 -49.9 9.98E-03 000.8 106.3 -57.1 9.541105 7.686488 10.19979 shoemake 2024-09-07 17:26:23 
TT 160 305.6 -43.2 305.6 -43.2 7.25E-03 005.3 113.9 -51.7 62.51628 25.82286 5.273051 shoemake 2024-09-12 13:28:23 
TT 190 304.2 -43.2 304.2 -43.2 7.20E-03 005.1 112.3 -51.3 60.33859 22.69031 6.470971 shoemake 2024-09-17 15:03:28 
TT 210 306.3 -42.6 306.3 -42.6 7.24E-03 001.8 115.0 -51.3 15.83255 14.98998 6.134102 shoemake 2024-10-11 02:02:08 
TT 240 309.7 -39.9 309.7 -39.9 6.59E-03 002.3 120.2 -49.5 19.83377 16.62249 7.843694 shoemake 2024-10-18 10:54:48 
TT 270 307.2 -40.5 307.2 -40.5 6.05E-03 003.1 117.1 -49.5 25.85436 19.29573 8.573335 shoemake 2024-10-26 17:18:44 
TT 300 306.2 -44.9 306.2 -44.9 4.80E-03 001.0 113.6 -53.4 7.917539 3.570745 2.533393 shoemake 2024-11-06 17:05:42 
TT 330 306.7 -50.3 306.7 -50.3 3.51E-03 001.5 110.5 -58.5 6.933603 5.800362 3.156853 shoemake 2024-11-15 17:41:11 
TT 360 307.2 -42.6 307.2 -42.6 1.97E-03 001.8 116.0 -51.5 5.269379 2.907344 1.730156 shoemake 2024-11-18 17:15:43 
TT 360 359.3  15.9 359.3  15.9 5.85E-04 072.6 182.5  -0.1 5.129808 113.3390 165.9133 shoemake 2024-11-22 22:37:35 
TT 360 309.9 -42.0 309.9 -42.0 1.97E-03 002.1 119.3 -51.6 6.299579 3.360052 2.655843 shoemake 2024-11-23 20:55:03 
TT 390 310.7 -39.4 310.7 -39.4 1.52E-03 002.9 121.5 -49.3 6.423786 3.746314 2.671101 shoemake 2024-11-25 09:08:19 
TT 420 312.2 -32.9 312.2 -32.9 3.27E-04 003.7 125.9 -43.4 1.845846 0.691991 1.027592 shoemake 2024-11-26 23:31:15 
TT 450 311.1  -7.2 311.1  -7.2 1.06E-04 002.4 131.7 -18.2 0.306529 0.203788 0.287313 shoemake 2024-12-05 06:35:00 
TT 450 314.6  -5.3 314.6  -5.3 1.07E-04 008.1 135.7 -17.0 1.121895 1.020693 0.208180 shoemake 2025-02-06 02:45:09 
TT 480 306.6  -8.3 306.6  -8.3 1.07E-04 006.2 126.9 -18.3 0.957493 0.676107 0.146441 shoemake 2025-04-09 17:31:07 
TT 510 313.6  75.4 313.6  75.4 1.17E-05 016.8 158.8  61.6 0.256720 0.264393 0.006821 shoemake 2025-04-25 21:02:59 
TT 510 326.8  72.2 326.8  72.2 1.16E-05 016.5 163.6  57.4 0.254543 0.264781 0.006328 shoemake 2025-05-01 17:30:55 
