NWFC- 3 sun compass orientation
      0  250.6  26.0  -1.4   0.0   1.0
NRM    293.5  39.2 293.5  39.2 9.81E-03 002.2 142.9  19.7 24.51962 23.77884 16.81697 shoemake 2024-07-01 16:28:47 
LN2    288.7  38.9 288.7  38.9 8.93E-03 005.9 139.1  20.7 58.71765 70.70207 14.52327 shoemake 2024-07-11 15:39:37 
TT  70 304.6  42.9 304.6  42.9 8.80E-03 002.1 152.6  20.6 17.58013 23.00165 14.38990 shoemake 2024-07-30 19:11:27 
TT 100 314.2  43.0 314.2  43.0 7.33E-03 006.5 159.9  19.0 32.75057 75.90547 14.93526 shoemake 2024-08-01 12:01:43 
TT 130 321.7  43.9 321.7  43.9 7.33E-03 002.1 165.7  18.9 4.341085 23.18952 13.71653 shoemake 2024-09-07 17:38:52 
TT 160 332.0  40.0 332.0  40.0 5.81E-03 001.5 173.2  14.2 4.986062 9.565809 11.40464 shoemake 2024-09-12 13:40:49 
TT 190 332.1  39.7 332.1  39.7 5.77E-03 002.9 173.3  13.9 6.990152 26.46163 10.96889 shoemake 2024-09-17 15:15:57 
TT 210 330.8  39.5 330.8  39.5 5.77E-03 003.4 172.2  13.8 3.689085 31.91857 12.26502 shoemake 2024-10-11 02:14:29 
TT 240 335.1  38.5 335.1  38.5 2.81E-03 002.4 175.6  12.6 2.488226 9.568173 6.463497 shoemake 2024-10-18 11:07:02 
TT 270 339.8  39.7 339.8  39.7 2.37E-03 001.4 179.4  13.7 1.928271 3.345998 4.312658 shoemake 2024-10-26 17:29:45 
TT 300 335.7  39.2 335.7  39.2 2.39E-03 001.2 176.1  13.3 1.123411 4.743606 2.138129 shoemake 2024-11-06 17:18:11 
TT 330 334.9  39.7 334.9  39.7 2.34E-03 005.5 175.5  13.8 2.214026 22.31942 3.666221 shoemake 2024-11-15 17:53:39 
TT 360 334.4  39.4 334.4  39.4 2.35E-03 001.7 175.1  13.5 2.194462 6.008756 3.401586 shoemake 2024-11-18 17:28:14 
TT 360 339.7  26.0 339.7  26.0 2.26E-03 017.9 179.2   0.0 1.872559 47.02922 55.81133 shoemake 2024-11-22 22:49:57 
TT 360 332.5  39.3 332.5  39.3 2.35E-03 001.6 173.6  13.5 2.343974 4.922769 3.983373 shoemake 2024-11-23 21:02:29 
TT 390 336.7  39.6 336.7  39.6 2.33E-03 001.6 176.9  13.6 2.485102 3.878072 4.969940 shoemake 2024-11-25 10:12:16 
TT 420 338.7  39.2 338.7  39.2 2.30E-03 003.6 178.5  13.2 2.317804 13.66454 5.012967 shoemake 2024-11-26 23:43:34 
TT 450 329.4  39.3 329.4  39.3 2.02E-03 001.5 171.1  13.7 2.209220 3.260098 3.982992 shoemake 2024-12-05 06:47:27 
TT 450 336.2  39.5 336.2  39.5 2.04E-03 000.9 176.5  13.6 1.946315 2.403307 1.726876 shoemake 2025-02-06 04:46:55 
TT 480 338.9  41.2 338.9  41.2 1.54E-03 002.5 178.7  15.2 1.247162 6.745844 1.174634 shoemake 2025-04-09 17:43:39 
TT 510 020.2  49.0 020.2  49.0 1.96E-05 010.1 208.0  27.2 0.271086 0.310578 0.027072 shoemake 2025-04-25 21:15:20 
