NWFC- 2 sun compass orientation
      0 328.7  16.0  -1.4   0.0   1.0
NRM    017.2 -61.9 017.2 -61.9 3.60E-02 003.6 107.1 -70.9 211.6710 75.62015 28.16703 shoemake 2024-07-01 16:22:25 
LN2    021.2 -60.5 021.2 -60.5 3.56E-02 002.1 114.3 -70.8 105.7941 78.80246 25.74328 shoemake 2024-07-11 15:33:03 
TT  70 010.0 -63.6 010.0 -63.6 3.36E-02 002.7 096.0 -70.4 141.4031 64.58035 15.90044 shoemake 2024-07-30 19:02:15 
TT 100 009.8 -59.6 009.8 -59.6 2.44E-02 001.6 102.2 -67.0 52.19206 43.91664 8.544461 shoemake 2024-08-01 11:54:14 
TT 130 011.5 -48.5 011.5 -48.5 1.40E-02 003.1 114.9 -57.6 63.51609 42.07692 6.284725 shoemake 2024-09-07 17:31:20 
TT 160 011.8 -41.2 011.8 -41.2 9.90E-03 003.3 119.6 -50.8 51.76444 25.23541 5.230171 shoemake 2024-09-12 13:33:21 
TT 190 012.2 -40.7 012.2 -40.7 9.83E-03 002.7 120.3 -50.4 35.81855 29.61740 5.121842 shoemake 2024-09-17 15:08:28 
TT 210 013.8 -40.4 013.8 -40.4 9.87E-03 001.5 122.3 -50.5 23.37840 11.63496 5.857401 shoemake 2024-10-11 02:07:09 
TT 240 018.6 -37.3 018.6 -37.3 9.21E-03 001.0 129.2 -48.6 8.822142 14.39797 5.207915 shoemake 2024-10-18 10:59:42 
TT 270 012.9 -37.9 012.9 -37.9 8.92E-03 002.9 122.5 -47.9 29.33336 32.76016 13.70701 shoemake 2024-10-26 17:23:09 
TT 300 010.1 -41.5 010.1 -41.5 6.50E-03 003.7 117.6 -50.7 33.53098 24.77091 3.858661 shoemake 2024-11-06 17:10:45 
TT 330 013.4 -47.9 013.4 -47.9 4.89E-03 003.6 117.6 -57.5 24.20881 18.88704 4.576336 shoemake 2024-11-15 17:46:13 
TT 360 011.1 -44.9 011.1 -44.9 3.27E-03 003.7 116.9 -54.1 17.37703 11.82259 3.549946 shoemake 2024-11-18 17:20:47 
TT 360 058.8  15.9 058.8  15.9 7.21E-04 076.4 180.1  -0.1 4.101043 192.9320 281.2440 shoemake 2024-11-22 22:42:37 
TT 360 010.8 -45.0 010.8 -45.0 3.27E-03 002.0 116.4 -54.1 8.380139 7.672361 4.043484 shoemake 2024-11-23 20:57:34 
TT 390 012.2 -43.0 012.2 -43.0 2.77E-03 002.4 119.1 -52.6 8.023064 7.559915 4.263312 shoemake 2024-11-25 10:04:51 
TT 420 013.5 -40.4 013.5 -40.4 1.30E-03 001.7 122.0 -50.4 2.386214 2.575519 2.428783 shoemake 2024-11-26 23:36:15 
TT 450 009.0 -35.9 009.0 -35.9 7.06E-04 001.9 119.0 -45.1 1.795999 1.332021 1.325437 shoemake 2024-12-05 06:40:01 
TT 450 011.5 -35.4 011.5 -35.4 7.08E-04 007.1 121.9 -45.2 7.548311 4.595829 1.050959 shoemake 2025-02-06 04:39:30 
TT 480 251.4  74.0 251.4  74.0 3.32E-07 028.8 096.8  86.5 0.005266 0.005533 0.029404 shoemake 2025-04-09 17:36:09 
TT 480 013.0 -35.7 013.0 -35.7 7.11E-04 005.3 123.5 -45.8 5.599204 3.526253 0.688833 shoemake 2025-04-15 15:15:06 
TT 510 036.2  54.7 036.2  54.7 1.61E-05 016.2 163.3  39.6 0.349033 0.405500 0.021617 shoemake 2025-04-25 21:07:51 
TT 510 035.0  52.7 035.0  52.7 1.70E-05 013.9 162.1  37.7 0.346710 0.354317 0.012773 shoemake 2025-05-01 17:33:18 
