NWFC- 3 sun compass orientation
      0  33.6  26.0  -1.4   0.0   1.0
NRM    076.5  39.6 076.5  39.6 1.29E-02 001.7 143.1  20.1 22.86336 28.33495 13.64946 shoemake 2024-07-01 16:26:41 
LN2    074.2  39.5 074.2  39.5 1.19E-02 004.0 141.3  20.6 50.54140 64.73391 14.48162 shoemake 2024-07-11 15:37:27 
TT  70 079.2  40.7 079.2  40.7 1.14E-02 004.5 145.5  20.4 51.38150 74.02755 6.796926 shoemake 2024-07-30 19:08:33 
TT 100 095.1  42.2 095.1  42.2 9.71E-03 003.5 158.1  18.6 24.44951 54.51613 9.025930 shoemake 2024-08-01 11:59:15 
TT 130 093.6  42.3 093.6  42.3 9.62E-03 007.9 157.0  18.9 50.50354 123.7700 8.076473 shoemake 2024-09-07 17:36:22 
TT 160 117.0  40.2 117.0  40.2 7.51E-03 000.8 174.8  14.3 4.779422 6.978307 7.991892 shoemake 2024-09-12 13:38:21 
TT 190 116.5  40.2 116.5  40.2 7.51E-03 001.2 174.4  14.4 5.203994 13.04280 7.203675 shoemake 2024-09-17 15:13:29 
TT 210 112.0  39.9 112.0  39.9 7.45E-03 005.0 170.8  14.3 12.90248 63.12771 10.44703 shoemake 2024-10-11 02:12:03 
TT 240 116.9  38.6 116.9  38.6 4.55E-03 004.4 174.6  12.7 4.819456 34.33482 4.813475 shoemake 2024-10-18 11:04:34 
TT 270 116.3  39.4 116.3  39.4 3.90E-03 003.4 174.2  13.6 3.441580 21.82151 7.840361 shoemake 2024-10-26 17:27:32 
TT 300 114.1  38.8 114.1  38.8 3.94E-03 000.7 172.4  13.1 2.051023 4.252440 2.209386 shoemake 2024-11-06 17:15:44 
TT 330 115.2  39.1 115.2  39.1 3.88E-03 003.4 173.3  13.3 4.005417 22.44370 5.398354 shoemake 2024-11-15 17:51:11 
TT 360 127.2 -64.7 127.2 -64.7 2.41E-08 045.4 294.2 -88.3 0.000185 0.000095 0.002957 shoemake 2024-11-18 17:25:46 
TT 360 096.9  11.1 096.9  11.1 1.13E-09 048.3 153.2 -12.2 0.000078 0.000080 0.000049 shoemake 2024-11-19 08:45:23 
TT 360 340.3 -10.4 340.3 -10.4 1.64E-09 063.6 036.7  10.6 0.000227 0.000063 0.000073 shoemake 2024-11-20 18:01:18 
TT 360 117.1  39.2 117.1  39.2 3.89E-03 004.1 174.8  13.3 4.378822 27.51065 3.857941 shoemake 2024-11-22 22:47:33 
TT 390 113.9  39.0 113.9  39.0 3.86E-03 001.8 172.3  13.3 4.230175 9.537553 7.226296 shoemake 2024-11-25 10:09:50 
TT 420 114.3  38.9 114.3  38.9 3.83E-03 001.4 172.6  13.2 4.371452 5.341663 7.139004 shoemake 2024-11-26 23:41:09 
TT 450 116.0  39.4 116.0  39.4 3.35E-03 001.3 174.0  13.6 3.709548 4.734334 5.707672 shoemake 2024-12-05 06:45:00 
TT 450 122.3  39.8 122.3  39.8 3.37E-03 006.6 179.0  13.8 3.404629 38.89196 2.321101 shoemake 2025-02-06 04:44:29 
TT 480 107.3  40.5 107.3  40.5 2.30E-03 003.2 167.2  15.3 3.107574 12.41412 0.950823 shoemake 2025-04-09 17:41:11 
TT 510 172.7  67.7 172.7  67.7 1.71E-05 014.3 204.5  46.3 0.340454 0.347013 0.021870 shoemake 2025-04-25 21:12:49 
