NWFC- 5 sun compass orientation
      0 114.5  58.5  -1.4   0.0   1.0
NRM    126.2  12.3 126.2  12.3 4.99E-02 007.2 106.6  -3.3 602.6405 181.0448 74.47238 shoemake 2024-07-01 16:47:52 
LN2    128.8  16.3 128.8  16.3 4.82E-02 001.6 111.3  -3.2 102.3050 41.23824 75.21466 shoemake 2024-07-11 16:00:48 
TT  70 132.9  22.3 132.9  22.3 4.70E-02 001.1 118.5  -2.9 66.12231 41.08488 55.70022 shoemake 2024-07-30 19:37:45 
TT 100 130.2  19.4 130.2  19.4 4.16E-02 004.5 114.6  -2.5 287.5427 153.4759 52.19014 shoemake 2024-08-01 12:24:02 
TT 130 131.6  22.6 131.6  22.6 3.90E-02 001.5 118.0  -1.8 67.48726 63.25086 53.70515 shoemake 2024-09-07 18:01:08 
TT 160 132.5  23.5 132.5  23.5 3.78E-02 004.0 119.2  -1.9 225.6212 134.5161 41.50009 shoemake 2024-09-12 14:03:02 
TT 190 132.0  24.0 132.0  24.0 3.30E-02 005.7 119.4  -1.2 280.8337 170.6790 36.82087 shoemake 2024-09-17 15:38:14 
TT 210 133.1  25.9 133.1  25.9 3.19E-02 010.1 121.5  -0.9 485.9594 299.2333 44.02457 shoemake 2024-10-11 02:36:48 
TT 210 130.8  22.6 130.8  22.6 3.24E-02 002.3 117.6  -1.2 106.8807 57.30716 45.94866 shoemake 2024-10-14 13:05:36 
TT 240 130.3  23.1 130.3  23.1 1.53E-02 005.8 117.8  -0.5 134.5581 74.15390 18.52516 shoemake 2024-10-18 11:29:18 
TT 270 133.9  27.9 133.9  27.9 1.19E-02 008.0 123.5  -0.3 136.3471 95.47348 22.91068 shoemake 2024-10-26 17:49:51 
TT 300 131.3  25.5 131.3  25.5 1.20E-02 002.5 120.2   0.1 45.50039 28.18307 5.241840 shoemake 2024-11-06 17:40:37 
TT 330 133.4  27.8 133.4  27.8 1.18E-02 001.7 123.2   0.0 26.60291 18.91152 15.80759 shoemake 2024-11-15 18:15:57 
TT 360 140.1  36.0 140.1  36.0 5.83E-03 053.5 133.1   0.5 425.7601 455.2666 11.29658 shoemake 2024-11-18 17:50:36 
TT 360 132.0  26.8 132.0  26.8 5.83E-03 036.5 121.6   0.4 326.7725 530.3485 14.10191 shoemake 2024-11-19 08:50:30 
TT 360 201.4 -34.3 201.4 -34.3 2.22E-08 068.9 042.4 -86.2 0.000200 0.000061 0.002910 shoemake 2024-11-20 18:06:25 
TT 360 132.2  26.6 132.2  26.6 1.17E-02 001.0 121.6   0.1 14.78378 13.54205 12.41952 shoemake 2024-11-22 23:12:06 
TT 390 132.2  26.5 132.2  26.5 1.15E-02 003.7 121.5   0.1 61.32213 40.11807 20.21860 shoemake 2024-11-25 10:34:43 
TT 420 132.1  26.6 132.1  26.6 1.09E-02 001.3 121.5   0.2 10.80373 14.02284 19.69212 shoemake 2024-11-27 00:05:47 
TT 450 132.0  26.4 132.0  26.4 9.12E-03 001.2 121.3   0.1 8.941693 11.72500 15.56656 shoemake 2024-12-05 07:09:50 
TT 450 134.7  29.9 134.7  29.9 9.20E-03 004.1 125.5   0.3 54.00441 40.41638 5.970275 shoemake 2025-02-06 05:09:15 
TT 480 136.9  33.0 136.9  33.0 1.45E-03 043.0 129.2   0.7 98.23982 120.5681 2.071729 shoemake 2025-04-09 18:05:58 
TT 480 133.7  28.9 133.7  28.9 2.91E-03 001.5 124.2   0.4 6.332198 4.793475 2.172483 shoemake 2025-04-15 15:17:46 
TT 510 134.4  41.5 134.4  41.5 1.59E-04 045.9 134.8   7.4 11.91407 11.98940 2.180342 shoemake 2025-04-25 21:37:30 
TT 510 127.8  33.9 127.8  33.9 3.16E-04 006.0 125.5   7.4 2.707070 1.982923 0.198610 shoemake 2025-05-01 17:43:06 
