NWFC- 2 sun compass orientation
      0 328.7  16.0  -1.4   0.0   1.0
NRM    013.2 -62.3 013.2 -62.3 3.92E-02 001.6 101.8 -70.2 72.82765 78.87579 28.73102 shoemake 2024-07-01 16:15:57 
LN2    010.1 -63.5 010.1 -63.5 3.89E-02 001.9 096.4 -70.3 94.45795 89.26740 21.63142 shoemake 2024-07-11 15:26:30 
TT  70 007.9 -63.9 007.9 -63.9 3.64E-02 001.7 093.4 -70.0 105.4940 35.39848 13.15962 shoemake 2024-07-30 18:53:28 
TT 100 008.3 -59.5 008.3 -59.5 2.60E-02 000.8 100.6 -66.6 27.10553 27.04521 10.40015 shoemake 2024-08-01 11:46:47 
TT 130 009.7 -47.8 009.7 -47.8 1.40E-02 003.7 113.4 -56.5 80.72857 40.57500 11.94533 shoemake 2024-09-07 17:23:57 
TT 160 009.1 -43.9 009.1 -43.9 1.09E-02 002.4 115.2 -52.7 39.59088 21.38817 6.707629 shoemake 2024-09-12 13:25:55 
TT 190 010.8 -43.0 010.8 -43.0 1.08E-02 002.4 117.6 -52.3 38.88618 24.16165 7.713744 shoemake 2024-09-17 15:01:01 
TT 210 009.7 -43.6 009.7 -43.6 1.09E-02 001.0 116.0 -52.5 14.59431 12.41590 6.245048 shoemake 2024-10-11 01:59:38 
TT 240 014.9 -40.6 014.9 -40.6 9.64E-03 002.7 123.5 -51.0 37.52881 24.32425 8.236209 shoemake 2024-10-18 10:52:19 
TT 270 009.8 -42.6 009.8 -42.6 8.93E-03 002.3 116.7 -51.6 27.17146 20.53951 12.34412 shoemake 2024-10-26 17:16:29 
TT 300 009.4 -46.4 009.4 -46.4 7.19E-03 000.5 114.0 -55.1 4.856956 5.640410 1.850347 shoemake 2024-11-06 17:03:11 
TT 330 014.2 -48.6 014.2 -48.6 5.12E-03 002.2 118.1 -58.3 16.22854 10.99179 4.436994 shoemake 2024-11-15 17:38:39 
TT 360 011.0 -44.2 011.0 -44.2 2.82E-03 001.3 117.1 -53.4 4.995613 4.185993 2.685949 shoemake 2024-11-18 17:13:12 
TT 360 060.6  15.9 060.6  15.9 9.11E-04 071.2 181.8  -0.1 5.626612 149.7765 241.7807 shoemake 2024-11-22 22:35:07 
TT 360 007.9 -45.1 007.9 -45.1 2.81E-03 001.7 113.1 -53.5 5.915498 5.682894 3.803673 shoemake 2024-11-23 20:52:34 
TT 390 012.6 -42.1 012.6 -42.1 2.12E-03 002.0 120.1 -51.8 5.188862 4.701392 3.337273 shoemake 2024-11-25 09:05:48 
TT 420 020.6 -30.1 020.6 -30.1 3.20E-04 004.3 134.0 -42.0 1.029214 2.082859 0.995466 shoemake 2024-11-26 23:28:47 
TT 450 021.8  10.8 021.8  10.8 9.84E-05 001.5 143.8  -2.1 0.064112 0.199604 0.189929 shoemake 2024-12-05 06:32:30 
TT 450 018.0  10.8 018.0  10.8 9.86E-05 009.9 140.2  -1.4 1.178841 1.282964 0.107112 shoemake 2025-02-06 02:42:39 
TT 480 017.6   8.3 017.6   8.3 1.03E-04 004.5 139.3  -3.8 0.588903 0.665474 0.074323 shoemake 2025-04-09 17:28:40 
TT 510 027.6  57.7 027.6  57.7 1.74E-05 015.9 157.7  43.3 0.373781 0.411129 0.018124 shoemake 2025-04-25 21:00:34 
