NWFC- 7 sun compass orientation
      0 94.7 106.0  -1.4   0.0   1.0
NRM    184.1  57.2 184.1  57.2 9.13E-03 007.4 202.6   8.0 44.30048 109.8643 12.03827 shoemake 2024-07-01 17:00:35 
LN2    206.4  53.1 206.4  53.1 8.52E-03 001.2 193.9  18.3 7.251569 10.98514 13.75919 shoemake 2024-07-11 16:15:22 
TT  70 210.3  51.2 210.3  51.2 8.38E-03 006.8 192.2  20.9 24.22149 96.34975 8.916865 shoemake 2024-07-30 19:55:10 
TT 100 213.7  48.2 213.7  48.2 8.24E-03 001.7 190.9  24.4 8.580698 21.78113 9.920406 shoemake 2024-08-01 12:38:48 
TT 130 224.3  42.5 224.3  42.5 7.78E-03 002.9 183.8  31.4 10.25341 36.60562 11.81566 shoemake 2024-09-07 18:15:50 
TT 160 218.5  38.4 218.5  38.4 7.64E-03 005.8 189.7  34.8 19.16811 74.40606 10.07831 shoemake 2024-09-12 14:17:47 
TT 190 226.0  36.8 226.0  36.8 7.23E-03 002.5 182.7  37.1 7.805933 29.57691 7.820692 shoemake 2024-09-17 15:53:01 
TT 210 223.7  35.4 223.7  35.4 7.20E-03 004.0 185.2  38.4 13.39527 46.70579 12.07057 shoemake 2024-10-11 02:51:46 
TT 240 234.4  31.8 234.4  31.8 3.54E-03 001.4 173.5  41.9 2.853692 7.418086 3.903520 shoemake 2024-10-18 11:44:16 
TT 270 229.2  32.0 229.2  32.0 3.02E-03 004.6 179.4  42.0 6.142736 22.81730 5.170084 shoemake 2024-10-26 18:03:21 
TT 300 233.7  31.9 233.7  31.9 3.03E-03 000.7 174.3  41.9 2.060980 3.258942 1.036895 shoemake 2024-11-06 17:55:35 
TT 330 232.1  31.3 232.1  31.3 2.98E-03 001.5 176.1  42.6 4.530574 6.329717 2.989759 shoemake 2024-11-15 18:30:42 
TT 360 229.9  31.0 229.9  31.0 2.82E-03 001.3 178.6  43.0 4.261450 4.452924 2.865082 shoemake 2024-11-18 18:05:33 
TT 360 231.3  30.9 231.3  30.9 2.82E-03 002.7 177.0  43.0 4.471766 12.79916 2.215123 shoemake 2024-11-22 23:26:53 
TT 390 229.5  30.5 229.5  30.5 2.64E-03 002.2 179.0  43.5 5.217326 7.934958 4.170285 shoemake 2024-11-25 10:49:40 
TT 420 223.5  28.7 223.5  28.7 1.87E-03 002.7 186.5  45.0 3.689053 7.642033 3.463338 shoemake 2024-11-27 00:20:43 
TT 450 211.6  20.6 211.6  20.6 1.11E-03 001.8 205.2  49.7 2.329566 2.294348 1.809714 shoemake 2024-12-05 07:24:50 
TT 450 211.2  20.5 211.2  20.5 1.13E-03 001.6 205.8  49.6 2.545355 1.922581 0.919268 shoemake 2025-02-06 05:24:13 
TT 480 194.2  13.4 194.2  13.4 8.06E-05 026.0 231.2  45.0 3.827367 4.756701 6.039748 shoemake 2025-04-09 18:20:45 
TT 480 193.9  11.2 193.9  11.2 1.58E-04 005.7 233.8  46.1 1.402595 0.767263 0.241251 shoemake 2025-04-15 15:25:21 
TT 510 190.7   9.6 190.7   9.6 1.88E-04 004.6 238.3  44.5 1.362914 0.702219 0.171213 shoemake 2025-04-25 21:52:08 
