NWFC- 6 sun compass orientation
      0 112.7  63.0  -1.4   0.0   1.0
NRM    059.5 -43.1 059.5 -43.1 1.05E-01 001.5 026.6  12.2 111.1367 241.1285 115.6444 shoemake 2024-07-01 16:54:08 
LN2    052.9 -45.7 052.9 -45.7 9.89E-02 006.8 021.1  12.3 483.4210 1072.457 138.9036 shoemake 2024-07-11 16:08:47 
TT  70 056.8 -43.6 056.8 -43.6 9.37E-02 003.8 024.6  12.8 231.3699 585.7341 46.73052 shoemake 2024-07-30 19:46:22 
TT 100 059.4 -41.7 059.4 -41.7 7.87E-02 000.6 027.3  13.4 57.40921 54.94357 62.34742 shoemake 2024-08-01 12:31:20 
TT 130 054.7 -41.1 054.7 -41.1 5.57E-02 007.4 024.5  15.7 305.0916 658.7677 42.86023 shoemake 2024-09-07 18:08:28 
TT 160 050.7 -41.8 050.7 -41.8 4.85E-02 003.2 021.4  16.5 96.92796 254.8303 27.51275 shoemake 2024-09-12 14:10:20 
TT 190 056.9 -36.6 056.9 -36.6 3.60E-02 002.1 028.4  18.7 67.88276 116.7639 21.92118 shoemake 2024-09-17 15:45:32 
TT 210 055.3 -36.7 055.3 -36.7 3.34E-02 005.6 027.2  19.3 137.9584 298.4966 22.11200 shoemake 2024-10-11 02:44:12 
TT 240 048.2 -37.9 048.2 -37.9 1.23E-02 001.2 021.3  20.8 8.775531 24.85508 8.565666 shoemake 2024-10-18 11:36:49 
TT 270 061.8 -31.3 061.8 -31.3 9.71E-03 008.1 035.2  20.8 83.80337 108.3873 19.39492 shoemake 2024-10-26 17:56:39 
TT 300 059.3 -33.4 059.3 -33.4 9.78E-03 001.8 032.0  20.3 17.33717 24.20609 8.150143 shoemake 2024-11-06 17:47:59 
TT 330 057.0 -34.1 057.0 -34.1 9.57E-03 001.4 030.0  20.8 13.26390 17.51002 11.62427 shoemake 2024-11-15 18:23:13 
TT 360 056.4 -34.1 056.4 -34.1 4.71E-03 062.0 029.5  21.0 409.3502 231.7321 180.7039 shoemake 2024-11-18 17:57:57 
TT 360 016.3  57.7 016.3  57.7 1.24E-09 059.9 186.6  59.0 0.000084 0.000084 0.000131 shoemake 2024-11-19 08:53:00 
TT 360 039.9 -44.3 039.9 -44.3 1.79E-09 047.0 012.8  17.0 0.000123 0.000127 0.000060 shoemake 2024-11-20 18:08:56 
TT 360 055.4 -35.0 055.4 -35.0 9.41E-03 005.0 028.2  20.7 41.29436 71.67863 8.826649 shoemake 2024-11-22 23:19:24 
TT 390 057.3 -33.9 057.3 -33.9 9.15E-03 002.3 030.3  20.8 17.99111 29.98925 13.95448 shoemake 2024-11-25 10:42:05 
TT 420 055.1 -34.7 055.1 -34.7 7.98E-03 002.2 028.2  21.1 14.01000 25.57899 13.95009 shoemake 2024-11-27 00:13:09 
TT 450 047.7 -36.7 047.7 -36.7 5.93E-03 005.1 021.5  22.1 23.21723 47.12894 8.804183 shoemake 2024-12-05 07:17:12 
TT 450 061.6 -26.9 061.6 -26.9 5.52E-03 025.0 037.9  24.4 227.9591 121.2061 4.384679 shoemake 2025-02-06 05:16:37 
TT 450 041.6 -36.4 041.6 -36.4 5.57E-03 023.1 016.6  24.2 65.07785 228.9288 3.905488 shoemake 2025-02-07 00:51:46 
TT 450 054.5 -33.5 054.5 -33.5 6.00E-03 006.6 028.4  22.4 32.33702 61.77615 4.593583 shoemake 2025-02-10 17:51:45 
TT 480 051.0 -29.1 051.0 -29.1 9.99E-04 002.5 027.9  27.7 2.059981 4.161194 0.910334 shoemake 2025-04-09 18:13:16 
TT 510 043.4 -20.4 043.4 -20.4 3.73E-04 005.2 025.1  38.5 1.399730 3.196800 0.293383 shoemake 2025-04-25 21:44:50 
