NWFC- 8 sun compass orientation
      0 342.7  70.5  -1.4   0.0   1.0
NRM    032.6  74.5 032.6  74.5 5.67E-02 000.9 170.0   7.4 29.60948 54.55800 66.21053 shoemake 2024-07-01 17:09:00 
LN2    055.6  77.8 055.6  77.8 5.50E-02 001.6 176.4   7.8 32.22924 131.3368 74.64570 shoemake 2024-07-11 16:24:03 
TT  70 034.4  75.8 034.4  75.8 5.23E-02 005.2 171.2   8.2 86.51002 471.9256 40.23301 shoemake 2024-07-30 20:06:48 
TT 100 051.1  78.1 051.1  78.1 4.98E-02 002.9 175.6   8.4 33.65810 246.8888 50.10191 shoemake 2024-08-01 12:48:41 
TT 130 002.4  66.4 002.4  66.4 2.77E-02 009.0 157.5  10.3 167.9654 407.5522 27.88503 shoemake 2024-09-07 18:25:44 
TT 160 018.8  75.3 018.8  75.3 2.34E-02 004.2 168.0  10.5 32.16644 168.5415 23.70079 shoemake 2024-09-12 14:27:40 
TT 190 009.9  71.9 009.9  71.9 2.12E-02 002.1 163.7  10.6 32.87208 70.65252 21.78420 shoemake 2024-09-17 16:02:55 
TT 210 018.4  75.0 018.4  75.0 2.04E-02 008.3 167.7  10.4 59.95063 289.6844 21.11024 shoemake 2024-10-11 03:01:32 
TT 210 008.2  69.9 008.2  69.9 1.03E-02 042.3 161.6  10.0 1027.581 340.9679 191.9660 shoemake 2024-10-14 13:15:35 
TT 210 010.6  71.9 010.6  71.9 2.05E-02 000.9 163.8  10.4 13.30096 16.58862 25.78624 shoemake 2024-10-14 14:22:46 
TT 240 013.1  74.1 013.1  74.1 8.81E-03 005.4 166.1  11.0 17.32594 79.85182 12.92695 shoemake 2024-10-18 11:54:07 
TT 270 015.5  75.2 015.5  75.2 7.31E-03 009.3 167.4  11.1 24.85403 115.9030 15.49535 shoemake 2024-10-26 18:12:10 
TT 300 008.8  71.6 008.8  71.6 7.32E-03 000.7 163.2  10.7 4.374163 7.445779 5.174090 shoemake 2024-11-06 18:05:32 
TT 330 005.8  70.4 005.8  70.4 7.10E-03 003.4 161.7  11.0 12.37833 39.80276 9.882213 shoemake 2024-11-15 18:40:27 
TT 360 009.5  72.3 009.5  72.3 6.07E-03 003.1 164.0  10.9 9.417128 31.06742 8.184338 shoemake 2024-11-18 18:15:23 
TT 360 076.3  70.5 076.3  70.5 5.92E-03 015.4 181.2  -0.0 5.156347 109.4911 120.4654 shoemake 2024-11-22 23:36:38 
TT 390 005.2  70.7 005.2  70.7 5.08E-03 001.5 161.9  11.3 6.225030 7.699053 9.563453 shoemake 2024-11-25 10:59:31 
TT 420 009.5  71.0 009.5  71.0 2.58E-03 002.5 162.8  10.2 3.047627 9.265312 5.923253 shoemake 2024-11-27 00:30:35 
TT 450 011.0  72.9 011.0  72.9 1.22E-03 001.5 164.7  10.8 1.059449 2.000396 2.530164 shoemake 2024-12-05 07:34:46 
TT 450 000.4  66.1 000.4  66.1 1.23E-03 005.1 156.9  10.9 5.022803 9.890235 1.009689 shoemake 2025-02-06 05:34:03 
TT 480 354.5  43.4 354.5  43.4 7.34E-05 006.1 134.4   5.1 0.525941 0.624438 0.054769 shoemake 2025-04-09 18:30:38 
TT 510 345.7  65.3 345.7  65.3 7.15E-05 008.1 154.2  16.4 0.475956 0.924291 0.083220 shoemake 2025-04-25 22:02:04 
