NWFC- 8 sun compass orientation
      0 138.7  70.5  -1.4   0.0   1.0
NRM    102.6  79.9 102.6  79.9 8.39E-02 001.6 185.1  10.7 71.78175 98.20563 214.6987 shoemake 2024-07-01 17:17:29 
LN2    038.9  80.5 038.9  80.5 8.17E-02 003.2 174.6  11.5 81.83496 414.9483 194.2977 shoemake 2024-07-11 16:34:14 
TT  70 049.2  80.9 049.2  80.9 7.72E-02 002.0 176.3  11.1 40.71786 234.2992 145.4442 shoemake 2024-07-30 20:18:23 
TT 100 049.2  80.9 049.2  80.9 7.61E-02 004.0 176.3  11.1 46.95756 510.5755 150.1144 shoemake 2024-08-01 12:58:28 
TT 130 010.4  77.8 010.4  77.8 3.76E-02 005.6 168.9  13.5 49.00420 358.0616 74.77320 shoemake 2024-09-07 18:35:25 
TT 160 003.5  75.1 003.5  75.1 3.17E-02 004.1 165.7  13.7 42.68789 216.7046 60.67533 shoemake 2024-09-12 14:37:26 
TT 190 001.6  74.3 001.6  74.3 3.04E-02 001.5 164.7  13.8 20.01724 53.14327 60.73910 shoemake 2024-09-17 16:12:41 
TT 210 009.7  78.1 009.7  78.1 3.00E-02 001.6 169.1  13.8 24.41262 30.90218 73.65802 shoemake 2024-10-11 03:11:30 
TT 240 012.3  79.2 012.3  79.2 1.55E-02 004.6 170.3  13.9 14.63407 121.2280 28.56808 shoemake 2024-10-18 12:04:06 
TT 270 008.2  78.6 008.2  78.6 1.29E-02 004.1 169.4  14.3 14.61946 87.99124 26.22793 shoemake 2024-10-27 06:14:35 
TT 300 090.6  -7.9 090.6  -7.9 1.80E-09 067.4 238.6 -69.1 0.000237 0.000199 0.000242 shoemake 2024-11-06 18:15:29 
TT 300 004.7  76.9 004.7  76.9 1.29E-02 003.4 167.5  14.2 13.68958 73.45100 16.39948 shoemake 2024-11-11 12:18:34 
TT 330 000.9  75.9 000.9  75.9 1.19E-02 002.9 166.2  14.6 14.65725 54.92447 21.91938 shoemake 2024-11-15 18:50:18 
TT 360 281.5  77.7 281.5  77.7 2.29E-09 035.7 173.2  30.1 0.000087 0.000097 0.000100 shoemake 2024-11-18 18:25:13 
TT 360 307.7 -61.3 307.7 -61.3 7.94E-10 049.8 023.2  -1.9 0.000051 0.000062 0.000039 shoemake 2024-11-19 09:03:13 
TT 360 291.1 -43.5 291.1 -43.5 1.99E-09 065.0 028.2  17.8 0.000217 0.000059 0.000131 shoemake 2024-11-20 18:19:06 
TT 360 002.3  76.2 002.3  76.2 8.38E-03 006.0 166.6  14.4 25.07963 83.58403 16.85086 shoemake 2024-11-22 23:46:31 
TT 390 010.2  79.1 010.2  79.1 6.47E-03 002.4 170.0  14.2 6.855292 19.99380 17.62502 shoemake 2024-11-25 11:09:28 
TT 420 012.6  77.4 012.6  77.4 2.03E-03 002.5 168.8  12.9 2.271464 5.075381 7.218470 shoemake 2024-11-27 00:40:30 
TT 450 358.7  71.9 358.7  71.9 9.05E-04 003.2 162.1  13.7 0.867149 3.919377 3.189994 shoemake 2024-12-05 07:44:45 
TT 450 062.6  85.0 062.6  85.0 4.57E-04 040.1 179.1  14.6 47.33108 1.376473 12.31365 shoemake 2025-02-06 05:43:58 
TT 450 008.8  79.4 008.8  79.4 4.57E-04 039.8 170.2  14.6 46.62092 8.138770 12.34982 shoemake 2025-02-07 00:56:56 
TT 450 006.7  74.6 006.7  74.6 4.60E-04 051.1 165.6  12.7 46.47281 11.92340 10.84329 shoemake 2025-02-10 17:56:54 
TT 450 002.0  76.3 002.0  76.3 4.57E-04 037.9 166.6  14.5 46.05692 10.96047 12.20792 shoemake 2025-02-12 13:32:38 
TT 450 009.7  77.5 009.7  77.5 9.16E-04 003.6 168.6  13.5 0.760643 5.534054 1.493815 shoemake 2025-02-21 10:12:31 
TT 480 006.5  39.6 006.5  39.6 3.47E-05 012.7 135.0  -4.6 0.595476 0.644176 0.018435 shoemake 2025-04-09 18:40:27 
TT 510 284.0  63.6 284.0  63.6 4.02E-05 007.4 162.1  41.1 0.430802 0.426294 0.026985 shoemake 2025-04-25 22:11:48 
