NWFC- 8 sun compass orientation
      0 138.7  70.5  -1.4   0.0   1.0
NRM    183.1  77.6 183.1  77.6 6.46E-02 000.8 171.0  10.6 43.24741 59.09220 69.54993 shoemake 2024-07-01 17:15:19 
LN2    227.4  81.5 227.4  81.5 6.26E-02 004.2 179.8  11.0 37.83310 455.6573 88.06730 shoemake 2024-07-11 16:32:02 
TT  70 202.9  80.5 202.9  80.5 5.88E-02 009.1 175.8  10.9 70.58278 935.8967 33.04712 shoemake 2024-07-30 20:15:27 
TT  70 212.7  81.1 212.7  81.1 5.89E-02 001.2 177.5  10.9 38.01554 116.2856 46.17307 shoemake 2024-07-31 09:37:05 
TT 100 256.4  80.5 256.4  80.5 5.83E-02 000.7 184.5  11.0 39.25668 43.35880 49.66129 shoemake 2024-08-01 12:56:00 
TT 130 166.6  77.1 166.6  77.1 2.98E-02 001.0 168.3  13.1 24.86629 46.92944 18.85147 shoemake 2024-09-07 18:32:59 
TT 160 170.4  78.7 170.4  78.7 2.50E-02 004.6 170.1  13.3 31.98148 196.0437 16.17159 shoemake 2024-09-12 14:34:57 
TT 190 155.9  71.5 155.9  71.5 2.38E-02 000.6 161.9  13.2 15.29497 19.49601 14.93180 shoemake 2024-09-17 16:10:13 
TT 210 163.4  76.2 163.4  76.2 2.32E-02 006.4 167.1  13.3 54.02367 253.5941 22.14452 shoemake 2024-10-11 03:08:59 
TT 240 173.2  80.1 173.2  80.1 1.16E-02 004.4 171.6  13.7 15.31548 87.02964 10.70560 shoemake 2024-10-18 12:01:39 
TT 270 161.9  76.8 161.9  76.8 9.73E-03 001.7 167.5  13.9 7.771246 18.40633 21.32699 shoemake 2024-10-26 18:58:00 
TT 300 159.2  75.7 159.2  75.7 9.72E-03 003.9 166.2  14.0 15.76474 63.91932 5.057209 shoemake 2024-11-06 18:12:58 
TT 330 169.1  80.1 169.1  80.1 8.95E-03 006.3 171.2  14.3 16.78585 96.96620 10.71538 shoemake 2024-11-15 18:47:48 
TT 360 048.7  24.9 048.7  24.9 2.06E-08 034.8 179.7  84.6 0.000086 0.000094 0.002483 shoemake 2024-11-18 18:22:43 
TT 360 113.8  -7.9 113.8  -7.9 8.24E-10 054.9 073.4  20.3 0.000057 0.000086 0.000060 shoemake 2024-11-19 09:00:41 
TT 360 071.0 -39.9 071.0 -39.9 1.57E-09 056.1 019.1  27.1 0.000184 0.000066 0.000031 shoemake 2024-11-20 18:16:36 
TT 360 168.5  79.6 168.5  79.6 6.58E-03 001.0 170.7  14.1 5.583956 10.03748 5.593792 shoemake 2024-11-22 23:44:01 
TT 390 169.6  79.7 169.6  79.7 5.18E-03 001.4 170.9  14.0 5.420640 9.045200 8.773581 shoemake 2024-11-25 11:06:57 
TT 420 169.6  77.0 169.6  77.0 1.82E-03 001.4 168.6  12.5 1.922499 2.599272 3.460079 shoemake 2024-11-27 00:37:59 
TT 450 158.5  71.9 158.5  71.9 8.83E-04 004.4 162.6  12.6 1.662519 6.478209 1.642289 shoemake 2024-12-05 07:42:14 
TT 450 164.5  75.2 164.5  75.2 8.96E-04 003.7 166.4  12.6 1.579026 5.773506 0.675217 shoemake 2025-02-06 05:41:27 
TT 480 148.6  34.0 148.6  34.0 2.91E-05 008.5 125.1   3.0 0.397210 0.354048 0.036589 shoemake 2025-04-09 18:37:57 
TT 510 104.4  55.3 104.4  55.3 3.66E-05 006.3 144.9  35.2 0.328286 0.336759 0.059553 shoemake 2025-04-25 22:09:22 
