PKS-F- 4E 
         59.0  48.0   0.0   0.0   1.0
NRM    083.1 -06.1 083.1 -06.1 7.10E-03 001.7 102.1 -22.1 14.97582 9.295180 11.75890 shoemake 2024-07-17 15:28:21 
NRM    085.0 -04.6 085.0 -04.6 7.21E-03 002.5 104.7 -22.4 25.71276 12.28767 14.28875 shoemake 2024-07-18 20:11:13 
LT1 77 084.6 -05.4 084.6 -05.4 7.65E-03 006.9 103.8 -22.6 89.67860 22.42016 4.662794 shoemake 2024-08-02 22:17:44 
LT2 77 081.7 -08.8 081.7 -08.8 7.77E-03 001.7 099.0 -22.8 22.12612 7.016861 5.818815 shoemake 2024-08-13 18:43:49 
TT  70 085.8 -04.2 085.8 -04.2 7.43E-03 002.7 105.6 -22.7 32.42642 11.85853 5.000795 shoemake 2024-08-14 20:50:20 
TT 100 087.0 -03.2 087.0 -03.2 3.82E-03 045.5 107.2 -22.8 111.9588 359.7439 158.5978 shoemake 2025-07-09 20:15:15 
TT 100 084.4 -06.1 084.4 -06.1 7.62E-03 005.9 103.1 -23.0 76.34561 19.01666 3.163590 shoemake 2025-07-10 14:39:18 
TT 160 088.2 -03.7 088.2 -03.7 6.23E-03 005.0 107.9 -24.0 50.41077 19.98091 3.431155 shoemake 2025-07-11 20:57:18 
TT 210 082.6 -09.0 082.6 -09.0 5.61E-03 004.8 099.4 -23.6 45.37471 14.74095 4.809412 shoemake 2025-07-17 14:36:26 
