PKS-F- 1K 
        160.0  55.0   0.0   0.0   1.0
NRM    148.4 -37.0 148.4 -37.0 5.41E-02 004.7 053.3 -12.4 342.1795 273.8192 95.99834 shoemake 2024-07-17 14:31:00 
NRM    147.0 -38.7 147.0 -38.7 5.49E-02 001.6 051.2 -12.6 92.24432 56.71171 130.8525 shoemake 2024-07-18 18:56:28 
LT1 77 146.5 -39.5 146.5 -39.5 5.08E-02 002.3 050.3 -12.7 149.2036 135.6520 32.67283 shoemake 2024-08-02 20:53:31 
LT2 77 148.8 -37.2 148.8 -37.2 5.00E-02 000.8 053.3 -12.8 45.97133 42.89192 38.05341 shoemake 2024-08-13 17:36:10 
TT  70 149.5 -34.2 149.5 -34.2 3.33E-02 003.2 056.2 -11.6 162.6604 95.95013 27.64546 shoemake 2024-08-14 19:43:14 
TT 100 150.7 -33.6 150.7 -33.6 3.40E-02 010.4 057.3 -12.1 523.7239 338.7004 17.20714 shoemake 2025-07-09 19:08:47 
TT 160 143.9 -38.9 143.9 -38.9 2.63E-02 006.7 049.6 -10.6 241.3230 198.3838 13.72202 shoemake 2025-07-11 19:50:46 
TT 210 143.2 -29.9 143.2 -29.9 1.76E-02 001.5 056.5 -04.7 30.32011 39.83469 13.98968 shoemake 2025-07-17 13:29:41 
