PKS-F- 5H 
         87.0  36.0   0.0   0.0   1.0
NRM    315.3  69.2 315.3  69.2 1.00E-01 002.1 215.1  65.9 250.4320 262.2828 62.42949 shoemake 2024-07-17 15:57:59 
NRM    316.2  67.9 316.2  67.9 1.02E-01 003.7 218.0  66.6 445.3867 485.1988 122.5478 shoemake 2024-07-18 20:49:56 
LT1 77 315.3  69.1 315.3  69.1 9.96E-02 003.5 215.3  65.9 391.0900 461.4693 43.61939 shoemake 2024-08-02 22:50:04 
LT2 77 314.2  68.7 314.2  68.7 9.90E-02 001.3 216.5  65.6 151.3881 154.7519 33.38730 shoemake 2024-08-13 19:18:54 
TT  70 315.4  68.8 315.4  68.8 8.54E-02 002.5 216.0  66.0 261.2902 260.7387 27.03819 shoemake 2024-08-14 21:25:56 
TT 100 316.6  68.3 316.6  68.3 8.89E-02 004.8 216.9  66.6 470.1420 581.3953 25.60163 shoemake 2025-07-09 20:49:39 
TT 160 317.0  69.3 317.0  69.3 7.85E-02 001.8 214.4  66.4 168.9807 188.7578 25.81690 shoemake 2025-07-11 21:31:49 
TT 210 322.5  67.4 322.5  67.4 3.45E-02 004.7 217.2  69.0 189.6629 216.0788 30.96691 shoemake 2025-07-17 15:11:12 
