PKS-F- 1J 
        160.0  55.0   0.0   0.0   1.0
NRM    145.2 -42.5 145.2 -42.5 4.61E-02 001.0 047.2 -13.6 38.64848 42.82138 63.98393 shoemake 2024-07-17 14:28:55 
NRM    142.9 -45.7 142.9 -45.7 4.65E-02 001.4 043.5 -14.2 70.60227 59.33287 94.13893 shoemake 2024-07-18 18:53:44 
LT1 77 148.5 -39.5 148.5 -39.5 4.28E-02 007.3 051.2 -13.9 434.3124 336.5761 26.29493 shoemake 2024-08-02 20:51:27 
LT2 77 147.5 -40.8 147.5 -40.8 4.22E-02 001.8 049.7 -14.0 94.49657 85.06008 38.14541 shoemake 2024-08-13 17:33:39 
TT  70 144.8 -41.5 144.8 -41.5 2.83E-02 003.1 047.9 -12.8 121.0638 91.22188 22.34198 shoemake 2024-08-14 19:40:47 
TT 100 142.6 -44.2 142.6 -44.2 2.94E-02 003.9 044.7 -13.1 141.6111 145.8547 11.58668 shoemake 2025-07-09 19:06:22 
TT 160 141.7 -43.5 141.7 -43.5 2.33E-02 004.3 044.8 -12.1 129.3380 122.0522 9.997569 shoemake 2025-07-11 19:48:21 
TT 210 136.6 -39.5 136.6 -39.5 1.55E-02 005.8 045.6 -06.6 123.9039 99.80407 7.833645 shoemake 2025-07-17 13:27:13 
