PKS-F- 6E 
         37.5  38.0   0.0   0.0   1.0
NRM    048.0  06.0 048.0  06.0 1.07E-01 014.2 102.1 -01.8 2616.600 576.4068 308.4052 shoemake 2024-07-17 17:48:45 
NRM    033.2 -06.0 033.2 -06.0 1.10E-01 003.4 083.1 -02.2 586.3965 97.49833 280.5580 shoemake 2024-07-18 21:12:03 
LT1 77 032.9 -06.2 032.9 -06.2 1.07E-01 006.1 082.8 -02.2 1128.700 150.9095 84.60115 shoemake 2024-08-02 23:10:08 
LT2 77 043.3  02.1 043.3  02.1 1.07E-01 004.5 096.1 -02.0 825.7823 108.8771 112.4329 shoemake 2024-08-13 19:38:55 
TT  70 038.5 -01.7 038.5 -01.7 9.45E-02 006.9 089.9 -02.1 1131.583 60.43114 98.61672 shoemake 2024-08-14 21:45:31 
TT 100 037.5 -03.0 037.5 -03.0 9.83E-02 001.8 088.4 -02.5 296.4563 64.47782 58.74901 shoemake 2025-07-09 21:09:14 
TT 160 038.8 -01.8 038.8 -01.8 7.32E-02 010.4 090.1 -02.3 1348.075 35.69546 42.08158 shoemake 2025-07-11 21:51:29 
TT 210 036.9 -02.4 036.9 -02.4 2.54E-02 013.5 088.2 -01.7 609.1739 18.68397 17.11019 shoemake 2025-07-17 15:31:01 
