PKS-F- 0A 
         77.5  32.0   0.0   0.0   1.0
NRM    319.0  09.8 319.0  09.8 2.39E-01 017.3 324.2  37.1 6192.977 4650.066 2708.891 shoemake 2024-07-17 19:09:34 
NRM    296.4  20.5 296.4  20.5 2.84E-01 002.8 293.5  37.6 1119.770 706.4813 554.4991 shoemake 2024-07-18 22:26:37 
LT1 77 297.0  17.2 297.0  17.2 2.21E-01 007.9 296.2  35.0 2596.101 2519.408 435.9569 shoemake 2024-08-03 00:07:21 
LT2 77 300.5  17.9 300.5  17.9 2.79E-01 003.3 299.3  37.2 1435.762 728.6517 157.9501 shoemake 2024-08-13 20:46:31 
TT  70 295.4  20.9 295.4  20.9 2.69E-01 002.0 292.2  37.4 805.2747 440.7741 159.9456 shoemake 2024-08-14 22:51:33 
TT 100 298.2  19.9 298.2  19.9 2.75E-01 006.5 295.7  38.0 2785.803 1403.880 198.0705 shoemake 2025-07-09 22:15:49 
TT 160 295.6  21.7 295.6  21.7 1.81E-01 007.4 291.8  38.2 2172.666 908.0550 101.9296 shoemake 2025-07-11 22:58:06 
TT 210 298.6  19.9 298.6  19.9 1.36E-01 007.5 296.0  38.1 1549.256 925.3004 67.83402 shoemake 2025-07-17 16:37:48 
