PKS-F- 0G 
         77.5  32.0   0.0   0.0   1.0
NRM    281.8  24.3 281.8  24.3 3.12E-01 007.8 277.0  33.3 4166.521 5363.086 4313.823 shoemake 2024-07-17 21:06:50 
NRM    284.4  24.1 284.4  24.1 3.75E-01 003.1 279.5  34.6 1400.203 1548.543 767.4134 shoemake 2024-07-18 22:43:05 
LT1 77 282.6  23.5 282.6  23.5 2.52E-01 007.5 278.3  33.1 3024.232 2602.798 337.9824 shoemake 2024-08-03 00:20:13 
LT2 77 281.1  26.1 281.1  26.1 3.60E-01 001.8 275.2  34.4 934.9741 712.3090 280.1721 shoemake 2024-08-13 21:01:24 
TT  70 286.0  22.6 286.0  22.6 3.09E-01 007.3 282.0  34.2 3850.634 829.4728 240.7110 shoemake 2024-08-14 23:06:12 
TT  70 283.4  24.0 283.4  24.0 3.12E-01 002.8 278.7  33.9 1461.346 402.7609 241.9758 shoemake 2024-08-15 12:21:19 
TT 100 287.4  22.2 287.4  22.2 3.21E-01 004.3 283.6  34.5 2371.085 581.7241 153.3576 shoemake 2025-07-09 22:30:31 
TT 160 280.9  26.1 280.9  26.1 1.95E-01 002.7 274.9  34.3 909.0684 272.6679 107.7475 shoemake 2025-07-11 23:12:47 
TT 210 282.4  25.6 282.4  25.6 9.25E-02 005.3 276.7  34.7 837.7094 200.5082 81.43729 shoemake 2025-07-17 16:52:34 
