PKS-F- 3K 
         78.0  73.0   0.0   0.0   1.0
NRM    230.7  00.0 230.7  00.0 1.28E-01 002.2 261.5 -25.8 441.7638 358.4757 256.0942 shoemake 2024-07-17 15:17:43 
NRM    229.8  02.6 229.8  02.6 1.31E-01 002.2 258.5 -25.8 342.4399 238.3258 320.5565 shoemake 2024-07-18 19:57:22 
LT1 77 229.8 -00.5 229.8 -00.5 1.29E-01 001.4 261.7 -26.8 236.4002 106.1274 201.7546 shoemake 2024-08-02 22:07:14 
LT2 77 228.7  01.8 228.7  01.8 1.28E-01 007.8 258.8 -27.2 1702.804 419.1455 173.4047 shoemake 2024-08-13 18:31:29 
TT  70 229.4 -02.8 229.4 -02.8 1.18E-01 003.7 264.0 -28.0 745.4603 138.1845 171.8920 shoemake 2024-08-14 20:38:16 
TT 100 226.7  03.6 226.7  03.6 1.21E-01 006.8 256.1 -28.3 1383.340 397.8724 138.8575 shoemake 2025-07-09 20:02:57 
TT 160 224.2 -06.0 224.2 -06.0 7.67E-02 008.8 265.8 -33.8 1182.153 148.7976 86.09486 shoemake 2025-07-11 20:45:03 
TT 210 224.3 -08.0 224.3 -08.0 7.24E-02 009.0 268.1 -34.3 1135.876 107.1655 101.7389 shoemake 2025-07-17 14:24:07 
