PKS-F- 3I 
         78.0  73.0   0.0   0.0   1.0
NRM    227.4  03.7 227.4  03.7 1.28E-01 001.7 256.4 -27.7 318.2474 229.8019 211.4053 shoemake 2024-07-17 15:13:25 
NRM    229.1 -01.1 229.1 -01.1 1.31E-01 002.3 262.1 -27.7 410.5684 256.9070 245.5917 shoemake 2024-07-18 19:51:47 
LT1 77 228.2 -02.7 228.2 -02.7 1.29E-01 006.9 263.5 -29.1 1548.835 192.2218 79.99405 shoemake 2024-08-02 22:02:58 
LT2 77 227.9 -01.1 227.9 -01.1 1.29E-01 002.6 261.6 -28.8 576.0606 138.6319 102.9983 shoemake 2024-08-13 18:26:27 
TT  70 227.4 -03.4 227.4 -03.4 1.18E-01 001.6 263.9 -30.0 318.0474 91.01506 93.63487 shoemake 2024-08-14 20:33:20 
TT 100 225.9  00.6 225.9  00.6 1.22E-01 006.1 259.0 -30.2 1286.720 279.5686 57.13478 shoemake 2025-07-09 19:57:57 
TT 160 223.7 -08.7 223.7 -08.7 8.43E-02 007.5 268.7 -35.1 1099.500 126.9301 37.87033 shoemake 2025-07-11 20:40:02 
TT 210 224.3 -11.9 224.3 -11.9 8.21E-02 006.9 272.8 -35.3 979.1515 152.5948 60.04227 shoemake 2025-07-17 14:19:08 
