PKS-F- 5D 
         87.0  36.0   0.0   0.0   1.0
NRM    321.3  65.9 321.3  65.9 1.17E-01 002.8 221.7  69.1 344.8615 447.5868 99.12790 shoemake 2024-07-17 15:49:27 
NRM    328.0  69.6 328.0  69.6 1.20E-01 004.4 208.8  69.6 546.8101 747.9860 121.4258 shoemake 2024-07-18 20:38:48 
LT1 77 321.0  66.1 321.0  66.1 1.19E-01 003.0 221.1  68.9 510.2816 333.6706 98.54055 shoemake 2024-08-02 22:38:43 
LT2 77 321.1  66.8 321.1  66.8 1.19E-01 001.1 219.2  68.7 186.1772 126.8676 89.33187 shoemake 2024-08-13 19:08:51 
TT  70 320.8  66.2 320.8  66.2 1.07E-01 001.9 220.9  68.8 301.4669 176.6768 57.86095 shoemake 2024-08-14 21:14:48 
TT 100 323.8  68.3 323.8  68.3 1.11E-01 002.2 214.4  69.1 334.0909 289.8776 33.79014 shoemake 2025-07-09 20:39:45 
TT 160 321.5  66.1 321.5  66.1 1.05E-01 001.7 221.0  69.1 225.4876 233.1410 38.92472 shoemake 2025-07-11 21:21:54 
TT 210 323.9  65.4 323.9  65.4 5.88E-02 003.2 221.9  70.2 268.1894 196.1162 17.55411 shoemake 2025-07-17 15:01:11 
