PKS-F- 9C 
         54.0  28.0   0.0   0.0   1.0
NRM    011.9 -54.0 011.9 -54.0 8.90E-02 005.5 031.1 -32.0 435.0017 705.4505 219.3795 shoemake 2024-07-17 18:48:20 
NRM    137.2 -50.6 137.2 -50.6 4.83E-08 043.1 159.5 -77.9 0.003750 0.003214 0.001504 shoemake 2024-07-18 22:07:23 
NRM    013.1 -54.0 013.1 -54.0 9.00E-02 005.1 031.8 -32.3 442.1244 650.9797 167.5970 shoemake 2024-07-19 13:03:55 
NRM    016.6 -52.9 016.6 -52.9 9.00E-02 003.0 034.6 -32.2 283.3151 354.8302 172.8778 shoemake 2024-07-19 15:59:30 
LT1 77 023.7 -51.1 023.7 -51.1 8.65E-02 006.2 040.2 -32.6 634.6482 692.9398 80.92583 shoemake 2024-08-02 23:52:29 
LT2 77 023.5 -51.6 023.5 -51.6 8.61E-02 007.4 039.7 -33.0 737.1461 843.4537 87.47283 shoemake 2024-08-13 20:28:56 
TT  70 009.9 -55.3 009.9 -55.3 8.29E-02 001.0 029.2 -32.7 99.08650 72.81089 97.07208 shoemake 2024-08-14 22:34:20 
TT 100 020.5 -53.0 020.5 -53.0 8.45E-02 007.6 037.0 -33.4 693.0656 893.8026 30.77563 shoemake 2025-07-09 21:58:38 
TT 160 032.2 -54.1 032.2 -54.1 5.06E-02 007.5 043.7 -37.9 472.9116 469.4128 13.62388 shoemake 2025-07-11 22:40:48 
TT 210 032.4 -54.3 032.4 -54.3 4.34E-02 007.1 043.7 -38.1 399.8087 372.4644 13.16761 shoemake 2025-07-17 16:20:33 
