PKS-F- 3J 
         78.0  73.0   0.0   0.0   1.0
NRM    228.2  04.6 228.2  04.6 1.40E-01 003.1 255.7 -26.5 625.9536 730.6106 212.5044 shoemake 2024-07-17 15:15:33 
NRM    230.6 -01.2 230.6 -01.2 1.44E-01 002.3 262.7 -26.3 424.8538 278.0472 286.6233 shoemake 2024-07-18 19:54:34 
LT1 77 228.1  02.4 228.1  02.4 1.42E-01 002.2 258.0 -27.4 501.1372 304.7164 81.86128 shoemake 2024-08-02 22:05:06 
LT2 77 229.0 -00.6 229.0 -00.6 1.42E-01 003.1 261.5 -27.6 754.9748 152.9350 116.7166 shoemake 2024-08-13 18:28:59 
TT  70 227.9 -00.5 227.9 -00.5 1.30E-01 004.2 261.0 -28.7 952.5726 138.4657 94.21933 shoemake 2024-08-14 20:35:50 
TT 100 229.7 -06.3 229.7 -06.3 1.34E-01 001.0 267.9 -28.7 210.6606 176.6622 32.91256 shoemake 2025-07-09 20:00:26 
TT 160 225.4 -11.1 225.4 -11.1 8.79E-02 006.0 272.1 -34.0 915.8838 145.8274 31.28352 shoemake 2025-07-11 20:42:32 
TT 210 223.9 -06.4 223.9 -06.4 8.49E-02 004.8 266.1 -34.2 709.2872 135.4014 39.53599 shoemake 2025-07-17 14:21:37 
