PKS-F- 5C 
         87.0  36.0   0.0   0.0   1.0
NRM    325.7  63.6 325.7  63.6 8.00E-02 002.1 226.4  71.5 204.6127 211.1926 52.61247 shoemake 2024-07-17 15:47:24 
NRM    327.9  64.0 327.9  64.0 8.17E-02 004.1 224.2  72.3 414.2741 414.2329 69.10126 shoemake 2024-07-18 20:36:05 
LT1 77 326.5  66.0 326.5  66.0 8.28E-02 002.9 219.2  71.0 313.1992 273.1831 29.85962 shoemake 2024-08-02 22:36:38 
LT2 77 324.0  63.8 324.0  63.8 8.30E-02 001.1 226.3  70.7 138.2121 92.24875 29.26053 shoemake 2024-08-13 19:06:19 
TT  70 323.5  62.1 323.5  62.1 7.57E-02 002.2 231.6  70.9 253.0237 158.7539 17.27416 shoemake 2024-08-14 21:12:20 
TT 100 327.8  66.0 327.8  66.0 7.91E-02 003.7 218.3  71.5 352.4194 371.6491 36.37752 shoemake 2025-07-09 20:37:20 
TT 160 326.4  65.0 326.4  65.0 7.68E-02 002.9 221.9  71.3 288.0835 270.1883 41.23590 shoemake 2025-07-11 21:19:27 
TT 210 326.5  64.6 326.5  64.6 5.29E-02 002.6 223.2  71.5 183.5036 157.7331 27.32021 shoemake 2025-07-17 14:58:45 
