PKS-F- 0J 
         77.5  32.0   0.0   0.0   1.0
NRM    292.5  17.8 292.5  17.8 2.32E-01 005.6 291.3  33.3 1696.349 2478.869 1673.538 shoemake 2024-07-17 21:15:56 
NRM    287.0  21.4 287.0  21.4 2.52E-01 002.4 283.7  33.7 689.3644 597.3233 554.5513 shoemake 2024-07-18 22:51:27 
LT1 77 287.6  23.4 287.6  23.4 2.14E-01 008.9 282.9  35.6 3027.916 2685.818 438.0670 shoemake 2024-08-03 00:26:43 
LT1 77 291.5  20.3 291.5  20.3 2.30E-01 006.1 288.7  34.9 1778.064 2541.577 622.9456 shoemake 2024-08-05 12:15:52 
LT1 77 346.3 -31.6 346.3 -31.6 9.34E-02 068.0 359.2  00.4 263.5835 19505.30 14065.20 shoemake 2024-08-05 14:13:33 
LT1 77 293.0  17.6 293.0  17.6 2.44E-01 004.4 291.8  33.5 1764.852 560.1447 247.3185 shoemake 2024-08-05 14:45:07 
LT2 77 286.1  21.6 286.1  21.6 2.42E-01 002.7 282.8  33.3 1071.479 208.4184 292.4022 shoemake 2024-08-13 21:09:00 
TT  70 291.9  18.2 291.9  18.2 2.10E-01 004.7 290.5  33.4 1625.563 504.2649 278.8859 shoemake 2024-08-14 23:13:37 
TT 100 289.7  21.1 289.7  21.1 2.11E-01 014.8 286.6  34.8 5389.001 1504.853 225.3936 shoemake 2025-07-09 22:37:57 
TT 160 286.0  22.1 286.0  22.1 1.27E-01 001.1 282.3  33.7 170.7773 162.8762 139.8603 shoemake 2025-07-11 23:20:15 
TT 210 292.8  18.5 292.8  18.5 5.70E-02 003.8 291.2  34.1 334.6905 168.1537 90.26204 shoemake 2025-07-17 17:00:04 
