PKS-F- 3B 
         78.0  73.0   0.0   0.0   1.0
NRM    223.7 -01.0 223.7 -01.0 1.18E-01 003.8 260.0 -32.7 736.5554 235.0004 190.9092 shoemake 2024-07-17 14:58:36 
NRM    222.2  01.9 222.2  01.9 1.20E-01 004.5 256.1 -33.1 862.7871 312.8863 223.4343 shoemake 2024-07-18 19:32:27 
LT1 77 222.5  01.1 222.5  01.1 1.23E-01 005.2 257.1 -33.1 1074.247 297.7347 100.0589 shoemake 2024-08-02 21:48:16 
LT2 77 223.4 -01.3 223.4 -01.3 1.24E-01 004.8 260.1 -33.2 1000.221 273.8689 71.20082 shoemake 2024-08-13 18:09:02 
TT  70 223.7 -02.7 223.7 -02.7 1.16E-01 003.5 261.8 -33.3 701.5896 130.0740 99.79169 shoemake 2024-08-14 20:15:10 
TT 100 223.4 -03.5 223.4 -03.5 1.19E-01 006.4 262.6 -33.8 1319.269 258.6674 66.18157 shoemake 2025-07-09 19:40:46 
TT 160 221.7 -04.1 221.7 -04.1 9.78E-02 008.1 262.7 -35.7 1376.626 230.2749 60.71245 shoemake 2025-07-11 20:22:53 
TT 210 220.0 -02.5 220.0 -02.5 2.63E-02 047.7 260.1 -36.7 391.0741 2218.011 1677.747 shoemake 2025-07-17 14:01:54 
TT 210 221.8 -07.1 221.8 -07.1 5.25E-02 003.2 266.3 -36.5 287.5684 88.59812 26.95557 shoemake 2025-07-17 18:11:01 
