PKS-F- 0H 
         77.5  32.0   0.0   0.0   1.0
NRM    283.2  23.4 283.2  23.4 2.69E-01 008.6 278.9  33.3 3701.147 3597.050 3418.655 shoemake 2024-07-17 21:09:51 
NRM    283.3  24.4 283.3  24.4 3.12E-01 002.4 278.3  34.2 893.2505 727.3354 636.9487 shoemake 2024-07-18 22:45:51 
LT1 77 285.0  22.3 285.0  22.3 2.31E-01 008.9 281.3  33.4 3301.307 3003.778 490.2235 shoemake 2024-08-03 00:22:21 
LT1 77 287.0  21.9 287.0  21.9 2.67E-01 006.1 283.4  34.1 1937.681 3787.995 2503.058 shoemake 2024-08-05 12:12:50 
LT1 77 347.7 -32.0 347.7 -32.0 7.61E-02 074.8 000.3  00.0 388.3261 25567.29 17641.24 shoemake 2024-08-05 14:10:31 
LT1 77 287.0  22.0 287.0  22.0 3.02E-01 003.9 283.4  34.1 1951.616 592.0297 494.4401 shoemake 2024-08-05 14:41:34 
LT2 77 282.3  24.8 282.3  24.8 2.99E-01 001.3 277.1  34.0 510.5000 400.0455 329.4994 shoemake 2024-08-13 21:03:56 
TT  70 289.5  20.0 289.5  20.0 2.58E-01 005.7 287.0  33.7 2461.528 597.5728 385.4055 shoemake 2024-08-14 23:08:41 
TT 100 286.3  23.1 286.3  23.1 2.65E-01 010.1 282.0  34.7 4629.867 879.0548 330.5167 shoemake 2025-07-09 22:32:58 
TT 160 284.4  23.8 284.4  23.8 1.63E-01 001.3 279.7  34.3 239.1368 216.1499 216.1537 shoemake 2025-07-11 23:15:16 
TT 210 290.3  20.3 290.3  20.3 7.70E-02 005.2 287.6  34.4 656.3159 234.8578 133.6062 shoemake 2025-07-17 16:55:02 
