PKS-F- 9H 
         54.0  28.0   0.0   0.0   1.0
NRM    329.8 -57.1 329.8 -57.1 1.16E-01 004.7 003.7 -29.2 221.7714 872.7070 286.4331 shoemake 2024-07-17 19:04:02 
NRM    335.0 -56.8 335.0 -56.8 1.17E-01 002.2 007.0 -29.2 240.1610 304.6147 241.2041 shoemake 2024-07-18 22:21:03 
LT1 77 348.2 -54.2 348.2 -54.2 1.09E-01 003.5 015.8 -27.8 217.2527 639.6332 63.82980 shoemake 2024-08-03 00:02:58 
LT2 77 335.3 -55.3 335.3 -55.3 1.08E-01 005.9 007.4 -27.7 208.6714 1099.134 94.88306 shoemake 2024-08-13 20:41:27 
TT  70 334.6 -54.4 334.6 -54.4 9.80E-02 004.8 007.0 -26.7 107.6400 815.1894 73.72727 shoemake 2024-08-14 22:46:36 
TT 100 332.4 -55.0 332.4 -55.0 1.01E-01 002.3 005.6 -27.2 117.0735 390.1897 36.81828 shoemake 2025-07-09 22:10:50 
TT 160 339.3 -52.1 339.3 -52.1 5.15E-02 007.6 010.4 -24.8 144.6910 669.8868 19.31200 shoemake 2025-07-11 22:53:04 
TT 210 346.4 -49.9 346.4 -49.9 3.12E-02 003.2 015.7 -23.3 79.05024 160.8139 18.66533 shoemake 2025-07-17 16:32:48 
