PKS-F- 0F 
         77.5  32.0   0.0   0.0   1.0
NRM    284.2  24.7 284.2  24.7 2.94E-01 013.3 279.0  34.9 6171.017 6108.449 4010.603 shoemake 2024-07-17 21:03:52 
NRM    287.5  23.2 287.5  23.2 3.60E-01 002.6 283.1  35.4 1121.647 1100.846 729.9243 shoemake 2024-07-18 22:40:22 
LT1 77 283.6  23.2 283.6  23.2 2.47E-01 006.3 279.4  33.4 2361.891 2564.290 314.0105 shoemake 2024-08-03 00:18:06 
LT2 77 286.8  23.7 286.8  23.7 3.42E-01 002.9 282.0  35.4 1504.636 1061.763 260.7485 shoemake 2024-08-13 20:58:52 
TT  70 285.7  23.7 285.7  23.7 2.96E-01 006.6 280.9  34.9 3318.279 909.3859 199.6611 shoemake 2024-08-14 23:03:44 
TT 100 285.9  24.3 285.9  24.3 3.06E-01 007.8 280.8  35.5 4116.896 871.0756 209.8204 shoemake 2025-07-09 22:28:04 
TT 160 284.7  25.0 284.7  25.0 1.98E-01 008.2 279.1  35.4 2795.958 654.0338 131.5348 shoemake 2025-07-11 23:10:20 
TT 210 286.2  23.9 286.2  23.9 9.52E-02 002.1 281.3  35.3 306.9919 218.3048 47.15921 shoemake 2025-07-17 16:50:08 
