PKS-F- 8B 
         51.0  28.0   0.0   0.0   1.0
NRM    091.3 -15.0 091.3 -15.0 7.93E-02 006.3 120.5 -31.6 726.6507 467.4317 175.4827 shoemake 2024-07-17 18:24:16 
NRM    097.9 -12.6 097.9 -12.6 8.03E-02 005.4 128.5 -31.9 547.2637 503.1859 176.8468 shoemake 2024-07-18 21:45:21 
NRM    139.9  28.1 139.9  28.1 4.18E-02 060.1 179.2  00.1 212.2948 5777.991 4565.185 shoemake 2024-07-19 12:58:11 
NRM    096.2 -12.8 096.2 -12.8 8.04E-02 002.1 126.6 -31.4 198.4829 185.8476 165.1259 shoemake 2024-07-19 15:51:32 
LT1 77 094.2 -14.0 094.2 -14.0 8.02E-02 006.8 124.0 -31.7 792.0590 537.3123 47.79793 shoemake 2024-08-02 23:35:34 
LT2 77 092.7 -14.5 092.7 -14.5 8.08E-02 006.1 122.1 -31.7 728.1814 460.1363 53.62817 shoemake 2024-08-13 20:08:54 
TT  70 095.6 -13.5 095.6 -13.5 7.70E-02 001.0 125.7 -31.9 102.1430 76.63010 61.83630 shoemake 2024-08-14 22:14:48 
TT 100 089.6 -16.9 089.6 -16.9 7.83E-02 010.8 117.8 -32.5 1315.657 710.8609 21.54163 shoemake 2025-07-09 21:38:54 
TT 160 098.8 -11.9 098.8 -11.9 3.39E-02 002.4 129.8 -31.5 108.7077 95.41019 11.63811 shoemake 2025-07-11 22:21:01 
TT 210 098.1 -11.9 098.1 -11.9 3.18E-02 007.9 129.1 -31.3 339.8675 284.9613 20.35668 shoemake 2025-07-17 16:00:47 
