PKS-F- 0E 
         77.5  32.0   0.0   0.0   1.0
NRM    286.4  23.5 286.4  23.5 2.81E-01 009.9 281.8  35.1 3882.560 4917.146 3854.877 shoemake 2024-07-17 21:00:53 
NRM    289.5  23.1 289.5  23.1 3.32E-01 004.1 285.0  36.4 2137.197 943.3901 578.7746 shoemake 2024-07-18 22:37:39 
LT1 77 281.6  24.8 281.6  24.8 2.37E-01 009.0 276.6  33.6 3453.452 2945.998 330.4022 shoemake 2024-08-03 00:15:58 
LT1 77 289.6  22.1 289.6  22.1 2.76E-01 008.7 285.7  35.6 2848.376 4870.432 3247.240 shoemake 2024-08-05 12:09:49 
LT1 77 345.3 -31.4 345.3 -31.4 9.47E-02 072.8 358.3  00.6 674.6506 26058.41 20327.00 shoemake 2024-08-05 14:07:31 
LT1 77 290.3  22.3 290.3  22.3 3.25E-01 003.3 286.2  36.1 1734.415 687.9515 102.8064 shoemake 2024-08-05 14:35:22 
LT2 77 287.2  24.0 287.2  24.0 3.20E-01 002.7 282.1  35.9 1394.619 536.0080 206.4460 shoemake 2024-08-13 20:56:23 
TT  70 286.5  24.5 286.5  24.5 2.73E-01 005.3 281.2  36.0 2499.050 480.0682 173.4957 shoemake 2024-08-14 23:01:16 
TT 100 286.1  25.5 286.1  25.5 2.81E-01 008.4 280.1  36.5 4034.105 897.1387 86.85816 shoemake 2025-07-09 22:25:38 
TT 160 284.4  26.0 284.4  26.0 1.93E-01 004.0 278.1  36.1 1311.241 349.3548 45.31706 shoemake 2025-07-11 23:07:54 
TT 210 288.7  23.8 288.7  23.8 9.27E-02 005.4 283.7  36.5 832.5588 302.1844 69.48127 shoemake 2025-07-17 16:47:41 
