PKS-F- 4G 
         59.0  48.0   0.0   0.0   1.0
NRM    083.4 -20.7 083.4 -20.7 9.51E-03 003.9 089.9 -31.7 61.53933 15.85690 13.52428 shoemake 2024-07-17 15:32:32 
NRM    080.2 -25.8 080.2 -25.8 9.68E-03 004.0 082.9 -32.4 61.54949 21.62251 18.00936 shoemake 2024-07-18 20:16:42 
LT1 77 084.0 -20.3 084.0 -20.3 1.02E-02 006.1 090.6 -32.0 108.7844 9.696111 7.669557 shoemake 2024-08-02 22:21:52 
LT2 77 080.6 -24.7 080.6 -24.7 1.03E-02 002.6 084.3 -32.0 46.16841 7.614445 8.825365 shoemake 2024-08-13 18:48:52 
TT  70 084.4 -19.6 084.4 -19.6 9.83E-03 001.6 091.5 -31.8 25.06906 9.853445 6.492050 shoemake 2024-08-14 20:55:16 
TT 100 088.5 -15.8 088.5 -15.8 1.01E-02 006.0 098.0 -32.4 104.1087 21.46357 6.081556 shoemake 2025-07-09 20:20:07 
TT 160 083.1 -21.4 083.1 -21.4 8.02E-03 004.4 089.0 -31.9 61.24566 10.15799 4.726783 shoemake 2025-07-11 21:02:14 
TT 210 081.2 -22.7 081.2 -22.7 6.84E-03 007.9 086.6 -31.3 95.49168 8.015923 3.996238 shoemake 2025-07-17 14:41:19 
