PKS-F- 0I 
         77.5  32.0   0.0   0.0   1.0
NRM    288.2  20.3 288.2  20.3 3.44E-01 006.6 285.6  33.4 3697.418 6673.986 4774.894 shoemake 2024-07-17 21:12:53 
NRM    286.9  21.9 286.9  21.9 4.15E-01 004.7 283.3  34.0 2678.746 2899.718 570.0821 shoemake 2024-07-18 22:48:38 
LT1 77 287.4  21.2 287.4  21.2 2.69E-01 007.2 284.2  33.6 3114.751 2451.909 346.7145 shoemake 2024-08-03 00:24:31 
LT2 77 295.9  17.6 295.9  17.6 4.01E-01 005.0 294.8  34.9 3173.413 1794.275 297.4452 shoemake 2024-08-13 21:06:29 
TT  70 291.5  19.4 291.5  19.4 3.52E-01 003.0 289.3  34.3 1781.851 873.5677 330.7266 shoemake 2024-08-14 23:11:11 
TT 100 287.0  22.5 287.0  22.5 3.61E-01 007.1 283.0  34.6 4377.538 1198.295 368.1769 shoemake 2025-07-09 22:35:27 
TT 160 288.7  20.7 288.7  20.7 2.13E-01 004.7 285.9  33.9 1620.301 632.8019 151.1267 shoemake 2025-07-11 23:17:44 
TT 210 288.9  21.0 288.9  21.0 9.70E-02 005.5 285.8  34.2 866.2584 381.6228 41.38144 shoemake 2025-07-17 16:57:32 
