PKS-F- 0K 
         77.5  32.0   0.0   0.0   1.0
NRM    287.5  19.8 287.5  19.8 3.05E-01 006.7 285.2  32.5 3102.318 5360.963 3885.711 shoemake 2024-07-17 21:19:00 
NRM    285.9  22.5 285.9  22.5 3.62E-01 007.3 282.0  33.9 4350.114 1588.646 797.4917 shoemake 2024-07-18 22:54:17 
NRM    288.7  20.5 288.7  20.5 3.63E-01 003.8 285.9  33.8 1976.677 1275.565 854.6466 shoemake 2024-07-19 15:13:59 
LT1 77 287.3  21.0 287.3  21.0 2.42E-01 011.6 284.2  33.5 4643.217 3002.012 360.5419 shoemake 2024-08-03 00:28:55 
LT1 77 290.6  19.0 290.6  19.0 2.95E-01 007.8 288.7  33.5 2428.741 5943.890 3065.270 shoemake 2024-08-05 12:18:54 
LT1 77 347.8 -31.3 347.8 -31.3 7.62E-02 076.6 000.4  00.7 756.2429 30164.60 20859.97 shoemake 2024-08-05 14:16:35 
LT1 77 287.0  20.9 287.0  20.9 3.55E-01 002.2 284.0  33.2 1126.970 821.3342 229.3730 shoemake 2024-08-05 14:48:39 
LT2 77 287.0  21.3 287.0  21.3 3.45E-01 005.1 283.8  33.6 2964.706 971.6593 272.3036 shoemake 2024-08-13 21:11:31 
TT  70 289.6  19.1 289.6  19.1 3.04E-01 003.2 287.7  33.0 1569.574 650.2508 225.7687 shoemake 2024-08-14 23:16:04 
TT 100 291.3  19.0 291.3  19.0 3.11E-01 009.9 289.4  33.8 5086.453 1905.593 273.0465 shoemake 2025-07-09 22:40:28 
TT 160 284.9  22.3 284.9  22.3 1.77E-01 003.9 281.2  33.3 1141.927 416.7538 138.6584 shoemake 2025-07-11 23:22:43 
TT 210 291.7  18.8 291.7  18.8 7.89E-02 005.2 289.9  33.8 636.9740 354.7541 28.90997 shoemake 2025-07-17 17:02:36 
