PKS-F- 0M 
         77.5  32.0   0.0   0.0   1.0
NRM    283.6  20.1 283.6  20.1 2.87E-01 008.3 281.4  30.8 3480.365 5248.585 3109.601 shoemake 2024-07-17 21:25:01 
NRM    287.5  18.7 287.5  18.7 3.39E-01 002.9 286.0  31.7 1260.317 1039.590 786.8317 shoemake 2024-07-18 22:59:49 
LT1 77 286.1  20.3 286.1  20.3 2.40E-01 007.9 283.7  32.2 2953.609 2818.017 512.8220 shoemake 2024-08-03 00:33:13 
LT2 77 289.1  17.3 289.1  17.3 3.23E-01 001.2 288.3  31.2 398.8928 515.0244 350.3317 shoemake 2024-08-13 21:16:27 
TT  70 291.2  15.5 291.2  15.5 2.85E-01 005.0 291.4  30.7 2292.773 1010.753 232.0164 shoemake 2024-08-14 23:20:52 
TT 100 288.7  17.8 288.7  17.8 2.92E-01 009.4 287.7  31.5 4571.539 1582.674 289.4537 shoemake 2025-07-09 22:45:24 
TT 160 290.3  16.1 290.3  16.1 1.65E-01 002.4 290.2  30.8 643.8384 221.2302 158.0435 shoemake 2025-07-11 23:27:35 
TT 210 292.0  15.5 292.0  15.5 7.31E-02 001.4 292.2  31.1 173.3923 102.8601 40.36004 shoemake 2025-07-17 17:07:35 
