PKS-F- 4D 
         59.0  48.0   0.0   0.0   1.0
NRM    089.1  01.7 089.1  01.7 6.30E-03 001.4 112.6 -20.8 9.504355 6.462167 11.07048 shoemake 2024-07-17 15:26:15 
NRM    092.5  04.3 092.5  04.3 6.39E-03 001.9 117.2 -21.2 15.47572 10.72472 13.28494 shoemake 2024-07-18 20:08:29 
LT1 77 092.7  04.6 092.7  04.6 6.85E-03 001.1 117.5 -21.0 10.54482 8.475501 4.798397 shoemake 2024-08-02 22:15:40 
LT2 77 089.3  01.5 089.3  01.5 6.92E-03 003.8 112.6 -21.1 41.84047 19.80010 5.703421 shoemake 2024-08-13 18:41:21 
TT  70 091.5  03.4 091.5  03.4 6.60E-03 005.0 115.7 -21.1 50.99031 26.84388 4.507307 shoemake 2024-08-14 20:47:54 
TT 100 088.9  00.2 088.9  00.2 3.41E-03 056.3 111.4 -21.7 123.4566 315.1545 134.9069 shoemake 2025-07-09 20:12:50 
TT 100 089.2  00.6 089.2  00.6 6.79E-03 006.5 111.9 -21.6 71.09963 29.62534 2.978809 shoemake 2025-07-10 14:36:51 
TT 160 091.6  00.2 091.6  00.2 5.67E-03 010.2 113.5 -23.5 92.17143 44.68825 2.344415 shoemake 2025-07-11 20:54:52 
TT 210 087.5 -02.8 087.5 -02.8 5.26E-03 001.2 108.0 -22.9 8.177629 10.07111 3.209186 shoemake 2025-07-17 14:34:00 
