PKS-F- 3C 
         78.0  73.0   0.0   0.0   1.0
NRM    224.0  01.4 224.0  01.4 1.08E-01 005.8 257.3 -31.7 1045.543 295.7135 144.7951 shoemake 2024-07-17 15:00:46 
NRM    226.8 -07.0 226.8 -07.0 1.10E-01 006.4 267.7 -31.6 1191.055 224.8868 203.4394 shoemake 2024-07-18 19:35:16 
NRM    223.8  01.5 223.8  01.5 1.10E-01 004.4 257.1 -31.8 785.5894 299.4610 180.2486 shoemake 2024-07-19 12:18:14 
LT1 77 224.4 -00.5 224.4 -00.5 1.13E-01 001.0 259.7 -32.0 159.5870 105.8156 56.09610 shoemake 2024-08-02 21:50:25 
LT2 77 223.6 -00.3 223.6 -00.3 1.12E-01 009.2 259.1 -32.6 1763.036 417.5923 72.91693 shoemake 2024-08-13 18:11:33 
TT  70 223.9 -01.2 223.9 -01.2 1.05E-01 006.5 260.2 -32.6 1180.717 159.3511 96.42470 shoemake 2024-08-14 20:18:42 
TT 100 224.5 -03.4 224.5 -03.4 1.08E-01 007.6 262.9 -32.8 1425.757 201.8327 26.73722 shoemake 2025-07-09 19:43:16 
TT 160 220.2  00.9 220.2  00.9 8.33E-02 005.3 256.3 -35.4 745.2046 201.7292 32.20311 shoemake 2025-07-11 20:25:22 
TT 210 220.3 -03.0 220.3 -03.0 4.08E-02 006.7 260.8 -36.6 474.9276 78.94816 35.46549 shoemake 2025-07-17 14:04:25 
