PKS-F- 3E 
         78.0  73.0   0.0   0.0   1.0
NRM    222.7  08.7 222.7  08.7 1.15E-01 008.9 249.0 -29.9 1659.924 675.5785 183.8733 shoemake 2024-07-17 15:05:03 
NRM    227.9 -03.7 227.9 -03.7 1.18E-01 003.3 264.5 -29.6 614.3434 246.2272 220.1852 shoemake 2024-07-18 19:40:50 
LT1 77 224.5  02.2 224.5  02.2 1.16E-01 011.7 256.7 -30.9 2330.977 566.8745 90.87474 shoemake 2024-08-02 21:54:39 
LT1 77 226.1 -00.9 226.1 -00.9 1.19E-01 004.6 260.7 -30.4 958.6223 107.4915 93.81470 shoemake 2024-08-05 11:42:07 
LT2 77 226.5 -02.1 226.5 -02.1 1.18E-01 006.0 262.1 -30.5 1216.526 225.7297 102.4596 shoemake 2024-08-13 18:16:28 
TT  70 226.2 -03.8 226.2 -03.8 1.10E-01 005.8 264.0 -31.3 1104.169 164.5725 74.39572 shoemake 2024-08-14 20:23:32 
TT 100 226.4 -03.8 226.4 -03.8 1.13E-01 004.1 264.1 -31.2 807.7216 162.4972 68.79572 shoemake 2025-07-09 19:48:12 
TT 160 222.1 -03.6 222.1 -03.6 8.33E-02 007.3 262.3 -35.1 1047.664 178.7519 50.60490 shoemake 2025-07-11 20:30:13 
TT 210 222.5 -05.6 222.5 -05.6 8.16E-02 008.7 264.7 -35.3 1248.253 149.3828 73.51291 shoemake 2025-07-17 14:09:22 
