PKS-F- 1D 
        160.0  55.0   0.0   0.0   1.0
NRM    155.0 -47.4 155.0 -47.4 3.19E-02 002.0 046.7 -22.1 62.47358 83.61212 51.37079 shoemake 2024-07-17 14:16:07 
NRM    162.9 -40.9 162.9 -40.9 3.03E-02 021.4 055.8 -24.1 1070.812 506.1721 69.79716 shoemake 2024-07-18 18:37:03 
NRM    155.0 -48.8 155.0 -48.8 3.23E-02 002.6 045.4 -22.7 101.0566 97.35015 60.46115 shoemake 2024-07-19 12:03:49 
LT1 77 156.1 -46.4 156.1 -46.4 3.04E-02 007.8 048.0 -22.2 323.3224 264.6256 38.13938 shoemake 2024-08-02 20:38:47 
LT2 77 157.8 -43.6 157.8 -43.6 3.02E-02 007.3 051.3 -22.0 305.0826 232.0756 40.47698 shoemake 2024-08-13 17:18:37 
TT  70 156.6 -42.2 156.6 -42.2 2.56E-02 003.0 052.2 -20.5 117.1967 63.49965 26.54823 shoemake 2024-08-14 19:26:10 
TT 100 156.9 -43.2 156.9 -43.2 2.66E-02 006.2 051.4 -21.2 231.3353 175.4493 21.77009 shoemake 2025-07-09 18:51:33 
TT 160 153.7 -46.0 153.7 -46.0 2.53E-02 004.0 047.5 -20.7 141.7845 107.0302 13.22019 shoemake 2025-07-11 19:33:35 
TT 210 148.2 -44.1 148.2 -44.1 1.71E-02 000.9 047.1 -16.4 34.87557 15.34386 7.100065 shoemake 2025-07-17 13:12:15 
