PKS-F- 5B 
         87.0  36.0   0.0   0.0   1.0
NRM    325.3  61.8 325.3  61.8 7.54E-02 002.3 232.1  71.8 219.4956 209.8100 50.47603 shoemake 2024-07-17 15:45:20 
NRM    327.5  62.7 327.5  62.7 7.73E-02 003.5 228.4  72.5 351.9510 309.5632 62.52178 shoemake 2024-07-18 20:33:21 
LT1 77 324.6  62.7 324.6  62.7 7.79E-02 002.1 229.6  71.3 257.1656 130.9657 42.41599 shoemake 2024-08-02 22:34:34 
LT2 77 324.6  63.0 324.6  63.0 7.81E-02 001.9 228.6  71.2 226.0315 109.2958 47.38102 shoemake 2024-08-13 19:03:49 
TT  70 323.7  61.6 323.7  61.6 7.22E-02 001.8 233.2  71.1 203.9982 97.71785 21.64802 shoemake 2024-08-14 21:09:54 
TT 100 326.5  63.3 326.5  63.3 7.51E-02 004.4 227.0  72.0 456.5779 358.3618 22.60622 shoemake 2025-07-09 20:34:56 
TT 160 325.1  61.3 325.1  61.3 7.38E-02 002.6 233.8  71.7 279.6286 191.0320 35.97566 shoemake 2025-07-11 21:17:02 
TT 210 325.7  62.7 325.7  62.7 5.28E-02 003.0 229.1  71.7 232.7772 153.5941 29.31894 shoemake 2025-07-17 14:56:17 
