PKS-F- 2D 
         83.5  64.0   0.0   0.0   1.0
NRM    001.1  55.4 001.1  55.4 7.02E-02 001.8 171.1  60.1 152.2339 154.1800 57.86086 shoemake 2024-07-17 14:41:40 
NRM    003.7  54.9 003.7  54.9 7.11E-02 002.9 168.0  60.1 241.8929 258.0117 69.84556 shoemake 2024-07-18 19:10:22 
LT1 77 003.2  55.6 003.2  55.6 6.77E-02 001.3 169.0  59.5 86.48861 128.1695 28.73327 shoemake 2024-08-02 21:04:06 
LT2 77 356.9  56.5 356.9  56.5 6.68E-02 000.9 176.1  59.4 69.68257 86.85992 36.50453 shoemake 2024-08-13 17:48:52 
TT  70 355.7  56.0 355.7  56.0 5.20E-02 001.1 177.3  59.9 63.19238 80.14357 24.43722 shoemake 2024-08-14 19:55:34 
TT 100 000.5  55.0 000.5  55.0 5.43E-02 004.4 171.6  60.5 108.4422 408.6718 16.84312 shoemake 2025-07-09 19:21:09 
TT 160 358.9  52.5 358.9  52.5 3.27E-02 003.5 172.4  63.1 63.48026 191.4109 9.588434 shoemake 2025-07-11 20:03:13 
TT 210 003.8  50.3 003.8  50.3 8.86E-03 075.4 164.4  64.4 394.7882 112.7569 854.7665 shoemake 2025-07-17 13:42:08 
TT 210 355.4  51.2 355.4  51.2 1.77E-02 003.4 177.0  64.7 34.11472 99.95678 6.986389 shoemake 2025-07-17 18:08:21 
