PKS-F- 6D 
         37.5  38.0   0.0   0.0   1.0
NRM    034.0 -06.5 034.0 -06.5 1.19E-01 012.2 083.4 -03.1 2531.312 265.9811 365.7554 shoemake 2024-07-17 17:45:57 
NRM    032.6 -05.6 032.6 -05.6 6.11E-02 047.7 082.9 -01.5 829.9313 6478.529 272.8047 shoemake 2024-07-18 21:09:13 
NRM    039.7 -01.8 039.7 -01.8 1.22E-01 003.3 090.8 -02.9 613.6502 55.58469 346.2127 shoemake 2024-07-19 12:30:00 
LT1 77 036.6 -04.5 036.6 -04.5 1.20E-01 001.3 086.7 -03.1 136.4537 160.1560 233.9657 shoemake 2024-08-02 23:07:59 
LT2 77 037.5 -03.6 037.5 -03.6 1.19E-01 010.0 087.9 -02.9 2082.438 135.1897 201.6033 shoemake 2024-08-13 19:36:24 
TT  70 046.2  03.0 046.2  03.0 1.07E-01 001.1 098.9 -03.1 105.0659 84.73009 175.5999 shoemake 2024-08-14 21:43:04 
TT 100 037.2 -04.1 037.2 -04.1 1.10E-01 003.5 087.4 -03.1 646.7260 61.49460 208.7841 shoemake 2025-07-09 21:06:44 
TT 160 033.4 -07.0 033.4 -07.0 7.88E-02 018.8 082.6 -03.1 2651.768 313.4902 148.9629 shoemake 2025-07-11 21:48:59 
TT 160 042.0  00.0 042.0  00.0 8.32E-02 004.8 093.7 -02.9 671.4469 69.22453 155.9169 shoemake 2025-07-12 16:18:44 
TT 210 043.3  01.4 043.3  01.4 2.17E-02 010.8 095.5 -02.6 409.1856 68.30940 38.31180 shoemake 2025-07-17 15:28:30 
