PKSH- 1L 
        335.5  23.0   0.0   0.0   1.0
NRM    140.4 -49.9 140.4 -49.9 4.90E-03 001.9 282.3 -50.7 11.79015 10.86004 4.960810 shoemake 2024-07-15 17:58:26 
LT1 77 133.3 -46.3 133.3 -46.3 4.84E-03 000.6 272.9 -50.6 3.670560 2.974574 2.602519 shoemake 2024-07-29 19:30:32 
LT2 77 131.9 -45.3 131.9 -45.3 4.77E-03 001.3 270.8 -50.2 10.27267 4.253711 3.316356 shoemake 2024-08-12 13:39:57 
TT  70 132.6 -42.0 132.6 -42.0 4.31E-03 003.1 268.7 -47.2 23.08832 2.775741 2.625049 shoemake 2024-08-22 19:14:15 
TT  70 132.2 -41.8 132.2 -41.8 4.30E-03 003.5 268.1 -47.2 26.13335 2.786359 2.608290 shoemake 2024-08-22 22:45:51 
TT 100 137.1 -42.2 137.1 -42.2 4.12E-03 001.8 272.9 -45.6 12.45887 2.862926 2.669739 shoemake 2024-08-29 14:20:30 
TT 130 136.5 -33.8 136.5 -33.8 2.55E-03 000.8 266.7 -38.6 2.780872 1.888023 1.609951 shoemake 2024-09-02 17:53:33 
TT 160 134.6 -33.1 134.6 -33.1 2.53E-03 004.9 264.6 -38.6 21.53490 3.112030 1.859615 shoemake 2024-09-04 20:05:39 
TT 190 130.4 -31.4 130.4 -31.4 2.18E-03 000.7 259.5 -38.8 2.155978 1.467672 1.301634 shoemake 2024-09-09 17:14:07 
TT 210 131.0 -27.3 131.0 -27.3 1.42E-03 002.6 257.9 -34.9 6.213309 1.568746 0.877294 shoemake 2024-09-16 12:41:56 
TT 240 133.4 -28.2 133.4 -28.2 1.41E-03 003.6 260.6 -34.7 8.581754 1.858357 0.921700 shoemake 2024-09-18 13:57:50 
TT 270 135.0 -28.0 135.0 -28.0 1.39E-03 001.0 262.1 -34.0 2.255461 0.934813 0.895578 shoemake 2024-10-04 21:06:42 
TT 300 133.8 -27.3 133.8 -27.3 1.03E-03 005.6 260.6 -33.7 9.825081 2.042081 1.070766 shoemake 2024-10-15 16:07:36 
TT 330 136.6 -27.4 136.6 -27.4 9.68E-04 003.9 263.3 -32.8 6.546484 0.839418 0.297358 shoemake 2024-10-23 19:59:33 
TT 360 173.8  55.9 173.8  55.9 1.68E-09 080.5 252.4  53.1 0.000333 0.000263 0.000715 shoemake 2025-05-21 11:45:57 
TT 360 134.9 -27.1 134.9 -27.1 9.68E-04 000.9 261.5 -33.2 1.292330 1.226685 0.467914 shoemake 2025-05-21 16:36:49 
TT 390 136.7 -56.9 136.7 -56.9 5.92E-09 049.1 287.0 -56.7 0.000169 0.000619 0.000289 shoemake 2025-05-22 14:27:48 
TT 390 024.8 -40.2 024.8 -40.2 4.40E-09 022.4 118.3 -53.8 0.000046 0.000176 0.000044 shoemake 2025-05-22 17:13:03 
TT 390 337.2 -63.8 337.2 -63.8 5.04E-09 016.1 052.0 -55.0 0.000137 0.000056 0.000047 shoemake 2025-05-23 10:53:53 
TT 390 048.4 -63.4 048.4 -63.4 4.81E-09 031.1 107.3 -80.5 0.000202 0.000238 0.000086 shoemake 2025-05-23 11:10:48 
TT 390 132.5 -25.8 132.5 -25.8 9.56E-04 000.8 258.5 -32.9 0.872082 1.044207 0.603124 shoemake 2025-05-23 11:15:54 
TT 420 136.3 -28.0 136.3 -28.0 9.51E-04 000.9 263.3 -33.5 1.156649 1.222420 0.496727 shoemake 2025-05-25 16:40:54 
TT 420 127.6 -24.7 127.6 -24.7 9.51E-04 005.7 253.1 -33.8 9.171997 2.760915 0.588374 shoemake 2025-06-18 17:03:06 
TT 450 138.7 -27.8 138.7 -27.8 1.17E-04 048.1 265.4 -32.4 0.877132 10.51927 6.684801 shoemake 2025-06-30 13:41:19 
TT 450 124.1 -22.8 124.1 -22.8 1.17E-04 048.1 248.7 -33.3 3.846947 9.773213 6.889766 shoemake 2025-06-30 18:27:30 
TT 450 115.7 -19.7 115.7 -19.7 1.17E-04 049.5 238.6 -33.4 5.484016 8.950686 6.913179 shoemake 2025-07-02 17:21:08 
