PKSH- 3F 
        245.0  24.5   0.0   0.0   1.0
NRM    216.4  20.5 216.4  20.5 7.20E-03 002.2 071.3  30.7 23.49028 13.35841 9.254228 shoemake 2024-07-15 18:27:56 
LT1 77 214.3  18.1 214.3  18.1 7.10E-03 004.9 068.1  29.3 56.27761 23.73891 4.827902 shoemake 2024-07-29 20:12:16 
LT2 77 217.7  19.0 217.7  19.0 7.06E-03 004.1 071.8  28.8 46.75755 17.78504 5.717469 shoemake 2024-08-12 14:15:23 
TT  70 212.2  13.6 212.2  13.6 6.74E-03 005.7 064.0  26.0 60.17240 29.68562 4.785677 shoemake 2024-08-22 19:48:33 
TT  70 211.7  13.5 211.7  13.5 6.74E-03 006.2 063.4  26.1 65.29590 32.83847 4.827941 shoemake 2024-08-22 23:20:03 
TT 100 212.5  13.6 212.5  13.6 6.78E-03 002.4 064.3  25.9 24.27156 16.10147 4.945757 shoemake 2024-08-29 14:55:07 
TT 130 212.5  13.1 212.5  13.1 6.59E-03 002.2 064.0  25.4 21.95800 11.79977 4.700257 shoemake 2024-09-02 18:43:45 
TT 160 212.2  13.2 212.2  13.2 6.55E-03 007.0 063.8  25.6 71.87445 35.75566 4.349368 shoemake 2024-09-04 20:39:45 
TT 190 206.4  11.2 206.4  11.2 6.32E-03 009.4 057.1  25.8 88.07352 55.56233 4.010697 shoemake 2024-09-09 18:49:27 
TT 210 214.5  13.2 214.5  13.2 6.16E-03 004.1 066.0  24.7 40.64214 18.48355 3.784508 shoemake 2024-09-16 13:16:35 
TT 240 208.9  11.5 208.9  11.5 6.15E-03 008.7 059.8  25.2 79.43594 49.43375 4.063798 shoemake 2024-09-18 14:32:33 
TT 270 213.9  08.1 213.9  08.1 2.92E-03 006.1 063.4  20.3 27.88897 14.15626 2.517351 shoemake 2024-10-04 21:41:00 
TT 300 213.0  10.0 213.0  10.0 2.62E-03 001.9 063.3  22.4 7.721747 4.148869 2.186074 shoemake 2024-10-15 16:42:09 
TT 330 211.9  09.8 211.9  09.8 2.64E-03 000.5 062.0  22.6 2.254744 1.409751 0.717453 shoemake 2024-10-23 20:41:25 
TT 360 208.0  06.2 208.0  06.2 2.43E-03 011.7 056.8  20.6 42.55843 27.51960 1.663949 shoemake 2025-05-21 12:20:36 
TT 390 210.7  06.5 210.7  06.5 2.08E-03 013.5 059.6  19.9 43.21569 24.97984 1.276253 shoemake 2025-05-22 15:07:19 
TT 390 212.7  07.1 212.7  07.1 2.13E-03 000.6 061.8  19.8 2.304471 2.688641 0.845632 shoemake 2025-05-22 17:21:53 
TT 420 215.8  07.6 215.8  07.6 2.11E-03 002.2 065.0  19.1 7.473513 3.573205 1.410628 shoemake 2025-05-26 13:44:23 
TT 420 203.8  03.4 203.8  03.4 2.09E-03 011.1 051.6  19.4 32.17146 25.54512 1.452238 shoemake 2025-06-19 11:52:08 
TT 450 192.6  46.5 192.6  46.5 2.72E-05 014.7 063.7  62.8 0.556641 0.494850 0.033368 shoemake 2025-06-30 14:15:54 
