PKSH- 3B 
        245.0  24.5   0.0   0.0   1.0
NRM    196.2 -01.5 196.2 -01.5 9.24E-03 001.6 042.4  17.0 11.94105 11.29371 21.67895 shoemake 2024-07-15 18:19:28 
LT1 77 198.5 -00.1 198.5 -00.1 9.03E-03 003.1 045.1  17.7 37.98200 31.87065 7.462910 shoemake 2024-07-29 20:00:10 
LT2 77 197.2 -00.6 197.2 -00.6 8.97E-03 000.8 043.7  17.6 7.163564 6.871959 11.73165 shoemake 2024-08-12 14:05:08 
TT  70 197.7  00.4 197.7  00.4 8.50E-03 005.4 044.5  18.4 55.18391 58.41926 7.976544 shoemake 2024-08-22 19:38:40 
TT  70 197.4  00.3 197.4  00.3 8.50E-03 005.7 044.2  18.4 58.28372 61.80469 7.992671 shoemake 2024-08-22 23:10:10 
TT 100 198.1  00.6 198.1  00.6 8.50E-03 002.4 044.9  18.5 23.35550 27.13900 7.065308 shoemake 2024-08-29 14:45:07 
TT 130 204.4  03.6 204.4  03.6 7.89E-03 004.6 052.3  19.4 48.09385 40.70850 5.794484 shoemake 2024-09-02 18:18:06 
TT 160 203.9  03.4 203.9  03.4 7.89E-03 003.6 051.7  19.4 38.59313 32.21003 5.431195 shoemake 2024-09-04 20:30:04 
TT 190 209.4  06.3 209.4  06.3 7.40E-03 007.2 058.2  20.2 79.95978 49.42205 5.228670 shoemake 2024-09-09 17:38:49 
TT 210 207.9  06.0 207.9  06.0 6.96E-03 004.9 056.6  20.4 48.98685 33.62450 4.265965 shoemake 2024-09-16 13:06:42 
TT 240 207.3  06.2 207.3  06.2 6.86E-03 010.2 056.2  20.8 101.6082 70.08953 4.604680 shoemake 2024-09-18 14:22:34 
TT 270 208.0  06.3 208.0  06.3 3.93E-03 000.7 056.9  20.7 3.422598 3.271247 2.787063 shoemake 2024-10-04 21:31:19 
TT 300 210.6  07.8 210.6  07.8 3.12E-03 004.2 060.1  21.2 19.70212 11.61350 2.639614 shoemake 2024-10-15 16:32:21 
TT 330 208.5  07.2 208.5  07.2 3.08E-03 005.2 057.7  21.4 23.29653 15.14401 0.940561 shoemake 2024-10-23 20:31:49 
TT 360 209.6  07.6 209.6  07.6 3.08E-03 001.6 058.9  21.4 7.395519 5.183836 1.109722 shoemake 2025-05-21 12:10:39 
TT 390 207.8  07.4 207.8  07.4 2.85E-03 008.6 057.1  21.8 35.95162 23.54130 1.141257 shoemake 2025-05-22 14:57:23 
TT 420 213.0  09.3 213.0  09.3 2.81E-03 007.5 063.0  21.7 32.91221 17.12442 1.213442 shoemake 2025-05-26 13:34:29 
TT 420 204.4  06.2 204.4  06.2 2.83E-03 005.2 053.2  21.8 20.89128 15.71231 1.320666 shoemake 2025-06-19 11:42:48 
TT 450 229.5  72.8 229.5  72.8 1.96E-05 021.7 138.5  64.7 0.560010 0.577494 0.017228 shoemake 2025-06-30 14:06:04 
TT 450 227.4  71.6 227.4  71.6 1.97E-05 022.0 135.4  64.9 0.584078 0.584702 0.037311 shoemake 2025-06-30 18:42:21 
TT 450 228.9  71.7 228.9  71.7 1.98E-05 021.8 135.9  64.4 0.577828 0.584860 0.036818 shoemake 2025-07-02 17:38:01 
