PKSH- 1E 
        335.5  23.0   0.0   0.0   1.0
NRM    134.6 -15.0 134.6 -15.0 5.90E-03 009.1 255.5 -22.2 89.51452 29.96903 12.37302 shoemake 2024-07-15 17:41:42 
LT1 77 132.7 -15.8 132.7 -15.8 5.98E-03 001.6 254.1 -23.7 16.60695 3.487063 7.357038 shoemake 2024-07-29 19:09:54 
LT2 77 137.1 -17.5 137.1 -17.5 5.95E-03 000.9 259.0 -23.6 5.607380 6.023710 8.856065 shoemake 2024-08-12 13:22:16 
TT  70 134.7 -18.0 134.7 -18.0 5.82E-03 006.5 257.0 -25.0 65.13286 10.84003 6.885825 shoemake 2024-08-22 18:57:11 
TT  70 136.0 -18.5 136.0 -18.5 5.84E-03 005.1 258.4 -24.9 51.80714 6.968720 6.851982 shoemake 2024-08-22 22:28:48 
TT 100 129.8 -16.8 129.8 -16.8 5.37E-03 003.8 251.7 -25.7 34.70318 8.396072 7.320479 shoemake 2024-08-29 14:03:18 
TT 130 131.6 -23.4 131.6 -23.4 3.36E-03 000.9 256.5 -31.1 5.198398 2.424122 2.066308 shoemake 2024-09-02 17:26:57 
TT 160 131.5 -24.1 131.5 -24.1 3.20E-03 005.7 256.8 -31.8 31.13355 6.712135 2.159807 shoemake 2024-09-04 19:48:28 
TT 190 139.6 -25.9 139.6 -25.9 3.31E-03 005.2 265.3 -30.3 29.91879 2.218292 1.812535 shoemake 2024-09-09 16:56:44 
TT 210 127.6 -22.1 127.6 -22.1 1.74E-03 005.1 251.9 -31.4 14.61625 5.329967 0.972530 shoemake 2024-09-16 12:24:42 
TT 240 135.8 -25.6 135.8 -25.6 1.74E-03 001.0 261.6 -31.5 2.733409 1.073711 1.018138 shoemake 2024-09-18 13:40:33 
TT 270 133.1 -24.0 133.1 -24.0 1.75E-03 001.0 258.2 -31.1 2.783204 1.702579 0.821071 shoemake 2024-10-04 20:49:29 
TT 300 132.9 -24.8 132.9 -24.8 1.41E-03 000.6 258.4 -31.9 0.853082 0.997439 1.014366 shoemake 2024-10-15 15:50:03 
TT 330 132.2 -23.8 132.2 -23.8 1.12E-03 004.7 257.2 -31.2 8.977618 2.442625 0.428178 shoemake 2024-10-23 19:42:22 
TT 360 131.6 -24.5 131.6 -24.5 1.10E-03 007.0 257.0 -32.1 13.15920 2.988393 0.547513 shoemake 2025-05-21 11:28:36 
TT 390 131.2 -24.5 131.2 -24.5 1.10E-03 006.4 256.5 -32.3 12.14782 2.818764 0.617152 shoemake 2025-05-22 14:10:24 
TT 420 133.2 -25.5 133.2 -25.5 1.10E-03 006.4 259.0 -32.4 12.05979 2.414950 0.718594 shoemake 2025-05-25 16:23:28 
TT 420 135.1 -26.3 135.1 -26.3 5.55E-04 054.2 261.3 -32.4 7.625772 49.51927 31.74179 shoemake 2025-06-18 16:46:36 
TT 420 129.3 -23.8 129.3 -23.8 1.11E-03 002.8 254.4 -32.4 5.234616 1.897454 1.097869 shoemake 2025-06-19 16:06:39 
TT 450 134.4 -24.9 134.4 -24.9 1.07E-03 004.0 260.0 -31.4 7.301388 1.873401 0.746719 shoemake 2025-06-30 13:23:55 
