PKSG- 4 mag compass orientation (IGRF corrected)
      0 239.7  11.0   0.0   0.0   1.0
NRM    057.4 -47.2 057.4 -47.2 5.14E-03 007.1 279.5 -46.5 62.34271 12.95397 5.089888 shoemake 2024-06-28 20:41:34 
LN2    065.2 -50.7 065.2 -50.7 4.19E-03 003.6 288.2 -48.4 23.25209 11.57900 5.586690 shoemake 2024-07-11 17:44:07 
LT2 77 068.3 -51.6 068.3 -51.6 4.11E-03 000.8 291.4 -48.7 4.604396 3.088573 2.274022 shoemake 2024-08-20 15:16:58 
TT  70 075.2 -55.4 075.2 -55.4 3.69E-03 001.4 299.2 -51.2 4.764492 9.901632 5.421591 shoemake 2024-08-22 20:42:21 
TT  70 074.5 -55.3 074.5 -55.3 3.70E-03 001.7 298.6 -51.2 6.585049 11.23906 5.757747 shoemake 2024-08-23 00:13:51 
TT 100 073.6 -55.0 073.6 -55.0 3.66E-03 002.3 297.7 -51.1 10.15517 11.59370 6.895795 shoemake 2024-08-29 13:07:05 
TT 130 091.8 -58.9 091.8 -58.9 3.49E-03 004.3 314.7 -52.0 13.91496 22.76333 5.787403 shoemake 2024-09-02 14:40:08 
TT 160 088.0 -58.5 088.0 -58.5 3.34E-03 001.8 311.4 -52.2 6.189790 9.147942 2.521217 shoemake 2024-09-04 19:11:51 
TT 190 086.5 -58.3 086.5 -58.3 3.42E-03 000.6 310.1 -52.2 3.054361 4.254317 3.533848 shoemake 2024-09-09 16:19:37 
TT 210 142.1 -60.3 142.1 -60.3 2.11E-03 001.5 354.2 -49.4 2.944774 5.036257 0.917124 shoemake 2024-09-16 11:47:43 
TT 240 150.5 -59.1 150.5 -59.1 2.04E-03 001.3 000.6 -48.1 2.481320 3.975304 0.904666 shoemake 2024-09-18 13:03:28 
TT 270 152.5 -57.6 152.5 -57.6 1.97E-03 001.7 002.2 -46.6 2.745371 5.001575 1.333010 shoemake 2024-10-04 20:12:41 
TT 300 159.6 -56.5 159.6 -56.5 1.95E-03 000.8 007.8 -45.6 1.874489 1.855594 1.136289 shoemake 2024-10-15 15:12:59 
TT 330 194.3 -26.8 194.3 -26.8 1.50E-03 003.0 041.4 -18.7 4.595575 6.339520 1.392733 shoemake 2024-10-23 18:38:24 
TT 360 192.9 -25.8 192.9 -25.8 1.48E-03 001.5 040.3 -17.6 3.048176 2.679325 0.734065 shoemake 2025-05-21 10:51:32 
TT 390 196.6 -24.5 196.6 -24.5 1.48E-03 006.5 043.9 -16.8 12.02526 11.84416 0.751564 shoemake 2025-05-22 13:33:14 
TT 420 197.4 -24.3 197.4 -24.3 1.49E-03 003.0 044.7 -16.7 5.792219 5.367391 0.824485 shoemake 2025-05-25 15:46:19 
TT 420 198.3 -24.2 198.3 -24.2 1.49E-03 004.1 045.6 -16.7 7.943826 7.222064 0.650992 shoemake 2025-06-18 16:11:23 
TT 450 196.8  -2.4 196.8  -2.4 8.08E-05 008.4 047.3   5.1 0.829846 1.024666 0.110872 shoemake 2025-06-30 12:46:52 
