PKSG- 6 mag compass orientation (IGRF corrected)
      0 338.7  82.0   0.0   0.0   1.0
NRM    151.5  -8.7 151.5  -8.7 6.35E-02 002.5 277.7  -8.3 220.3931 73.40131 160.7558 shoemake 2024-06-28 20:50:01 
LN2    150.8   4.2 150.8   4.2 5.67E-02 001.6 264.7  -7.2 53.98824 33.98759 149.2960 shoemake 2024-07-11 17:54:14 
LT2 77 151.5  -0.3 151.5  -0.3 5.49E-02 005.7 269.3  -7.2 538.2934 44.92705 118.1243 shoemake 2024-08-20 15:27:30 
TT  70 151.7   5.4 151.7   5.4 4.55E-02 002.8 263.6  -6.1 201.6076 47.31372 112.9151 shoemake 2024-08-22 20:52:14 
TT  70 151.7   5.6 151.7   5.6 4.53E-02 003.1 263.4  -6.1 219.3039 30.87477 112.0245 shoemake 2024-08-23 00:23:49 
TT 100 152.3   1.9 152.3   1.9 4.46E-02 004.5 267.2  -6.1 330.4494 36.66188 116.2085 shoemake 2024-08-29 13:36:11 
TT 130 152.0   4.9 152.0   4.9 4.02E-02 005.6 264.2  -5.9 386.5469 30.02976 108.2563 shoemake 2024-09-02 14:50:05 
TT 160 152.1   5.5 152.1   5.5 3.45E-02 004.3 263.6  -5.7 246.9048 29.86113 83.51948 shoemake 2024-09-04 19:21:42 
TT 190 152.5   2.6 152.5   2.6 3.49E-02 001.4 266.5  -5.8 29.21415 29.41667 83.34636 shoemake 2024-09-09 16:29:36 
TT 210 155.3   6.7 155.3   6.7 1.67E-02 004.7 262.9  -2.4 131.8591 14.37857 37.40423 shoemake 2024-09-16 11:57:31 
TT 240 155.5   7.9 155.5   7.9 1.59E-02 001.5 261.7  -2.0 20.64787 10.14853 34.37709 shoemake 2024-09-18 13:13:14 
TT 270 156.4   3.4 156.4   3.4 1.52E-02 008.8 266.3  -1.8 232.5595 19.24882 33.31655 shoemake 2024-10-04 20:22:36 
TT 300 157.0   2.8 157.0   2.8 1.46E-02 007.6 267.0  -1.3 191.8150 13.34618 31.28954 shoemake 2024-10-15 15:22:59 
TT 330 172.2  11.8 172.2  11.8 2.60E-03 003.6 259.8  14.8 15.09069 1.295223 5.807489 shoemake 2024-10-23 18:48:16 
TT 360 171.7  17.3 171.7  17.3 1.30E-03 054.3 254.1  14.7 36.99083 129.7128 35.41926 shoemake 2025-05-21 11:01:29 
TT 360 171.9  13.9 171.9  13.9 1.30E-03 053.1 257.6  14.7 29.08265 131.7327 35.36145 shoemake 2025-05-21 16:26:46 
TT 360 173.7   8.7 173.7   8.7 2.59E-03 006.3 263.2  15.9 28.10933 2.781919 5.311676 shoemake 2025-05-21 16:59:16 
TT 390 171.9  14.7 171.9  14.7 1.29E-03 055.8 256.8  14.7 30.57629 129.9033 35.06064 shoemake 2025-05-22 13:43:11 
TT 390 175.0   5.2 175.0   5.2 2.58E-03 001.0 266.9  16.8 4.079236 2.505476 1.569846 shoemake 2025-05-22 17:04:08 
TT 420 172.3  12.1 172.3  12.1 1.28E-03 056.2 259.5  14.9 24.24560 130.3471 35.16942 shoemake 2025-05-25 15:56:18 
TT 420 175.2   4.6 175.2   4.6 2.56E-03 001.0 267.6  16.9 3.924616 2.584763 1.779314 shoemake 2025-05-26 17:52:16 
TT 420 172.4   9.7 172.4   9.7 1.29E-03 052.6 262.0  14.8 18.78695 131.7075 35.27927 shoemake 2025-06-18 16:20:52 
TT 420 177.7  -8.2 177.7  -8.2 1.22E-03 041.0 281.2  17.4 62.84280 123.1789 39.13563 shoemake 2025-06-19 15:59:32 
TT 420 068.7  -8.0 068.7  -8.0 5.80E-06 082.3 140.1 -90.0 0.000202 0.000223 0.734404 shoemake 2025-06-19 16:35:43 
TT 420 174.7  -7.0 174.7  -7.0 2.40E-03 021.8 279.4  14.7 87.75666 39.49542 7.422461 shoemake 2025-06-19 16:46:54 
TT 420 174.1  13.0 174.1  13.0 2.57E-03 000.9 258.8  16.7 3.570259 3.472693 1.911701 shoemake 2025-06-19 16:51:40 
TT 450 099.1  18.3 099.1  18.3 1.56E-08 070.2 228.6 -50.1 0.005864 0.004532 0.000820 shoemake 2025-06-30 12:56:50 
TT 450 192.4  16.4 192.4  16.4 1.16E-04 070.5 255.5  34.5 2.591230 9.907506 7.027991 shoemake 2025-06-30 18:22:18 
TT 450 192.5  17.4 192.5  17.4 1.16E-04 070.4 254.4  34.6 2.762614 9.834431 7.030319 shoemake 2025-07-02 17:16:32 
