PKSG- 2 mag compass orientation (IGRF corrected)
      0 183.2  39.0   0.0   0.0   1.0
NRM    168.2 -18.7 168.2 -18.7 1.44E-02 009.8 066.8  -5.5 229.0544 98.25998 14.57941 shoemake 2024-06-28 20:18:38 
LN2    176.9 -16.1 176.9 -16.1 1.21E-02 029.8 075.0  -8.6 668.5809 169.7214 21.25128 shoemake 2024-07-11 17:18:35 
LN2    173.3 -17.8 173.3 -17.8 1.36E-02 005.0 071.2  -7.7 111.3577 36.03624 25.24015 shoemake 2024-07-12 10:42:23 
LT2 77 174.6 -16.8 174.6 -16.8 1.35E-02 005.3 072.8  -7.7 118.0544 39.14452 10.89081 shoemake 2024-08-20 14:49:20 
TT  70 177.1 -23.9 177.1 -23.9 8.00E-03 001.9 070.0 -14.7 25.12641 8.379872 6.578765 shoemake 2024-08-22 20:15:29 
TT  70 176.5 -24.4 176.5 -24.4 8.00E-03 002.6 069.3 -14.7 34.48755 11.82884 6.882615 shoemake 2024-08-22 23:46:54 
TT 100 177.2 -24.0 177.2 -24.0 7.89E-03 003.7 070.0 -14.8 47.67939 16.15432 7.889023 shoemake 2024-08-29 12:40:01 
TT 130 178.7 -28.9 178.7 -28.9 5.74E-03 005.1 067.7 -19.4 47.80108 17.72167 5.161915 shoemake 2024-09-02 14:11:19 
TT 160 181.4 -27.2 181.4 -27.2 5.67E-03 008.6 070.8 -19.7 81.58046 27.30444 4.371434 shoemake 2024-09-04 18:45:02 
TT 190 172.6 -34.3 172.6 -34.3 5.48E-03 001.7 059.8 -20.0 12.21285 9.420600 4.669242 shoemake 2024-09-09 15:52:35 
TT 210 178.9 -31.1 178.9 -31.1 4.84E-03 005.3 066.3 -21.2 41.90491 16.65214 4.660077 shoemake 2024-09-16 11:20:39 
TT 240 181.6 -29.5 181.6 -29.5 4.87E-03 001.6 069.3 -21.5 12.41445 3.675072 3.845390 shoemake 2024-09-18 12:36:16 
TT 270 184.0 -32.1 184.0 -32.1 3.40E-03 002.4 069.0 -24.9 12.76945 6.366563 3.092676 shoemake 2024-10-04 19:45:47 
TT 300 183.0 -36.6 183.0 -36.6 1.97E-03 002.7 064.8 -27.5 8.269000 4.309908 1.842194 shoemake 2024-10-15 18:39:12 
TT 330 178.5 -40.5 178.5 -40.5 1.92E-03 001.9 058.9 -27.7 5.339772 2.817652 2.316333 shoemake 2024-10-23 17:38:58 
TT 360 187.1 -35.1 187.1 -35.1 1.83E-03 001.4 068.7 -28.8 4.040826 2.188442 1.197238 shoemake 2025-05-21 10:24:13 
TT 390 185.5 -37.5 185.5 -37.5 1.65E-03 001.7 065.7 -29.5 4.390367 1.910955 1.766404 shoemake 2025-05-22 11:41:01 
TT 420 186.8 -36.1 186.8 -36.1 1.63E-03 002.3 067.7 -29.3 6.260657 2.421344 1.237792 shoemake 2025-05-25 15:19:09 
TT 420 185.8 -36.7 185.8 -36.7 1.62E-03 004.4 066.5 -29.2 11.60124 4.857250 1.175170 shoemake 2025-06-18 15:45:33 
TT 450 148.0  54.1 148.0  54.1 3.55E-06 060.5 117.3  57.4 0.442203 0.412722 0.133765 shoemake 2025-06-30 12:19:36 
TT 450 128.9  37.9 128.9  37.9 4.93E-06 050.0 076.4  61.7 0.406790 0.410325 0.020032 shoemake 2025-06-30 18:07:17 
TT 450 124.5  42.5 124.5  42.5 5.87E-06 045.0 080.4  67.1 0.402459 0.408551 0.097500 shoemake 2025-07-02 17:02:05 
