PKSG- 4 mag compass orientation (IGRF corrected)
      0 239.7  11.0   0.0   0.0   1.0
NRM    066.4 -44.7 066.4 -44.7 3.53E-03 002.0 287.0 -42.4 10.68644 6.154130 4.203879 shoemake 2024-06-28 20:35:18 
LN2    070.1 -50.3 070.1 -50.3 2.85E-03 003.1 292.5 -47.2 13.14688 7.315069 3.546953 shoemake 2024-07-11 17:37:29 
LT2 77 069.5 -50.5 069.5 -50.5 2.79E-03 002.9 292.0 -47.5 13.12693 5.326344 1.477161 shoemake 2024-08-20 15:09:26 
TT  70 091.4 -57.5 091.4 -57.5 2.64E-03 004.0 313.8 -50.7 10.07503 16.08549 3.155064 shoemake 2024-08-22 20:35:07 
TT  70 090.5 -57.5 090.5 -57.5 2.64E-03 004.5 313.0 -50.8 11.84779 17.75451 3.452298 shoemake 2024-08-23 00:06:34 
TT 100 093.0 -57.8 093.0 -57.8 2.63E-03 005.0 315.2 -50.8 13.10331 19.35239 2.976538 shoemake 2024-08-29 12:59:36 
TT 130 095.0 -58.2 095.0 -58.2 2.61E-03 003.8 317.0 -50.9 7.390948 16.64790 3.597502 shoemake 2024-09-02 14:32:46 
TT 160 103.9 -59.3 103.9 -59.3 2.54E-03 000.7 324.5 -50.9 2.685240 2.438534 1.631353 shoemake 2024-09-04 19:04:34 
TT 190 100.0 -58.4 100.0 -58.4 1.33E-03 031.9 321.1 -50.5 70.22933 56.61485 109.5018 shoemake 2024-09-09 16:12:20 
TT 190 105.5 -59.6 105.5 -59.6 1.33E-03 037.0 325.9 -51.0 74.03677 50.09253 110.3015 shoemake 2024-09-11 13:39:56 
TT 190 103.3 -59.1 103.3 -59.1 2.66E-03 002.0 324.0 -50.8 6.115840 6.924026 1.005506 shoemake 2024-09-11 13:58:23 
TT 210 144.8 -58.3 144.8 -58.3 2.12E-03 001.4 356.2 -47.3 3.236845 4.603746 1.178240 shoemake 2024-09-16 11:40:21 
TT 240 156.1 -56.7 156.1 -56.7 2.05E-03 004.4 005.0 -45.8 3.934515 15.38563 1.068822 shoemake 2024-09-18 12:56:00 
TT 270 167.1 -51.4 167.1 -51.4 1.87E-03 002.0 014.3 -40.8 3.622696 5.016477 1.894741 shoemake 2024-10-04 20:05:24 
TT 300 168.0 -50.8 168.0 -50.8 1.87E-03 001.3 015.1 -40.3 1.487292 3.732228 1.512295 shoemake 2024-10-15 15:05:39 
TT 330 195.1 -27.6 195.1 -27.6 1.79E-03 001.1 042.1 -19.6 3.142219 2.019902 1.474151 shoemake 2024-10-23 18:31:08 
TT 360 190.1 -27.0 190.1 -27.0 1.75E-03 006.9 037.5 -18.4 13.37781 16.68929 1.103763 shoemake 2025-05-21 10:44:02 
TT 390 198.5 -24.2 198.5 -24.2 1.75E-03 004.9 045.8 -16.7 11.30442 10.23627 1.259890 shoemake 2025-05-22 13:25:42 
TT 420 203.1 -23.3 203.1 -23.3 1.76E-03 001.5 050.3 -16.5 3.672507 3.127663 1.246369 shoemake 2025-05-25 15:38:56 
TT 420 198.5 -24.1 198.5 -24.1 1.76E-03 004.8 045.8 -16.6 10.92821 10.10704 0.972632 shoemake 2025-06-18 16:04:19 
TT 450 205.3   2.5 205.3   2.5 1.54E-04 011.0 056.5   8.7 2.557805 1.772994 0.158810 shoemake 2025-06-30 12:39:28 
