PKSG- 3 mag compass orientation (IGRF corrected)
      0 215.7  29.0   0.0   0.0   1.0
NRM    054.0 -13.8 054.0 -13.8 9.61E-03 003.7 292.5  -3.5 56.78743 22.08871 9.767315 shoemake 2024-06-28 20:24:55 
LN2    050.0 -12.6 050.0 -12.6 9.17E-03 004.1 288.5  -4.3 60.87359 21.65579 11.64373 shoemake 2024-07-11 17:25:09 
LT2 77 051.7 -13.4 051.7 -13.4 9.00E-03 004.2 290.4  -4.2 61.30747 24.63680 5.991403 shoemake 2024-08-20 14:56:55 
TT  70 062.0 -19.0 062.0 -19.0 6.11E-03 003.6 301.7  -4.7 30.16514 25.31911 3.540029 shoemake 2024-08-22 20:22:46 
TT  70 062.1 -19.0 062.1 -19.0 6.11E-03 003.6 301.8  -4.7 29.41230 25.45220 3.515647 shoemake 2024-08-22 23:54:09 
TT 100 056.5 -16.4 056.5 -16.4 6.04E-03 005.0 295.9  -4.7 45.20410 27.65389 4.281233 shoemake 2024-08-29 12:47:26 
TT 130 064.9 -18.0 064.9 -18.0 3.94E-03 003.3 303.8  -2.6 15.93129 17.54767 2.977759 shoemake 2024-09-02 14:18:44 
TT 160 067.5 -18.9 067.5 -18.9 3.87E-03 007.4 306.4  -2.4 39.69454 31.48610 3.389311 shoemake 2024-09-04 18:52:24 
TT 190 073.1 -20.7 073.1 -20.7 3.61E-03 004.0 312.0  -1.9 16.28413 19.21980 2.892996 shoemake 2024-09-09 15:59:57 
TT 210 069.1 -18.2 069.1 -18.2 3.35E-03 005.0 307.5  -1.1 20.08942 22.31227 2.650668 shoemake 2024-09-16 11:27:58 
TT 240 072.5 -19.3 072.5 -19.3 3.33E-03 004.5 310.9  -0.9 17.54722 20.17362 1.780501 shoemake 2024-09-18 12:43:39 
TT 270 120.2 -11.4 120.2 -11.4 1.13E-03 002.7 354.3  17.5 0.934112 5.255013 0.889946 shoemake 2024-10-04 19:53:05 
TT 300 149.7  -0.3 149.7  -0.3 8.42E-04 003.1 026.9  26.0 1.948938 4.081222 0.696940 shoemake 2024-10-15 18:46:32 
TT 330 154.7   2.1 154.7   2.1 8.85E-04 000.6 033.0  27.1 0.687266 1.298522 0.335949 shoemake 2024-10-23 18:18:49 
TT 360 157.9   2.5 157.9   2.5 7.87E-04 001.0 036.5  26.6 1.176198 1.120197 0.741792 shoemake 2025-05-21 10:31:43 
TT 390 164.1   3.3 164.1   3.3 7.25E-04 002.7 043.4  25.4 2.240126 2.751192 0.320872 shoemake 2025-05-22 13:13:25 
TT 420 168.8   4.8 168.8   4.8 7.30E-04 001.3 048.8  25.2 1.461129 1.207209 0.485516 shoemake 2025-05-25 15:26:36 
TT 420 159.4   1.2 159.4   1.2 3.64E-04 055.8 037.7  24.9 27.96012 21.57371 16.38822 shoemake 2025-06-18 15:52:37 
TT 420 166.6   4.3 166.6   4.3 7.29E-04 002.2 046.3  25.5 2.135782 2.089462 0.857021 shoemake 2025-06-19 15:50:19 
TT 450 194.6  35.7 194.6  35.7 1.21E-05 066.5 092.1  40.7 0.309899 1.025518 0.844990 shoemake 2025-06-30 12:27:07 
TT 450 204.2  42.4 204.2  42.4 2.43E-05 013.6 105.3  41.4 0.489914 0.464752 0.047202 shoemake 2025-06-30 18:14:47 
