PKSG- 1 mag compass orientation (IGRF corrected)
      0 273.7  23.5   0.0   0.0   1.0
NRM    187.5  31.1 187.5  31.1 8.26E-03 005.1 005.6  54.5 19.32545 70.69226 7.277962 shoemake 2024-06-28 20:04:06 
LN2    189.2  29.6 189.2  29.6 7.74E-03 008.3 008.0  52.9 25.92769 110.1154 8.772976 shoemake 2024-07-11 17:01:51 
LT2 77 188.9  28.9 188.9  28.9 7.71E-03 003.0 007.4  52.3 5.573142 40.64287 3.681281 shoemake 2024-08-20 14:22:16 
TT  70 186.1  23.9 186.1  23.9 6.29E-03 001.4 003.2  47.4 4.747445 15.22449 2.898888 shoemake 2024-08-22 19:58:14 
TT  70 186.3  23.9 186.3  23.9 6.30E-03 001.2 003.5  47.4 4.806569 12.75980 2.937642 shoemake 2024-08-22 23:29:43 
TT  70 187.9  23.7 187.9  23.7 6.29E-03 000.9 005.6  47.1 5.218144 7.830073 3.970880 shoemake 2024-08-27 11:44:52 
TT 100 185.9  23.6 185.9  23.6 6.23E-03 002.3 002.9  47.1 4.696083 24.41411 3.251485 shoemake 2024-08-29 12:22:53 
TT 130 188.5  21.0 188.5  21.0 4.04E-03 001.9 006.3  44.4 3.126046 13.22781 2.156003 shoemake 2024-09-02 13:54:06 
TT 160 184.7  21.0 184.7  21.0 3.99E-03 006.3 001.3  44.5 3.314613 44.00483 2.380878 shoemake 2024-09-04 18:27:58 
TT 190 183.9  21.2 183.9  21.2 3.89E-03 009.5 000.2  44.7 3.214022 64.89799 2.770576 shoemake 2024-09-09 15:35:17 
TT 210 183.5  18.5 183.5  18.5 2.99E-03 003.5 359.7  42.0 3.759050 17.86711 1.396521 shoemake 2024-09-16 11:03:15 
TT 240 184.2  18.6 184.2  18.6 2.92E-03 008.4 000.6  42.1 2.289818 43.07035 1.717131 shoemake 2024-09-18 12:18:59 
TT 270 181.3  17.7 181.3  17.7 2.84E-03 003.1 357.0  41.2 2.169425 15.12505 1.664286 shoemake 2024-10-04 19:28:36 
TT 300 181.5  14.4 181.5  14.4 1.40E-03 005.7 357.3  37.9 1.636086 13.77978 0.736676 shoemake 2024-10-15 18:22:00 
TT 330 181.6  14.5 181.6  14.5 1.22E-03 006.2 357.4  38.0 0.974911 13.24739 0.903983 shoemake 2024-10-23 17:21:41 
TT 360 178.4  13.8 178.4  13.8 1.23E-03 001.5 353.5  37.2 1.526100 2.993963 0.697035 shoemake 2025-05-21 10:07:02 
TT 390 176.9  13.3 176.9  13.3 6.05E-04 070.6 351.8  36.6 51.38426 7.418534 38.59305 shoemake 2025-05-22 11:23:44 
TT 390 025.1 -58.5 025.1 -58.5 6.93E-09 014.9 240.9 -77.4 0.000165 0.000087 0.000036 shoemake 2025-05-22 16:52:40 
TT 390 185.3  13.6 185.3  13.6 1.21E-03 001.1 002.0  37.1 1.989232 1.873065 0.267187 shoemake 2025-05-23 10:44:37 
TT 420 185.7  13.5 185.7  13.5 1.20E-03 003.1 002.4  37.0 1.485465 6.462440 0.734009 shoemake 2025-05-25 15:01:50 
TT 420 182.1  13.9 182.1  13.9 1.21E-03 002.4 358.1  37.4 1.935729 4.872520 0.984497 shoemake 2025-06-18 15:09:25 
TT 450 183.0  21.4 183.0  21.4 4.91E-05 008.8 359.1  44.9 0.451778 0.707365 0.140690 shoemake 2025-06-30 12:02:18 
