PKSG- 4 mag compass orientation (IGRF corrected)
      0 239.7  11.0   0.0   0.0   1.0
NRM    079.3 -50.4 079.3 -50.4 4.69E-03 012.2 300.7 -45.7 86.48096 52.70359 6.212061 shoemake 2024-06-28 20:39:27 
LN2    069.3 -50.5 069.3 -50.5 3.92E-03 003.6 291.8 -47.5 21.78194 10.68200 7.388337 shoemake 2024-07-11 17:41:56 
LT2 77 069.6 -50.9 069.6 -50.9 3.81E-03 005.5 292.3 -47.8 33.28730 15.21301 4.787138 shoemake 2024-08-20 15:14:26 
TT  70 082.5 -55.8 082.5 -55.8 3.46E-03 002.9 305.7 -50.4 11.47900 13.53087 7.554768 shoemake 2024-08-22 20:39:56 
TT  70 083.3 -55.9 083.3 -55.9 3.46E-03 002.4 306.4 -50.4 8.966241 12.28709 7.824685 shoemake 2024-08-23 00:11:26 
TT 100 079.2 -55.3 079.2 -55.3 3.43E-03 003.4 302.6 -50.4 15.50702 13.43923 8.970000 shoemake 2024-08-29 13:04:37 
TT 130 089.1 -57.6 089.1 -57.6 3.33E-03 003.3 311.9 -51.1 11.13092 16.06265 8.693514 shoemake 2024-09-02 14:37:39 
TT 160 094.6 -58.5 094.6 -58.5 3.20E-03 000.8 316.8 -51.3 2.539642 2.787368 4.855799 shoemake 2024-09-04 19:09:23 
TT 190 088.4 -57.7 088.4 -57.7 3.29E-03 001.4 311.4 -51.3 4.416592 6.451317 6.138994 shoemake 2024-09-09 16:17:10 
TT 210 148.1 -59.8 148.1 -59.8 2.16E-03 001.2 358.8 -48.8 2.586743 4.148767 2.667877 shoemake 2024-09-16 11:45:17 
TT 240 153.6 -58.5 153.6 -58.5 2.11E-03 002.3 003.0 -47.5 1.488354 8.365307 2.186571 shoemake 2024-09-18 13:01:00 
TT 270 160.5 -56.5 160.5 -56.5 2.00E-03 000.7 008.5 -45.7 2.131140 1.777162 1.135717 shoemake 2024-10-04 20:10:14 
TT 300 163.2 -55.9 163.2 -55.9 1.97E-03 001.5 010.7 -45.1 1.590700 4.692174 2.003341 shoemake 2024-10-15 15:10:31 
TT 330 197.9 -28.5 197.9 -28.5 1.61E-03 000.6 044.5 -20.9 0.963186 1.817199 1.083518 shoemake 2024-10-23 18:35:57 
TT 360 199.1 -27.8 199.1 -27.8 1.57E-03 008.1 045.8 -20.4 16.08922 15.54954 0.701687 shoemake 2025-05-21 10:49:00 
TT 390 196.1 -27.0 196.1 -27.0 1.59E-03 004.3 043.1 -19.2 8.398438 8.778344 0.690434 shoemake 2025-05-22 13:30:42 
TT 420 204.5 -25.6 204.5 -25.6 1.59E-03 004.7 051.2 -19.0 10.28993 8.406839 0.649037 shoemake 2025-05-25 15:43:50 
TT 420 199.9 -26.5 199.9 -26.5 1.58E-03 007.6 046.7 -19.2 15.58573 14.53381 0.864903 shoemake 2025-06-18 16:09:00 
TT 450 204.1   2.4 204.1   2.4 7.86E-05 007.0 055.3   8.7 0.812838 0.767255 0.046359 shoemake 2025-06-30 12:44:23 
