PKSG- 6 mag compass orientation (IGRF corrected)
      0 338.7  82.0   0.0   0.0   1.0
NRM    145.1   7.3 145.1   7.3 6.28E-02 017.4 260.7 -12.3 1946.836 296.2432 67.38543 shoemake 2024-06-28 20:52:03 
NRM    146.3   3.2 146.3   3.2 6.49E-02 004.7 265.0 -11.8 521.7558 48.93329 83.11045 shoemake 2024-07-01 11:19:47 
LN2    148.5  -1.6 148.5  -1.6 5.57E-02 005.3 270.2 -10.3 511.9274 36.34753 86.12057 shoemake 2024-07-11 17:56:24 
LT2 77 147.9   3.9 147.9   3.9 5.40E-02 006.5 264.6 -10.1 611.0595 85.03549 52.86517 shoemake 2024-08-20 15:29:59 
TT  70 149.1   3.7 149.1   3.7 4.37E-02 006.1 264.9  -9.0 468.6079 23.03562 45.03183 shoemake 2024-08-22 20:54:42 
TT  70 148.9   4.8 148.9   4.8 4.36E-02 007.3 263.8  -9.0 559.3826 31.48990 45.86239 shoemake 2024-08-23 00:26:18 
TT 100 148.9   5.3 148.9   5.3 4.31E-02 006.6 263.3  -8.9 497.9068 29.19994 50.77100 shoemake 2024-08-29 13:38:38 
TT 130 149.7   3.7 149.7   3.7 3.93E-02 002.9 265.0  -8.4 199.6620 42.99579 50.08464 shoemake 2024-09-02 14:52:31 
TT 160 149.9   2.9 149.9   2.9 3.34E-02 005.1 265.9  -8.3 295.9986 25.81567 40.29209 shoemake 2024-09-04 19:24:06 
TT 190 150.2   0.2 150.2   0.2 3.36E-02 001.6 268.6  -8.4 88.62372 25.97211 29.69484 shoemake 2024-09-09 16:32:03 
TT 210 152.7  10.7 152.7  10.7 1.56E-02 001.4 258.5  -4.3 35.55909 9.554060 14.04530 shoemake 2024-09-16 12:00:02 
TT 240 155.1  -1.3 155.1  -1.3 1.49E-02 001.9 270.8  -3.7 48.54810 9.074160 10.11718 shoemake 2024-09-18 13:15:43 
TT 270 154.6   5.0 154.6   5.0 1.44E-02 004.4 264.5  -3.4 111.0222 11.11884 11.46505 shoemake 2024-10-04 20:25:03 
TT 300 155.7   1.1 155.7   1.1 1.35E-02 001.3 268.5  -2.8 28.49850 8.543866 12.43059 shoemake 2024-10-15 15:25:26 
TT 330 174.0   9.8 174.0   9.8 2.47E-03 001.2 262.1  16.3 1.899350 1.634534 4.442288 shoemake 2024-10-23 18:50:41 
TT 360 174.5  15.0 174.5  15.0 2.45E-03 003.8 256.7  17.2 15.95742 3.490000 1.529696 shoemake 2025-05-21 11:03:56 
TT 390 174.8  11.8 174.8  11.8 2.45E-03 000.9 260.1  17.3 3.678624 1.658424 1.481935 shoemake 2025-05-22 13:45:39 
TT 420 175.0  10.4 175.0  10.4 2.44E-03 002.6 261.5  17.4 11.10194 1.993440 1.440369 shoemake 2025-05-25 15:58:44 
TT 420 174.8  16.2 174.8  16.2 2.43E-03 009.1 255.5  17.6 37.71904 9.614007 1.187760 shoemake 2025-06-18 16:23:11 
TT 450 193.6  17.1 193.6  17.1 5.35E-04 011.7 254.6  35.6 10.73143 2.671205 0.626372 shoemake 2025-06-30 12:59:16 
