PKSG- 1 mag compass orientation (IGRF corrected)
      0 273.7  23.5   0.0   0.0   1.0
NRM    186.6  30.0 186.6  30.0 1.05E-02 003.6 004.2  53.5 20.54233 62.36838 9.452626 shoemake 2024-06-28 20:02:00 
LN2    167.3  30.1 167.3  30.1 9.95E-03 010.2 336.5  52.3 72.82756 163.9393 12.76140 shoemake 2024-07-11 16:59:41 
LT2 77 186.6  27.7 186.6  27.7 9.90E-03 002.4 004.1  51.2 7.561619 41.72571 5.474663 shoemake 2024-08-20 14:19:44 
TT  70 184.2  24.2 184.2  24.2 7.76E-03 002.3 000.7  47.7 12.14428 27.30932 9.651520 shoemake 2024-08-22 19:55:50 
TT  70 179.8  24.6 179.8  24.6 7.72E-03 006.5 354.7  48.0 19.66174 84.81585 9.602653 shoemake 2024-08-22 23:27:19 
TT  70 185.3  21.8 185.3  21.8 8.39E-03 000.8 002.1  45.3 6.501999 8.374126 6.376803 shoemake 2024-08-27 11:42:23 
TT 100 186.1  21.6 186.1  21.6 8.32E-03 002.6 003.1  45.1 6.300708 37.37937 3.827331 shoemake 2024-08-29 12:20:24 
TT 130 185.7  18.2 185.7  18.2 5.42E-03 000.8 002.6  41.7 4.409668 5.846616 2.578886 shoemake 2024-09-02 13:51:37 
TT 160 184.4  18.1 184.4  18.1 5.39E-03 003.6 000.9  41.6 4.344682 33.83535 2.544586 shoemake 2024-09-04 18:25:30 
TT 190 181.7  18.1 181.7  18.1 5.30E-03 004.5 357.5  41.6 5.437622 41.54513 2.371151 shoemake 2024-09-09 15:32:50 
TT 210 184.1  15.5 184.1  15.5 3.94E-03 003.0 000.5  39.0 4.508314 19.95402 2.608651 shoemake 2024-09-16 11:00:48 
TT 240 179.8  15.4 179.8  15.4 3.90E-03 004.2 355.2  38.8 4.890269 28.27332 1.865438 shoemake 2024-09-18 12:16:32 
TT 270 184.2  15.0 184.2  15.0 3.83E-03 002.3 000.6  38.5 3.777702 14.49556 2.863655 shoemake 2024-10-04 19:26:09 
TT 300 178.8  11.8 178.8  11.8 1.87E-03 004.2 354.1  35.2 2.781246 13.48670 1.011839 shoemake 2024-10-15 18:19:33 
TT 330 175.2  11.1 175.2  11.1 1.61E-03 001.1 349.9  34.3 0.851505 2.845949 1.135422 shoemake 2024-10-23 17:19:14 
TT 360 181.7  10.9 181.7  10.9 1.61E-03 002.2 357.6  34.4 1.911661 6.042486 0.840817 shoemake 2025-05-21 10:04:30 
TT 390 186.6  10.9 186.6  10.9 1.59E-03 001.0 003.5  34.4 1.838328 2.560456 0.819775 shoemake 2025-05-22 11:21:12 
TT 420 187.7  10.9 187.7  10.9 1.58E-03 002.4 004.7  34.3 1.959834 6.444447 0.982803 shoemake 2025-05-25 14:59:20 
TT 420 184.1  11.1 184.1  11.1 1.58E-03 004.7 000.5  34.6 2.449575 12.97311 1.159036 shoemake 2025-06-18 15:07:04 
TT 450 182.7  11.2 182.7  11.2 1.41E-04 002.8 358.8  34.7 0.544094 0.589694 0.362598 shoemake 2025-06-30 11:59:48 
