PKSG- 1 mag compass orientation (IGRF corrected)
      0 273.7  23.5   0.0   0.0   1.0
NRM    181.8  32.1 181.8  32.1 1.04E-02 007.0 357.2  55.6 18.81135 127.2500 10.30028 shoemake 2024-06-28 20:06:13 
LN2    184.5  29.8 184.5  29.8 1.01E-02 001.9 001.1  53.3 21.49964 25.45709 8.085687 shoemake 2024-07-11 17:04:01 
LT2 77 189.9  29.8 189.9  29.8 9.92E-03 001.2 009.0  53.1 15.64563 11.87270 7.465225 shoemake 2024-08-20 14:24:50 
TT  70 182.3  21.9 182.3  21.9 8.36E-03 004.2 358.1  45.4 7.913295 61.49324 3.691482 shoemake 2024-08-22 20:00:41 
TT  70 182.3  21.9 182.3  21.9 8.36E-03 004.3 358.1  45.4 8.049016 62.17524 3.707272 shoemake 2024-08-22 23:32:10 
TT  70 183.9  24.2 183.9  24.2 7.76E-03 002.6 000.3  47.7 10.27973 33.05205 6.559676 shoemake 2024-08-27 11:47:20 
TT 100 190.6  24.4 190.6  24.4 7.68E-03 004.0 009.3  47.7 5.831257 52.14397 9.577458 shoemake 2024-08-29 12:25:20 
TT 130 182.2  19.3 182.2  19.3 4.84E-03 001.2 358.1  42.8 5.235146 6.858161 6.034292 shoemake 2024-09-02 13:56:37 
TT 160 182.8  19.1 182.8  19.1 4.81E-03 003.1 358.9  42.6 7.237909 24.73080 5.929609 shoemake 2024-09-04 18:30:28 
TT 190 182.6  19.3 182.6  19.3 4.72E-03 007.1 358.6  42.8 7.504139 58.23439 6.496541 shoemake 2024-09-09 15:37:47 
TT 210 182.5  16.1 182.5  16.1 3.70E-03 002.0 358.5  39.6 5.961270 10.71670 4.928661 shoemake 2024-09-16 11:05:41 
TT 240 186.4  16.4 186.4  16.4 3.65E-03 008.3 003.4  39.9 2.583862 53.51448 3.245598 shoemake 2024-09-18 12:21:26 
TT 270 187.7  15.4 187.7  15.4 3.48E-03 001.3 005.0  38.8 5.013549 2.955531 5.292595 shoemake 2024-10-04 19:31:04 
TT 300 186.3  12.6 186.3  12.6 1.69E-03 001.8 003.1  36.1 1.747633 4.606708 2.135599 shoemake 2024-10-15 18:24:28 
TT 330 180.4  12.5 180.4  12.5 1.57E-03 005.1 356.0  36.0 2.120701 13.65307 2.074427 shoemake 2024-10-23 17:24:10 
TT 360 184.6  11.8 184.6  11.8 1.56E-03 002.2 001.1  35.3 1.969457 5.957751 0.764902 shoemake 2025-05-21 10:09:33 
TT 390 182.3  11.8 182.3  11.8 1.52E-03 002.3 358.3  35.3 1.688545 5.854721 0.989979 shoemake 2025-05-22 11:26:16 
TT 420 189.1  11.3 189.1  11.3 1.52E-03 001.4 006.4  34.7 1.771698 3.421727 0.847352 shoemake 2025-05-25 15:04:22 
TT 420 187.1  11.8 187.1  11.8 7.58E-04 076.4 004.1  35.3 66.01830 4.887175 46.81888 shoemake 2025-06-18 15:11:48 
TT 420 178.7  11.8 178.7  11.8 7.59E-04 059.5 354.0  35.2 65.97204 7.326247 46.81936 shoemake 2025-06-19 15:43:06 
TT 420 184.0  11.6 184.0  11.6 1.52E-03 002.7 000.3  35.1 2.266561 6.894144 0.828655 shoemake 2025-06-19 16:30:43 
TT 450 181.0  30.2 181.0  30.2 4.32E-05 009.4 356.0  53.7 0.473568 0.606673 0.053076 shoemake 2025-06-30 12:04:48 
