PKSG- 2 mag compass orientation (IGRF corrected)
      0 183.2  39.0   0.0   0.0   1.0
NRM    165.2 -29.4 165.2 -29.4 4.04E-03 004.9 058.0 -12.2 28.96549 18.20540 4.671996 shoemake 2024-06-28 20:10:26 
LN2    169.0 -31.0 169.0 -31.0 4.08E-03 003.7 059.6 -15.6 22.70611 10.81419 8.125336 shoemake 2024-07-11 17:09:51 
LT2 77 173.7 -28.1 173.7 -28.1 3.99E-03 006.4 064.8 -15.9 39.87629 20.59970 4.403651 shoemake 2024-08-20 14:39:23 
TT  70 169.7 -34.4 169.7 -34.4 3.04E-03 009.8 057.8 -18.5 45.08892 26.65836 2.883995 shoemake 2024-08-22 20:05:39 
TT  70 171.9 -32.6 171.9 -32.6 3.04E-03 007.1 060.5 -18.3 32.49974 19.09297 3.126861 shoemake 2024-08-22 23:37:06 
TT 100 169.5 -34.4 169.5 -34.4 3.06E-03 001.4 057.7 -18.4 7.697519 2.302198 3.050841 shoemake 2024-08-29 12:30:11 
TT 130 171.0 -32.3 171.0 -32.3 2.18E-03 002.3 060.1 -17.6 7.113661 4.143469 2.992887 shoemake 2024-09-02 14:01:36 
TT 160 172.0 -32.0 172.0 -32.0 2.15E-03 007.9 061.0 -17.9 26.03528 14.29189 2.203065 shoemake 2024-09-04 18:35:25 
TT 190 171.7 -33.2 171.7 -33.2 2.14E-03 001.7 059.9 -18.7 4.935251 3.638309 1.789820 shoemake 2024-09-09 15:42:47 
TT 210 168.6 -36.8 168.6 -36.8 1.79E-03 008.4 055.4 -19.8 21.78711 14.83595 1.260758 shoemake 2024-09-16 11:10:36 
TT 240 168.6 -36.8 168.6 -36.8 1.79E-03 000.7 055.4 -19.8 1.634257 1.382270 1.218740 shoemake 2024-09-18 12:26:17 
TT 270 176.1 -32.8 176.1 -32.8 1.61E-03 003.3 063.2 -20.8 8.236970 4.410607 1.285063 shoemake 2024-10-04 19:36:03 
TT 300 172.3 -42.9 172.3 -42.9 8.90E-04 002.3 053.3 -26.2 2.582430 2.354074 0.679738 shoemake 2024-10-15 18:29:27 
TT 330 177.6 -37.2 177.6 -37.2 8.52E-04 001.6 060.9 -24.9 1.792332 1.569515 0.496198 shoemake 2024-10-23 17:29:10 
TT 360 179.7 -37.9 179.7 -37.9 4.21E-04 031.8 061.7 -26.6 19.12699 35.42998 20.17730 shoemake 2025-05-21 10:14:30 
TT 360 178.1 -39.3 178.1 -39.3 4.21E-04 038.0 059.6 -26.7 20.40715 34.71522 20.20854 shoemake 2025-05-21 16:21:39 
TT 360 175.7 -41.1 175.7 -41.1 4.21E-04 033.4 056.7 -26.7 22.08068 33.63496 20.18781 shoemake 2025-05-21 16:56:34 
TT 360 179.6 -36.8 179.6 -36.8 8.41E-04 000.8 062.5 -25.7 1.253762 0.426503 0.465228 shoemake 2025-05-21 17:07:10 
TT 390 176.3 -39.2 176.3 -39.2 8.40E-04 001.4 058.6 -25.6 1.713224 1.208953 0.645331 shoemake 2025-05-22 11:31:14 
TT 420 178.7 -38.3 178.7 -38.3 4.18E-04 043.9 060.8 -26.3 19.52701 34.94831 19.80797 shoemake 2025-05-25 15:09:24 
TT 420 177.7 -38.1 177.7 -38.1 8.34E-04 000.7 060.3 -25.6 0.805567 0.713302 0.564956 shoemake 2025-05-26 17:40:48 
TT 420 175.5 -40.7 175.5 -40.7 4.15E-04 044.3 056.9 -26.3 21.79399 33.34869 19.65975 shoemake 2025-06-18 15:36:15 
TT 420 176.8 -39.7 176.8 -39.7 4.15E-04 042.2 058.5 -26.3 20.78706 33.95128 19.66834 shoemake 2025-06-19 15:47:51 
TT 420 180.8 -36.1 180.8 -36.1 8.29E-04 003.0 063.8 -25.9 3.753665 2.287398 0.845427 shoemake 2025-06-19 16:33:07 
TT 450 087.2  52.5 087.2  52.5 8.95E-06 025.5 246.4  86.0 0.293729 0.316709 0.012768 shoemake 2025-06-30 12:09:49 
TT 450 095.0  51.6 095.0  51.6 8.96E-06 025.0 118.7  88.7 0.287036 0.305784 0.029371 shoemake 2025-06-30 17:57:30 
TT 450 093.0  49.9 093.0  49.9 9.29E-06 024.5 354.0  88.9 0.291867 0.307482 0.011719 shoemake 2025-07-02 11:37:01 
