PKSG- 5 mag compass orientation (IGRF corrected)
      0 139.7  50.0   0.0   0.0   1.0
NRM    150.6   9.2 150.6   9.2 6.64E-03 017.0 104.1  -2.3 196.6864 48.85945 8.756001 shoemake 2024-06-28 20:43:42 
NRM    144.5   2.1 144.5   2.1 6.76E-03 010.7 094.7  -2.3 127.5912 10.59375 9.624889 shoemake 2024-07-01 11:17:37 
LN2    147.3   8.8 147.3   8.8 6.20E-03 001.4 101.6  -0.1 11.16960 3.162845 10.35968 shoemake 2024-07-11 17:46:18 
LT2 77 153.1  14.8 153.1  14.8 6.13E-03 000.7 109.9  -0.4 5.565890 3.725913 4.390274 shoemake 2024-08-20 15:19:31 
TT  70 145.0   5.0 145.0   5.0 5.97E-03 001.6 097.2  -0.8 16.63711 3.678949 4.421003 shoemake 2024-08-22 20:44:47 
TT  70 144.2   4.1 144.2   4.1 5.97E-03 000.7 096.0  -0.8 5.925078 4.302330 4.331928 shoemake 2024-08-23 00:16:19 
TT 100 145.6   6.0 145.6   6.0 5.91E-03 004.6 098.4  -0.6 46.24279 10.64551 4.344076 shoemake 2024-08-29 13:28:55 
TT 130 147.9  11.7 147.9  11.7 5.41E-03 000.8 104.2   1.3 5.908987 4.453848 5.707051 shoemake 2024-09-02 14:42:38 
TT 160 142.7   8.4 142.7   8.4 5.09E-03 004.2 098.4   3.1 36.66610 7.595176 3.279694 shoemake 2024-09-04 19:14:21 
TT 190 145.6  11.8 145.6  11.8 5.11E-03 005.3 102.8   3.1 45.54047 12.52071 3.334048 shoemake 2024-09-09 16:22:06 
TT 210 229.1  50.0 229.1  50.0 9.43E-04 072.2 179.6   0.0 2.980337 303.4243 83.92258 shoemake 2024-09-16 11:50:09 
TT 210 135.7  18.9 135.7  18.9 3.09E-03 003.0 102.3  15.0 15.66445 3.924415 1.976173 shoemake 2024-09-16 16:45:32 
TT 240 139.8  26.4 139.8  26.4 2.99E-03 003.5 110.9  16.5 16.73778 7.344992 1.738012 shoemake 2024-09-18 13:05:55 
TT 270 134.6  23.3 134.6  23.3 2.89E-03 002.1 105.3  18.5 9.908818 2.968843 2.071520 shoemake 2024-10-04 20:15:08 
TT 300 134.9  26.3 134.9  26.3 2.83E-03 001.7 108.1  20.0 7.493368 3.302624 2.377906 shoemake 2024-10-15 15:15:28 
TT 330 123.5  34.4 123.5  34.4 1.52E-03 003.9 109.8  32.7 10.14981 2.288511 0.414392 shoemake 2024-10-23 18:40:51 
TT 360 119.1  29.6 119.1  29.6 1.48E-03 008.6 102.6  33.5 21.85607 5.178959 0.542469 shoemake 2025-05-21 10:54:04 
TT 390 121.4  32.2 121.4  32.2 1.50E-03 004.1 106.5  33.1 10.27061 3.181560 0.460239 shoemake 2025-05-22 13:35:46 
TT 420 123.0  34.4 123.0  34.4 1.49E-03 003.3 109.5  33.0 7.905712 3.272160 0.604821 shoemake 2025-05-25 15:48:50 
TT 420 122.0  32.7 122.0  32.7 1.49E-03 001.5 107.3  32.9 3.345606 2.400683 0.634902 shoemake 2025-06-18 16:13:47 
TT 450 105.3  45.9 105.3  45.9 1.86E-04 005.8 117.4  49.7 1.701740 0.863614 0.242924 shoemake 2025-06-30 12:49:23 
