PKQA- 3E 
        292.0  49.0   0.0   0.0   1.0
NRM    318.2  75.8 318.2  75.8 1.62E-02 005.8 165.2  33.0 50.26988 157.1032 18.87223 shoemake 2024-07-15 20:03:40 
LT1 77 311.4  69.9 311.4  69.9 1.55E-02 001.8 158.2  31.0 17.69652 46.60508 9.836565 shoemake 2024-07-29 21:26:07 
LT2 77 303.7  65.3 303.7  65.3 1.53E-02 006.7 151.9  30.9 86.02989 157.8473 10.91297 shoemake 2024-08-11 19:11:09 
TT  70 313.2  71.3 313.2  71.3 1.34E-02 005.6 160.0  31.4 44.31816 124.3353 8.353921 shoemake 2024-08-16 10:50:46 
TT 100 312.5  71.0 312.5  71.0 1.35E-02 001.5 159.6  31.4 12.72242 31.47707 8.877027 shoemake 2024-08-28 12:18:22 
TT 130 301.7  65.1 301.7  65.1 1.22E-02 002.0 151.2  31.6 18.98695 38.47207 8.096983 shoemake 2024-08-30 15:46:06 
TT 160 298.5  65.8 298.5  65.8 1.05E-02 007.7 151.2  33.1 68.43875 124.6294 5.722705 shoemake 2024-09-06 14:40:41 
TT 190 303.0  68.3 303.0  68.3 1.00E-02 000.8 154.8  32.7 6.087787 10.85011 7.155316 shoemake 2024-09-10 15:54:32 
TT 210 306.3  71.4 306.3  71.4 6.04E-03 002.8 158.7  33.3 12.72497 26.49920 5.062893 shoemake 2024-10-16 17:38:17 
TT 240 299.4  67.0 299.4  67.0 5.85E-03 003.1 152.7  33.3 14.63777 28.66451 2.672390 shoemake 2024-10-30 15:03:08 
TT 270 300.7  69.1 300.7  69.1 5.77E-03 002.2 155.1  33.9 10.97571 19.31324 2.845549 shoemake 2024-11-11 22:02:00 
TT 300 301.5  70.2 301.5  70.2 5.66E-03 001.9 156.5  34.1 9.161640 16.46930 4.920918 shoemake 2024-11-16 11:07:49 
TT 330 299.1  68.7 299.1  68.7 5.43E-03 002.2 154.4  34.2 9.861681 18.07925 4.389863 shoemake 2024-11-17 00:03:30 
TT 360 300.0  69.4 300.0  69.4 4.80E-03 002.0 155.3  34.2 9.012045 13.04125 6.744576 shoemake 2024-11-24 14:53:15 
TT 390 301.4  71.6 301.4  71.6 4.08E-03 002.0 157.9  34.7 7.244247 11.64526 5.689919 shoemake 2024-11-26 02:14:40 
TT 420 298.9  70.0 298.9  70.0 1.10E-03 002.3 155.8  34.8 2.863765 2.572406 2.749183 shoemake 2024-11-27 23:33:36 
TT 450 295.0  73.2 295.0  73.2 8.61E-04 002.1 158.9  37.2 1.850890 1.797018 2.157197 shoemake 2024-12-06 15:32:38 
TT 480 302.1  71.2 302.1  71.2 8.63E-04 002.0 157.7  34.4 1.961927 2.451275 0.862965 shoemake 2025-02-22 14:29:25 
TT 510 293.6  67.4 293.6  67.4 7.63E-04 003.0 151.9  35.5 1.455944 3.847912 0.857400 shoemake 2025-02-27 23:48:21 
