PKQA- 8F 
        350.0  50.0   0.0   0.0   1.0
NRM    140.0  44.6 140.0  44.6 1.20E-01 003.8 220.6  11.9 493.0615 597.4675 207.1139 shoemake 2024-07-15 22:17:47 
LT1 77 143.6  41.8 143.6  41.8 1.12E-01 001.2 224.5  11.7 185.7206 150.2553 70.13819 shoemake 2024-07-30 00:05:47 
LT2 77 135.6  47.4 135.6  47.4 1.09E-01 010.0 216.3  11.9 1155.035 1538.073 79.16509 shoemake 2024-08-11 21:26:05 
TT  70 135.3  48.4 135.3  48.4 6.52E-02 004.6 215.5  12.5 329.0092 408.3052 47.47665 shoemake 2024-08-16 13:14:38 
TT 100 140.5  45.0 140.5  45.0 6.52E-02 003.8 220.5  12.4 294.0224 322.0043 45.42320 shoemake 2024-08-28 14:14:14 
TT 130 134.5  48.9 134.5  48.9 6.30E-02 005.3 214.7  12.5 360.0219 456.1282 42.94411 shoemake 2024-08-30 18:58:42 
TT 160 139.6  46.6 139.6  46.6 5.33E-02 002.4 218.9  13.1 147.5333 166.3045 30.50750 shoemake 2024-09-06 16:36:19 
TT 190 137.5  48.6 137.5  48.6 4.63E-02 002.2 216.5  13.6 115.1622 137.3034 26.67280 shoemake 2024-09-10 17:50:39 
TT 210 141.9  46.0 141.9  46.0 2.50E-02 000.9 220.5  13.8 15.58023 38.14706 17.78844 shoemake 2024-10-16 22:03:36 
TT 240 141.4  46.5 141.4  46.5 1.87E-02 004.3 219.9  14.0 92.34675 108.4199 10.69203 shoemake 2024-10-30 16:59:51 
TT 270 139.5  48.3 139.5  48.3 1.81E-02 006.5 217.7  14.3 124.8973 164.9834 14.97995 shoemake 2024-11-12 00:12:10 
TT 300 138.1  49.5 138.1  49.5 1.76E-02 002.6 216.1  14.5 49.99734 61.40965 18.05321 shoemake 2024-11-16 13:07:00 
TT 330 140.4  48.0 140.4  48.0 1.65E-02 004.6 218.3  14.5 86.75316 102.0439 16.95428 shoemake 2024-11-17 03:17:49 
TT 360 141.6  47.8 141.6  47.8 1.28E-02 005.3 219.0  14.9 76.06709 91.24658 20.64364 shoemake 2024-11-24 16:59:19 
TT 390 140.3  49.6 140.3  49.6 9.75E-03 007.1 217.1  15.6 74.02384 95.08984 15.97812 shoemake 2024-11-26 14:57:13 
TT 420 141.4  54.8 141.4  54.8 1.94E-03 002.7 213.6  19.7 5.496909 6.106668 4.703196 shoemake 2024-11-28 01:29:45 
TT 450 145.6  54.0 145.6  54.0 1.38E-03 001.8 216.0  21.0 2.148613 2.484169 3.082666 shoemake 2024-12-06 17:29:24 
TT 480 142.5  55.4 142.5  55.4 1.28E-03 001.9 213.5  20.6 2.863533 3.483031 0.975280 shoemake 2025-02-23 10:48:12 
TT 510 147.2  53.0 147.2  53.0 1.11E-03 006.4 217.4  21.1 7.941605 9.864816 0.946950 shoemake 2025-02-28 15:39:53 
