PKQA- 9C 
        349.0  56.5   0.0   0.0   1.0
NRM    166.0  47.4 166.0  47.4 1.87E-01 002.7 227.9  24.2 781.1448 622.5347 322.2909 shoemake 2024-07-15 22:38:39 
LT1 77 163.9  46.3 163.9  46.3 1.88E-01 006.2 228.3  22.4 1493.494 1410.991 156.6324 shoemake 2024-07-30 00:35:56 
LT2 77 164.2  45.9 164.2  45.9 1.84E-01 006.9 228.8  22.4 1712.470 1439.433 129.0012 shoemake 2024-08-11 21:51:05 
TT  70 163.6  46.1 163.6  46.1 1.30E-01 000.8 228.4  22.1 152.3281 97.49533 85.47412 shoemake 2024-08-16 13:39:17 
TT 100 165.4  43.8 165.4  43.8 1.30E-01 003.3 231.2  22.3 616.5155 440.1769 74.33266 shoemake 2024-08-28 14:36:23 
TT 130 163.7  46.4 163.7  46.4 1.29E-01 005.9 228.1  22.3 1034.372 851.4673 81.43542 shoemake 2024-08-30 19:20:43 
TT 160 162.9  48.0 162.9  48.0 1.14E-01 003.5 226.3  22.5 519.2595 466.1999 57.47373 shoemake 2024-09-06 16:58:33 
TT 190 161.2  50.8 161.2  50.8 9.82E-02 007.1 223.1  22.7 857.9565 877.4423 59.45560 shoemake 2024-09-10 18:12:52 
TT 210 163.3  48.7 163.3  48.7 5.86E-02 007.5 225.8  23.1 566.2487 528.6540 44.31124 shoemake 2024-10-16 22:25:37 
TT 210 162.7  49.7 162.7  49.7 5.86E-02 008.0 224.6  23.1 590.6612 580.4017 45.84567 shoemake 2024-10-17 12:21:56 
TT 210 165.9  44.8 165.9  44.8 5.90E-02 004.1 230.5  23.0 331.9334 261.1977 41.96598 shoemake 2024-10-17 17:50:50 
TT 240 166.6  45.3 166.6  45.3 2.24E-02 006.0 230.2  23.6 184.5542 145.3558 14.05037 shoemake 2024-10-30 17:22:15 
TT 270 165.2  48.3 165.2  48.3 2.15E-02 007.3 226.8  24.0 202.7938 187.1714 21.53190 shoemake 2024-11-12 02:07:00 
TT 300 165.4  48.0 165.4  48.0 2.06E-02 003.1 227.1  24.0 88.71078 68.87435 22.13131 shoemake 2024-11-16 13:29:20 
TT 330 164.0  50.3 164.0  50.3 1.93E-02 003.9 224.4  24.2 97.40002 87.76009 22.71238 shoemake 2024-11-17 03:40:11 
TT 360 166.0  48.4 166.0  48.4 1.39E-02 003.1 226.9  24.5 55.94038 44.58303 26.26068 shoemake 2024-11-24 17:21:44 
TT 390 164.1  52.7 164.1  52.7 8.09E-03 004.3 222.0  25.2 43.26116 39.66432 16.77834 shoemake 2024-11-26 15:19:30 
TT 420 175.6  64.8 175.6  64.8 1.99E-04 006.6 210.5  34.1 1.358863 1.810965 0.525658 shoemake 2024-11-28 01:52:06 
TT 450 181.9  55.9 181.9  55.9 1.80E-04 007.5 221.7  36.0 1.677655 1.663239 0.384390 shoemake 2024-12-06 17:51:45 
TT 480 176.7  62.7 176.7  62.7 1.58E-04 006.4 213.0  34.3 1.095441 1.414492 0.164791 shoemake 2025-02-23 14:23:53 
TT 510 179.5  63.0 179.5  63.0 1.53E-04 004.6 212.8  35.6 0.771474 0.961877 0.164213 shoemake 2025-02-28 16:13:59 
