PKQA- 2J 
        305.0  72.0   0.0   0.0   1.0
NRM    300.8  72.2 300.8  72.2 2.06E-02 001.8 161.4  17.4 25.49403 49.51331 31.93853 shoemake 2024-07-15 19:51:18 
LT1 77 300.8  68.0 300.8  68.0 1.96E-02 003.3 157.0  17.0 37.82015 105.8668 15.26232 shoemake 2024-07-29 21:08:23 
LT2 77 300.0  64.9 300.0  64.9 1.92E-02 000.9 153.7  17.0 14.60323 23.59059 19.57148 shoemake 2024-08-11 18:56:11 
TT  70 300.7  69.8 300.7  69.8 1.72E-02 003.6 158.8  17.2 34.40638 102.9440 14.88373 shoemake 2024-08-16 10:36:04 
TT 100 300.1  66.3 300.1  66.3 1.71E-02 002.4 155.2  17.1 25.18025 65.79209 16.88165 shoemake 2024-08-28 12:05:55 
TT 130 298.0  67.0 298.0  67.0 1.29E-02 005.9 155.8  18.0 48.50942 123.1114 12.34417 shoemake 2024-08-30 15:33:48 
TT 160 294.8  65.3 294.8  65.3 1.07E-02 006.6 154.0  19.2 52.81565 112.0283 8.617809 shoemake 2024-09-06 14:28:25 
TT 190 293.9  64.1 293.9  64.1 9.85E-03 003.8 152.7  19.5 27.67135 59.09362 10.98383 shoemake 2024-09-10 15:42:03 
TT 210 293.3  66.8 293.3  66.8 4.28E-03 005.1 155.5  19.8 15.19734 34.62517 4.033009 shoemake 2024-10-16 17:25:58 
TT 240 292.3  65.4 292.3  65.4 4.27E-03 005.0 154.0  20.2 16.43889 33.71892 2.037198 shoemake 2024-10-30 14:50:41 
TT 270 291.8  62.8 291.8  62.8 4.19E-03 003.5 151.3  20.5 12.63463 22.47854 3.397301 shoemake 2024-11-11 21:49:36 
TT 300 291.8  61.0 291.8  61.0 4.19E-03 003.2 149.3  20.4 13.32661 19.63833 3.828865 shoemake 2024-11-16 10:55:22 
TT 330 291.5  63.0 291.5  63.0 4.12E-03 001.8 151.5  20.6 6.391780 10.88287 4.403003 shoemake 2024-11-16 23:51:06 
TT 360 290.4  62.7 290.4  62.7 3.64E-03 004.5 151.2  21.1 13.17456 24.94516 6.057469 shoemake 2024-11-24 14:40:52 
TT 390 290.7  65.9 290.7  65.9 3.30E-03 003.8 154.6  20.9 9.063125 19.38608 5.364598 shoemake 2024-11-26 02:02:14 
TT 420 289.7  67.5 289.7  67.5 2.46E-03 002.3 156.3  21.2 4.130844 7.888922 4.994560 shoemake 2024-11-27 23:02:58 
TT 450 289.1  65.9 289.1  65.9 2.17E-03 003.3 154.6  21.5 4.878184 10.85842 3.872561 shoemake 2024-12-06 15:20:07 
TT 480 291.2  69.2 291.2  69.2 2.10E-03 006.0 158.1  20.5 7.875339 20.64899 0.975767 shoemake 2025-02-22 10:45:22 
TT 510 294.7  69.6 294.7  69.6 1.79E-03 015.1 158.5  19.3 7.516560 39.67264 23.60644 shoemake 2025-02-27 21:51:37 
