PKQA- 0F 
        312.0  76.0   0.0   0.0   1.0
NRM    179.7  50.6 179.7  50.6 1.12E-01 002.7 212.4  41.7 284.9993 420.9927 166.7144 shoemake 2024-07-15 23:03:35 
LT1 77 190.1  56.4 190.1  56.4 1.02E-01 006.7 201.0  42.3 372.1271 1146.444 33.24431 shoemake 2024-07-30 01:11:46 
LT2 77 182.8  52.7 182.8  52.7 9.93E-02 002.9 208.6  42.0 220.3508 439.2050 85.38501 shoemake 2024-08-11 22:21:03 
TT  70 184.3  53.0 184.3  53.0 9.14E-02 007.0 207.4  42.4 514.5700 1000.688 57.42781 shoemake 2024-08-16 14:06:30 
TT  70 182.9  52.5 182.9  52.5 9.21E-02 003.4 208.7  42.2 243.6794 480.4271 64.79133 shoemake 2024-08-19 13:48:51 
TT 100 182.5  52.3 182.5  52.3 9.09E-02 003.3 209.2  42.1 274.1028 445.7406 52.27872 shoemake 2024-08-28 15:01:04 
TT 130 182.7  51.9 182.7  51.9 7.29E-02 002.4 209.4  42.4 153.3359 259.0647 55.17982 shoemake 2024-08-30 19:45:12 
TT 160 181.9  51.1 181.9  51.1 7.23E-02 003.9 210.7  42.6 246.1751 424.1345 50.66052 shoemake 2024-09-06 17:23:16 
TT 190 184.5  53.0 184.5  53.0 7.15E-02 004.6 207.4  42.6 274.6856 509.2037 35.55098 shoemake 2024-09-10 18:37:25 
TT 210 190.1  56.5 190.1  56.5 5.33E-02 001.2 200.9  42.2 57.27093 92.06671 38.59016 shoemake 2024-10-16 22:50:04 
TT 240 186.1  54.3 186.1  54.3 1.98E-02 000.9 205.2  42.3 14.83273 29.60937 12.22810 shoemake 2024-10-30 17:47:01 
TT 270 186.6  54.2 186.6  54.2 1.89E-02 001.3 205.0  42.6 24.74797 31.44349 17.09120 shoemake 2024-11-12 02:31:57 
TT 300 187.4  54.6 187.4  54.6 1.78E-02 002.8 204.2  42.7 37.36496 77.65612 17.45542 shoemake 2024-11-16 13:54:01 
TT 330 187.0  54.4 187.0  54.4 1.62E-02 001.9 204.5  42.6 25.40467 44.53582 16.11310 shoemake 2024-11-17 04:05:04 
TT 360 188.4  55.1 188.4  55.1 1.25E-02 002.2 203.1  42.7 24.59434 37.60831 18.60306 shoemake 2024-11-24 22:29:37 
TT 390 188.5  55.2 188.5  55.2 1.06E-02 003.6 203.0  42.6 29.55611 57.99818 14.87846 shoemake 2024-11-26 16:16:49 
TT 420 193.5  57.8 193.5  57.8 5.22E-03 002.0 197.8  42.2 9.053147 12.56100 10.33896 shoemake 2024-11-28 02:16:48 
TT 450 183.6  52.9 183.6  52.9 4.31E-03 004.0 207.9  42.2 14.26343 25.93742 6.707933 shoemake 2024-12-06 18:16:41 
TT 480 187.6  56.1 187.6  56.1 3.82E-03 002.9 202.7  41.6 7.633023 17.99576 2.656785 shoemake 2025-02-23 19:28:10 
