PKQA- 8H 
        350.0  50.0   0.0   0.0   1.0
NRM    142.2  48.4 142.2  48.4 1.28E-01 001.6 218.9  15.7 139.2079 201.8239 259.7423 shoemake 2024-07-15 22:21:58 
LT1 77 143.3  47.2 143.3  47.2 1.20E-01 004.4 220.3  15.4 605.1532 706.0441 145.6219 shoemake 2024-07-30 00:11:52 
LT2 77 143.0  47.6 143.0  47.6 1.17E-01 001.8 219.9  15.4 184.4737 279.5469 149.6555 shoemake 2024-08-11 21:31:03 
TT  70 144.7  48.0 144.7  48.0 6.85E-02 003.1 220.4  16.6 269.7755 237.7235 87.28308 shoemake 2024-08-16 13:19:40 
TT 100 141.6  50.1 141.6  50.1 6.86E-02 002.0 217.3  16.5 174.3674 158.5164 83.99028 shoemake 2024-08-28 14:19:06 
TT 130 134.5  54.5 134.5  54.5 6.84E-02 005.7 210.9  16.6 390.7202 557.1293 92.63605 shoemake 2024-08-30 19:03:32 
TT 160 142.7  50.3 142.7  50.3 5.80E-02 002.6 217.7  17.2 180.4832 185.3142 65.15564 shoemake 2024-09-06 16:41:18 
TT 190 139.6  53.1 139.6  53.1 5.05E-02 003.8 214.2  17.7 209.1965 260.7975 70.03560 shoemake 2024-09-10 17:55:33 
TT 210 149.7  47.0 149.7  47.0 2.71E-02 004.6 223.5  18.5 163.7852 145.4268 23.17531 shoemake 2024-10-16 22:08:26 
TT 240 141.9  53.5 141.9  53.5 1.82E-02 000.8 214.8  19.0 11.12056 19.48374 18.31182 shoemake 2024-10-30 17:04:46 
TT 270 137.5  56.7 137.5  56.7 1.76E-02 001.1 210.6  19.4 16.69769 22.06278 22.87194 shoemake 2024-11-12 00:17:03 
TT 300 143.7  53.2 143.7  53.2 1.71E-02 004.8 215.8  19.6 91.71507 107.6253 21.28732 shoemake 2024-11-16 13:11:54 
TT 330 144.5  52.9 144.5  52.9 1.60E-02 002.3 216.4  19.8 41.67496 44.18417 22.24236 shoemake 2024-11-17 03:22:42 
TT 360 141.9  55.6 141.9  55.6 1.25E-02 001.8 213.2  20.4 14.16329 28.68982 24.93122 shoemake 2024-11-24 17:04:13 
TT 390 143.4  56.1 143.4  56.1 8.74E-03 004.7 213.4  21.4 43.35738 55.41336 18.72948 shoemake 2024-11-26 15:02:04 
TT 420 148.6  65.0 148.6  65.0 1.11E-03 002.4 207.3  28.8 1.990768 2.417877 3.820825 shoemake 2024-11-28 01:34:39 
TT 450 154.4  66.7 154.4  66.7 6.99E-04 002.4 207.0  31.7 1.541672 1.432512 2.240944 shoemake 2024-12-06 17:34:16 
TT 480 152.2  67.5 152.2  67.5 6.28E-04 005.3 205.8  31.3 3.204721 4.899379 0.800536 shoemake 2025-02-23 10:53:05 
TT 510 074.5  49.7 074.5  49.7 3.98E-04 046.8 178.6 -00.3 1.100283 26.83120 32.99549 shoemake 2025-02-28 15:50:37 
