PKQA- 6H 
        283.0  54.0   0.0   0.0   1.0
NRM    124.7  03.2 124.7  03.2 5.25E-02 001.0 282.7  22.0 45.44278 52.42573 65.15789 shoemake 2024-07-15 21:14:09 
LT1 77 127.3  02.1 127.3  02.1 4.43E-02 014.9 285.3  23.3 1133.899 308.4986 24.29595 shoemake 2024-07-29 23:03:31 
LT2 77 128.7 -01.0 128.7 -01.0 4.50E-02 002.0 288.9  22.5 148.2674 59.08011 32.94670 shoemake 2024-08-11 20:33:44 
TT  70 124.5  04.1 124.5  04.1 4.12E-02 005.3 281.7  22.4 372.8955 82.23184 29.14017 shoemake 2024-08-16 12:12:01 
TT 100 124.8  03.5 124.8  03.5 4.11E-02 001.7 282.4  22.2 117.8392 37.55351 25.59190 shoemake 2024-08-28 13:29:51 
TT 130 132.4 -04.5 132.4 -04.5 2.90E-02 003.1 294.4  22.9 143.1892 67.34203 24.02845 shoemake 2024-08-30 16:57:46 
TT 160 134.6 -06.2 134.6 -06.2 2.44E-02 001.1 297.3  23.4 43.09209 21.46436 12.50014 shoemake 2024-09-06 15:52:05 
TT 190 134.3 -05.1 134.3 -05.1 2.15E-02 002.4 296.3  23.9 80.50872 39.38795 13.56360 shoemake 2024-09-10 17:06:02 
TT 210 137.7 -06.9 137.7 -06.9 1.21E-02 003.8 300.3  25.1 68.80602 41.60621 9.113273 shoemake 2024-10-16 20:35:08 
TT 240 141.1 -09.4 141.1 -09.4 1.21E-02 004.4 304.9  25.6 77.06732 54.62021 6.122477 shoemake 2024-10-30 16:15:04 
TT 270 141.7 -09.8 141.7 -09.8 1.20E-02 002.5 305.7  25.6 41.87064 31.65939 9.973356 shoemake 2024-11-11 23:27:12 
TT 300 142.7 -10.5 142.7 -10.5 1.20E-02 003.2 307.0  25.8 54.18187 40.78411 9.798490 shoemake 2024-11-16 12:22:17 
TT 330 142.3 -10.0 142.3 -10.0 1.19E-02 002.7 306.3  25.9 43.20726 33.90895 12.65159 shoemake 2024-11-17 02:31:01 
TT 360 140.3 -08.0 140.3 -08.0 1.16E-02 002.4 303.2  26.1 38.20276 27.50473 17.77347 shoemake 2024-11-24 16:14:27 
TT 390 141.9 -09.3 141.9 -09.3 1.11E-02 003.6 305.5  26.2 56.88486 38.27649 15.87421 shoemake 2024-11-26 12:29:21 
TT 420 140.2 -08.5 140.2 -08.5 9.22E-03 002.1 303.5  25.6 22.71353 17.71634 18.53755 shoemake 2024-11-28 00:45:09 
TT 450 142.3 -10.7 142.3 -10.7 8.47E-03 001.1 306.8  25.4 8.506331 10.45064 12.14052 shoemake 2024-12-06 16:44:34 
TT 480 142.4 -11.3 142.4 -11.3 7.57E-03 002.6 307.4  25.0 26.80940 21.51061 3.334032 shoemake 2025-02-23 01:10:13 
TT 510 142.2 -10.7 142.2 -10.7 5.76E-03 001.7 306.8  25.3 14.10001 10.29122 2.400668 shoemake 2025-02-28 13:37:02 
