PKQA- 6C 
        283.0  54.0   0.0   0.0   1.0
NRM    130.2 -03.8 130.2 -03.8 7.84E-02 001.9 292.3  21.8 195.8202 113.8701 126.2152 shoemake 2024-07-15 21:03:38 
LT1 77 132.5 -06.0 132.5 -06.0 6.84E-02 001.7 295.6  22.0 192.2627 79.33110 38.49327 shoemake 2024-07-29 22:48:50 
LT2 77 129.3 -02.2 129.3 -02.2 6.71E-02 003.5 290.3  22.1 377.0943 153.0144 49.01612 shoemake 2024-08-11 20:21:12 
TT  70 127.0  00.2 127.0  00.2 6.53E-02 002.0 286.7  21.9 212.4451 82.82689 49.14424 shoemake 2024-08-16 11:59:42 
TT 100 127.7 -00.6 127.7 -00.6 6.23E-02 001.3 287.9  21.9 128.2420 64.85486 38.48899 shoemake 2024-08-28 13:17:30 
TT 130 134.6 -08.1 134.6 -08.1 4.88E-02 004.6 298.8  22.1 336.8336 197.9599 30.48793 shoemake 2024-08-30 16:45:18 
TT 160 128.5 -01.4 128.5 -01.4 4.85E-02 004.2 289.1  22.0 330.7082 129.7817 26.96884 shoemake 2024-09-06 15:39:53 
TT 190 130.5 -03.7 130.5 -03.7 4.81E-02 006.0 292.4  22.0 464.0867 196.3424 28.76212 shoemake 2024-09-10 16:53:38 
TT 210 132.1 -05.0 132.1 -05.0 4.19E-02 002.5 294.6  22.3 163.2362 87.40289 32.09099 shoemake 2024-10-16 20:22:49 
TT 240 134.5 -05.3 134.5 -05.3 1.84E-02 003.9 296.5  23.9 110.0036 57.79102 9.579631 shoemake 2024-10-30 16:02:31 
TT 270 138.7 -09.3 138.7 -09.3 1.78E-02 002.3 302.9  24.1 60.60307 39.84559 16.01648 shoemake 2024-11-11 23:14:46 
TT 300 137.7 -08.0 137.7 -08.0 1.68E-02 004.6 301.1  24.3 115.3104 70.29700 19.16820 shoemake 2024-11-16 12:09:28 
TT 330 136.7 -07.6 136.7 -07.6 1.54E-02 002.5 300.0  23.9 55.15308 35.48250 16.86074 shoemake 2024-11-17 01:02:45 
TT 360 135.1 -06.3 135.1 -06.3 1.23E-02 005.7 297.8  23.6 107.7546 57.35185 20.49166 shoemake 2024-11-24 16:01:54 
TT 390 134.2 -05.5 134.2 -05.5 1.07E-02 003.0 296.5  23.6 46.20073 25.85320 18.54535 shoemake 2024-11-26 12:16:49 
TT 420 137.4 -08.5 137.4 -08.5 3.54E-03 004.2 301.3  23.8 21.78696 11.92142 8.585824 shoemake 2024-11-28 00:32:43 
TT 450 137.9 -08.2 137.9 -08.2 2.76E-03 003.5 301.4  24.3 13.95000 7.712024 5.498153 shoemake 2024-12-06 16:32:01 
TT 480 139.0 -09.7 139.0 -09.7 2.41E-03 010.2 303.4  24.0 36.77415 23.44924 1.695820 shoemake 2025-02-23 00:57:26 
TT 510 140.9 -09.7 140.9 -09.7 1.12E-03 002.2 304.9  25.2 3.619522 2.471205 0.789719 shoemake 2025-02-28 13:18:09 
