PKQA- 0C 
        312.0  76.0   0.0   0.0   1.0
NRM    178.4  47.1 178.4  47.1 1.21E-01 002.5 216.9  42.9 298.0919 402.6569 162.3839 shoemake 2024-07-15 22:57:17 
LT1 77 181.0  49.4 181.0  49.4 1.13E-01 001.0 213.0  43.1 89.02295 182.8200 57.69800 shoemake 2024-07-30 01:02:52 
LT2 77 177.5  45.2 177.5  45.2 1.11E-01 001.8 219.6  43.3 243.1562 236.6322 93.57123 shoemake 2024-08-11 22:13:28 
TT  70 179.3  47.2 179.3  47.2 1.06E-01 004.1 216.4  43.4 439.2521 613.9397 66.17004 shoemake 2024-08-16 13:58:59 
TT 100 179.8  47.8 179.8  47.8 1.02E-01 002.8 215.5  43.4 283.8983 409.4301 68.78511 shoemake 2024-08-28 14:53:46 
TT 130 176.0  42.1 176.0  42.1 8.66E-02 001.0 224.2  43.7 109.8138 85.28674 78.71989 shoemake 2024-08-30 19:37:46 
TT 160 179.2  46.2 179.2  46.2 8.30E-02 000.7 217.6  43.9 72.24637 57.06133 58.39178 shoemake 2024-09-06 17:15:53 
TT 190 182.1  49.0 182.1  49.0 7.44E-02 002.4 212.9  43.9 158.0035 265.6559 48.49417 shoemake 2024-09-10 18:30:11 
TT 210 182.1  48.9 182.1  48.9 5.12E-02 002.6 212.9  44.0 138.6400 185.3039 40.08920 shoemake 2024-10-16 22:42:40 
TT 240 184.0  50.3 184.0  50.3 1.55E-02 001.9 210.4  44.1 24.83213 46.31059 9.544804 shoemake 2024-10-30 17:39:36 
TT 270 181.6  47.8 181.6  47.8 1.49E-02 001.8 214.5  44.4 27.37992 37.71068 14.27184 shoemake 2024-11-12 02:24:31 
TT 300 181.2  47.5 181.2  47.5 1.42E-02 001.5 215.1  44.3 24.32954 26.92378 14.75732 shoemake 2024-11-16 13:46:38 
TT 330 181.0  47.3 181.0  47.3 1.32E-02 002.8 215.4  44.3 37.26645 50.61407 13.31394 shoemake 2024-11-17 03:57:38 
TT 360 181.4  47.4 181.4  47.4 1.03E-02 002.0 215.1  44.5 21.76315 25.35562 16.98268 shoemake 2024-11-24 22:22:17 
TT 390 181.6  47.8 181.6  47.8 7.70E-03 002.8 214.5  44.4 22.42710 28.30729 12.24746 shoemake 2024-11-26 16:09:22 
TT 420 190.2  54.1 190.2  54.1 7.44E-04 004.8 202.9  44.1 3.019279 5.274275 1.969874 shoemake 2024-11-28 02:09:26 
TT 450 192.9  56.4 192.9  56.4 5.63E-04 002.1 199.3  43.2 1.160473 1.418425 1.239725 shoemake 2024-12-06 18:09:14 
TT 480 192.1  56.8 192.1  56.8 4.99E-04 002.2 199.5  42.6 0.848491 1.724857 0.666275 shoemake 2025-02-23 19:20:49 
TT 510 201.6  60.3 201.6  60.3 3.79E-04 001.4 191.3  42.1 0.418511 0.805693 0.505907 shoemake 2025-02-28 16:58:36 
