PKQA- 8L 
        350.0  50.0   0.0   0.0   1.0
NRM    151.0  52.3 151.0  52.3 7.94E-02 001.4 219.6  22.4 129.9626 124.6266 88.22701 shoemake 2024-07-15 22:30:21 
LT1 77 149.7  53.2 149.7  53.2 7.34E-02 001.7 218.3  22.4 121.6480 177.3283 84.36529 shoemake 2024-07-30 00:23:49 
LT2 77 148.6  54.2 148.6  54.2 7.17E-02 005.9 217.0  22.4 464.9444 577.0983 62.17063 shoemake 2024-08-11 21:41:08 
TT  70 152.0  55.8 152.0  55.8 4.17E-02 003.1 216.9  25.0 156.2451 162.4178 36.40109 shoemake 2024-08-16 13:29:26 
TT 100 152.6  55.6 152.6  55.6 4.13E-02 003.8 217.3  25.1 182.0476 201.9416 40.30330 shoemake 2024-08-28 14:29:04 
TT 130 153.3  55.2 153.3  55.2 4.13E-02 006.2 217.9  25.3 299.3208 328.4626 47.05195 shoemake 2024-08-30 19:13:15 
TT 160 149.7  59.8 149.7  59.8 3.63E-02 001.1 212.5  26.3 28.45437 57.25961 30.35645 shoemake 2024-09-06 16:51:13 
TT 190 153.0  59.2 153.0  59.2 3.10E-02 006.1 214.0  27.3 194.6022 267.0696 24.39733 shoemake 2024-09-10 18:05:33 
TT 210 160.1  57.9 160.1  57.9 1.69E-02 004.0 217.5  29.8 78.55090 86.84893 17.62295 shoemake 2024-10-16 22:18:10 
TT 240 157.8  61.3 157.8  61.3 8.59E-03 002.8 213.4  30.5 26.08074 33.64686 5.248348 shoemake 2024-10-30 17:14:44 
TT 270 158.2  63.0 158.2  63.0 8.27E-03 003.3 211.7  31.4 29.16490 37.44934 8.793070 shoemake 2024-11-12 00:35:29 
TT 300 158.1  64.0 158.1  64.0 7.94E-03 002.0 210.7  31.8 11.85798 23.43152 9.313534 shoemake 2024-11-16 13:21:50 
TT 330 156.8  66.2 156.8  66.2 7.59E-03 001.2 208.1  32.3 10.62800 9.518502 8.481855 shoemake 2024-11-17 03:32:39 
TT 360 164.0  62.7 164.0  62.7 5.40E-03 001.5 213.4  33.7 7.179070 9.601920 9.328513 shoemake 2024-11-24 17:14:12 
TT 390 166.4  65.0 166.4  65.0 3.22E-03 001.6 211.3  35.5 5.162379 4.943181 6.131563 shoemake 2024-11-26 15:11:59 
TT 420 287.9  80.5 287.9  80.5 1.20E-04 003.6 172.6  47.9 0.456045 0.464805 0.474196 shoemake 2024-11-28 01:44:36 
TT 450 246.7  66.9 246.7  66.9 1.09E-04 002.7 188.5  62.5 0.356616 0.342950 0.260412 shoemake 2024-12-06 17:44:14 
TT 480 295.0  74.4 295.0  74.4 9.39E-05 003.1 164.6  51.3 0.267885 0.446446 0.133033 shoemake 2025-02-23 11:02:59 
TT 510 261.0  72.7 261.0  72.7 1.05E-04 002.5 177.6  57.2 0.319044 0.343283 0.147106 shoemake 2025-02-28 16:00:35 
