PKQA- 0A NO SUN
        312.0  76.0   0.0   0.0   1.0
NRM    184.1  46.7 184.1  46.7 1.61E-01 002.0 214.4  46.4 325.1933 339.8211 341.4104 shoemake 2024-07-15 22:53:08 
LT1 77 186.8  48.1 186.8  48.1 1.54E-01 001.0 211.1  46.9 159.5835 207.1423 104.8505 shoemake 2024-07-30 00:56:49 
LT2 77 183.8  44.9 183.8  44.9 1.52E-01 005.8 216.7  47.3 923.9521 1234.722 76.72031 shoemake 2024-08-11 22:08:33 
TT  70 184.8  45.8 184.8  45.8 1.48E-01 005.2 214.9  47.3 817.3886 1084.474 82.95499 shoemake 2024-08-16 13:54:02 
TT 100 184.3  45.3 184.3  45.3 1.40E-01 002.0 215.9  47.3 342.9233 358.5442 74.11080 shoemake 2024-08-28 14:48:48 
TT 130 187.1  47.3 187.1  47.3 1.20E-01 004.9 211.7  47.6 585.4413 837.8920 58.83730 shoemake 2024-08-30 19:32:49 
TT 160 182.2  42.3 182.2  42.3 1.07E-01 001.0 220.8  47.7 154.2090 109.1520 52.83469 shoemake 2024-09-06 17:11:02 
TT 190 189.3  48.8 189.3  48.8 9.46E-02 001.6 208.7  47.7 80.08376 263.6264 39.37045 shoemake 2024-09-10 18:25:16 
TT 210 186.4  46.4 186.4  46.4 6.03E-02 004.5 213.3  47.8 274.8244 382.0890 33.65592 shoemake 2024-10-16 22:37:42 
TT 240 190.5  49.3 190.5  49.3 1.67E-02 004.6 207.3  47.8 65.37880 117.9912 6.672386 shoemake 2024-10-30 17:34:32 
TT 270 190.2  48.7 190.2  48.7 1.61E-02 003.8 208.1  48.1 59.60617 89.08531 13.43368 shoemake 2024-11-12 02:19:26 
TT 300 187.2  46.7 187.2  46.7 1.54E-02 003.2 212.4  48.0 51.69214 67.72529 14.65566 shoemake 2024-11-16 13:41:36 
TT 330 187.6  46.7 187.6  46.7 7.18E-03 077.2 212.2  48.2 432.6671 272.5885 572.3554 shoemake 2024-11-17 03:52:32 
TT 330 187.9  46.9 187.9  46.9 7.18E-03 033.4 211.7  48.3 434.8949 269.1450 572.7755 shoemake 2024-11-17 20:53:36 
TT 330 188.3  47.5 188.3  47.5 1.44E-02 001.7 210.8  48.1 26.36482 32.45786 13.05643 shoemake 2024-11-17 21:19:51 
TT 360 186.8  45.9 186.8  45.9 1.07E-02 002.9 213.5  48.3 36.07516 39.92599 17.33033 shoemake 2024-11-24 22:17:16 
TT 390 192.3  49.7 192.3  49.7 7.17E-03 003.9 205.6  48.3 27.26916 39.67930 11.90359 shoemake 2024-11-26 16:04:19 
TT 420 209.8  58.3 209.8  58.3 3.31E-04 006.0 186.6  45.2 1.266897 3.176051 0.958546 shoemake 2024-11-28 02:04:23 
TT 450 213.7  58.6 213.7  58.6 2.67E-04 002.1 183.7  45.3 0.658638 0.490333 0.651729 shoemake 2024-12-06 18:04:10 
TT 480 213.7  62.8 213.7  62.8 2.34E-04 003.0 183.0  41.1 0.486116 1.124189 0.260913 shoemake 2025-02-23 19:15:49 
TT 510 225.9  60.5 225.9  60.5 2.29E-04 003.1 175.1  43.2 0.384048 1.177204 0.244695 shoemake 2025-02-28 16:37:12 
