PKQA- 9G 
        349.0  56.5   0.0   0.0   1.0
NRM    165.5  50.3 165.5  50.3 1.46E-01 001.3 224.8  25.0 188.3415 165.6872 240.9806 shoemake 2024-07-15 22:47:01 
LT1 77 163.1  52.9 163.1  52.9 1.33E-01 001.5 221.5  24.7 251.5203 191.6254 170.7516 shoemake 2024-07-30 00:47:47 
LT2 77 161.1  55.6 161.1  55.6 1.31E-01 001.0 218.3  24.6 165.1256 129.6992 107.9092 shoemake 2024-08-11 22:01:10 
TT  70 163.5  52.9 163.5  52.9 1.28E-01 004.2 221.6  24.9 665.6377 647.0278 139.5167 shoemake 2024-08-16 13:49:10 
TT 100 165.0  51.0 165.0  51.0 1.19E-01 003.7 224.0  25.0 452.7774 610.3812 157.8424 shoemake 2024-08-28 14:46:17 
TT 130 166.1  49.5 166.1  49.5 1.04E-01 001.5 225.7  25.1 229.9432 118.4267 109.9379 shoemake 2024-08-30 19:30:23 
TT 160 166.0  50.5 166.0  50.5 8.98E-02 001.2 224.8  25.4 80.86905 149.0532 99.42561 shoemake 2024-09-06 17:08:34 
TT 190 162.7  55.9 162.7  55.9 7.94E-02 004.8 218.4  25.6 453.9449 479.0894 94.55829 shoemake 2024-09-10 18:22:40 
TT 210 166.3  52.2 166.3  52.2 5.27E-02 002.7 223.1  26.2 188.3216 161.7937 59.37865 shoemake 2024-10-16 22:35:15 
TT 240 164.3  57.9 164.3  57.9 1.88E-02 001.0 216.6  27.2 22.72823 22.34886 18.02764 shoemake 2024-10-30 17:32:03 
TT 270 166.8  55.4 166.8  55.4 1.80E-02 004.4 219.9  27.6 95.07811 98.10648 24.55453 shoemake 2024-11-12 02:16:56 
TT 300 166.5  56.1 166.5  56.1 1.73E-02 001.3 219.0  27.7 23.56817 20.67295 24.84007 shoemake 2024-11-16 13:39:07 
TT 330 167.9  54.5 167.9  54.5 1.62E-02 004.4 221.0  27.9 72.33311 98.86066 22.57712 shoemake 2024-11-17 03:50:02 
TT 360 168.1  55.6 168.1  55.6 1.22E-02 001.9 219.9  28.4 14.43434 28.12480 25.48136 shoemake 2024-11-24 22:14:47 
TT 390 167.9  58.1 167.9  58.1 7.89E-03 002.5 217.1  29.0 23.24589 20.53015 17.46302 shoemake 2024-11-26 16:01:50 
TT 420 195.5  71.6 195.5  71.6 1.83E-04 003.6 201.2  40.9 0.661224 0.847365 0.547368 shoemake 2024-11-28 02:01:53 
TT 450 219.4  75.3 219.4  75.3 1.72E-04 003.2 192.2  44.8 0.508216 0.774478 0.375385 shoemake 2024-12-06 18:01:41 
TT 480 208.8  75.7 208.8  75.7 1.54E-04 002.5 194.1  42.5 0.402096 0.559057 0.155328 shoemake 2025-02-23 19:13:21 
TT 510 225.6  76.0 225.6  76.0 1.48E-04 003.0 189.9  45.2 0.304498 0.721457 0.137918 shoemake 2025-02-28 16:34:42 
