PKQA- 4C 
        307.0  42.0   0.0   0.0   1.0
NRM    297.3  78.9 297.3  78.9 1.54E-02 015.1 163.4  48.0 127.9294 394.9053 15.86519 shoemake 2024-07-15 20:12:04 
LT1 77 307.5  74.0 307.5  74.0 1.51E-02 001.3 157.3  44.6 14.93551 31.96951 6.390168 shoemake 2024-07-29 21:37:56 
LT2 77 307.5  73.4 307.5  73.4 1.49E-02 001.2 156.5  44.4 17.45149 25.05137 9.211508 shoemake 2024-08-11 19:21:09 
TT  70 309.1  77.1 309.1  77.1 1.26E-02 003.5 161.6  45.3 29.21213 70.77287 8.497220 shoemake 2024-08-16 11:00:44 
TT 100 309.7  76.7 309.7  76.7 1.27E-02 000.7 161.1  45.0 9.356869 11.61116 5.761957 shoemake 2024-08-28 12:25:41 
TT 130 304.0  73.1 304.0  73.1 1.21E-02 001.2 155.6  45.2 11.13084 22.05856 5.805245 shoemake 2024-08-30 15:53:34 
TT 160 301.7  75.1 301.7  75.1 1.06E-02 001.2 158.2  46.4 12.27856 17.65079 5.529488 shoemake 2024-09-06 14:48:02 
TT 190 295.8  69.7 295.8  69.7 9.95E-03 005.8 149.8  46.8 50.33949 87.37742 4.919650 shoemake 2024-09-10 16:01:48 
TT 210 296.1  75.5 296.1  75.5 6.15E-03 001.0 158.3  47.9 4.784710 8.550620 4.168468 shoemake 2024-10-16 19:29:58 
TT 240 300.3  75.6 300.3  75.6 5.50E-03 000.8 158.7  46.9 5.265705 6.162137 2.395685 shoemake 2024-10-30 15:10:35 
TT 270 297.9  74.1 297.9  74.1 5.43E-03 001.1 156.4  47.2 7.524045 8.071184 3.401001 shoemake 2024-11-11 22:09:20 
TT 300 297.7  76.0 297.7  76.0 5.29E-03 004.5 159.1  47.6 17.23430 38.19812 4.321459 shoemake 2024-11-16 11:17:20 
TT 330 294.4  75.5 294.4  75.5 5.01E-03 001.7 158.3  48.3 8.193219 12.16998 3.840165 shoemake 2024-11-17 00:10:54 
TT 360 293.8  75.8 293.8  75.8 3.96E-03 002.0 158.7  48.5 8.933685 10.12222 4.523967 shoemake 2024-11-24 15:00:36 
TT 390 285.2  70.7 285.2  70.7 2.50E-03 001.7 150.4  50.5 5.223228 4.971392 2.781953 shoemake 2024-11-26 11:24:54 
TT 420 261.2  73.9 261.2  73.9 2.96E-04 003.1 157.9  57.1 1.217076 0.974211 0.904955 shoemake 2024-11-27 23:40:57 
TT 450 255.4  58.5 255.4  58.5 2.45E-04 004.0 129.0  63.4 1.378688 0.962698 0.691934 shoemake 2024-12-06 15:40:03 
TT 480 286.2  73.0 286.2  73.0 2.76E-04 005.0 154.2  50.3 1.663429 1.976337 0.405387 shoemake 2025-02-22 23:16:50 
TT 510 236.4  67.4 236.4  67.4 2.01E-04 006.9 157.2  67.5 1.669729 1.809088 0.374442 shoemake 2025-02-28 02:07:23 
