PKQA- 2C 
        305.0  72.0   0.0   0.0   1.0
NRM    307.1  77.9 307.1  77.9 2.03E-02 003.7 167.4  16.5 28.41258 127.5473 26.97535 shoemake 2024-07-15 19:36:48 
LT1 77 307.5  77.5 307.5  77.5 1.91E-02 000.8 167.0  16.3 11.55687 15.90005 19.91325 shoemake 2024-07-29 20:47:39 
LT2 77 308.5  78.6 308.5  78.6 1.89E-02 002.5 168.2  16.3 32.76812 75.27781 21.09575 shoemake 2024-08-11 18:36:19 
TT  70 302.9  69.6 302.9  69.6 1.84E-02 007.3 158.7  16.4 79.40769 223.1496 22.00473 shoemake 2024-08-16 10:18:44 
TT  70 303.4  70.7 303.4  70.7 1.85E-02 007.2 159.8  16.4 76.87436 219.4412 19.84297 shoemake 2024-08-19 13:13:10 
TT  70 303.9  72.0 303.9  72.0 1.85E-02 005.7 161.2  16.4 54.77759 177.7672 18.28684 shoemake 2024-08-20 10:45:53 
TT 100 305.5  75.9 305.5  75.9 1.72E-02 009.6 165.3  16.5 65.05924 282.6895 22.85039 shoemake 2024-08-28 11:48:44 
TT 130 302.1  71.1 302.1  71.1 1.30E-02 003.5 160.2  16.9 37.16218 67.90285 22.26391 shoemake 2024-08-30 15:16:27 
TT 160 298.7  62.3 298.7  62.3 1.09E-02 000.7 150.9  17.3 7.185932 8.053355 10.75437 shoemake 2024-09-06 14:11:16 
TT 190 298.4  69.0 298.4  69.0 9.80E-03 003.8 157.9  17.9 22.79027 60.74564 11.62044 shoemake 2024-09-10 15:24:47 
TT 210 295.0  69.4 295.0  69.4 4.35E-03 004.5 158.3  19.2 11.03299 32.08948 6.297332 shoemake 2024-10-16 17:08:35 
TT 240 294.9  68.7 294.9  68.7 4.40E-03 000.9 157.6  19.2 3.775377 5.390205 3.363935 shoemake 2024-10-30 14:33:17 
TT 270 294.0  66.8 294.0  66.8 4.33E-03 002.4 155.5  19.5 6.937786 16.20230 5.144157 shoemake 2024-11-11 21:32:17 
TT 300 294.4  68.2 294.4  68.2 4.35E-03 002.6 157.1  19.4 7.369630 17.74599 6.214992 shoemake 2024-11-16 10:37:57 
TT 330 293.4  71.3 293.4  71.3 4.28E-03 001.8 160.3  19.7 4.594235 11.28932 5.820782 shoemake 2024-11-16 23:33:52 
TT 360 293.8  67.6 293.8  67.6 4.24E-03 003.3 156.4  19.6 8.830341 21.26359 8.243994 shoemake 2024-11-24 14:23:32 
TT 390 292.6  72.4 292.6  72.4 4.08E-03 002.3 161.5  19.9 5.089995 13.66411 7.939590 shoemake 2024-11-26 00:48:18 
TT 420 294.4  70.9 294.4  70.9 3.63E-03 002.0 159.9  19.4 4.951116 8.453802 8.417931 shoemake 2024-11-27 22:17:28 
TT 450 294.0  71.3 294.0  71.3 3.31E-03 001.5 160.3  19.5 4.673690 3.855042 6.859518 shoemake 2024-12-06 15:02:43 
TT 480 295.0  66.8 295.0  66.8 2.94E-03 002.2 155.5  19.1 3.978375 10.65708 1.717400 shoemake 2025-02-22 01:40:30 
TT 510 292.6  69.4 292.6  69.4 2.11E-03 000.8 158.3  20.0 2.129266 2.614782 1.322655 shoemake 2025-02-27 15:50:49 
