PKQA- 6F 
        283.0  54.0   0.0   0.0   1.0
NRM    128.8 -02.4 128.8 -02.4 5.63E-02 002.4 290.1  21.7 213.0272 90.05229 71.09970 shoemake 2024-07-15 21:09:59 
LT1 77 128.8 -01.9 128.8 -01.9 4.89E-02 004.3 289.7  21.9 349.3897 117.0542 29.21316 shoemake 2024-07-29 22:57:41 
LT2 77 124.9  02.8 124.9  02.8 4.80E-02 001.1 283.1  21.8 82.61512 38.21267 35.85921 shoemake 2024-08-11 20:28:42 
TT  70 122.9  05.6 122.9  05.6 4.50E-02 008.8 279.4  22.0 680.4718 125.5722 32.80566 shoemake 2024-08-16 12:07:10 
TT  70 124.9  02.6 124.9  02.6 4.55E-02 002.7 283.3  21.8 201.0241 61.59114 30.21205 shoemake 2024-08-19 13:30:54 
TT 100 124.1  03.6 124.1  03.6 4.43E-02 004.4 282.0  21.8 328.7030 81.42853 26.08977 shoemake 2024-08-28 13:24:59 
TT 130 130.6 -03.9 130.6 -03.9 3.24E-02 000.8 292.6  22.0 38.87928 21.21596 22.60990 shoemake 2024-08-30 16:52:46 
TT 160 126.8  01.6 126.8  01.6 2.75E-02 003.7 285.4  22.7 171.8680 43.99801 15.60328 shoemake 2024-09-06 15:47:12 
TT 190 134.0 -06.1 134.0 -06.1 2.43E-02 006.0 296.8  23.0 227.0788 117.4473 13.71883 shoemake 2024-09-10 17:01:09 
TT 210 134.6 -04.4 134.6 -04.4 1.41E-02 002.4 295.9  24.6 53.36274 25.18699 10.14311 shoemake 2024-10-16 20:30:11 
TT 240 138.7 -08.2 138.7 -08.2 1.41E-02 002.9 302.0  24.9 58.85271 39.34775 6.535798 shoemake 2024-10-30 16:10:05 
TT 270 137.7 -06.8 137.7 -06.8 1.39E-02 002.3 300.2  25.1 48.98722 30.14977 8.863022 shoemake 2024-11-11 23:22:17 
TT 300 138.2 -07.1 138.2 -07.1 1.39E-02 000.8 300.8  25.2 11.34220 13.47851 11.49127 shoemake 2024-11-16 12:17:02 
TT 330 136.7 -05.6 136.7 -05.6 1.38E-02 001.7 298.5  25.3 34.93616 20.18795 10.92033 shoemake 2024-11-17 01:10:18 
TT 360 138.2 -06.8 138.2 -06.8 1.35E-02 001.8 300.5  25.5 29.73014 24.45883 21.31850 shoemake 2024-11-24 16:09:29 
TT 390 139.5 -07.8 139.5 -07.8 1.30E-02 002.0 302.3  25.7 32.06384 27.65353 18.73732 shoemake 2024-11-26 12:24:23 
TT 420 135.0 -03.9 135.0 -03.9 1.11E-02 001.8 295.8  25.2 21.56409 18.49058 23.44653 shoemake 2024-11-28 00:40:13 
TT 450 138.2 -07.8 138.2 -07.8 1.01E-02 001.9 301.4  24.8 26.04613 17.55812 15.19051 shoemake 2024-12-06 16:39:35 
TT 480 136.6 -07.1 136.6 -07.1 8.41E-03 004.5 299.6  24.1 57.22038 33.65268 3.599508 shoemake 2025-02-23 01:05:03 
TT 510 133.0 -02.8 133.0 -02.8 6.09E-03 002.5 293.4  24.5 24.39732 10.27265 2.777779 shoemake 2025-02-28 13:25:42 
