PKQA- 5I 
        278.0  49.0   0.0   0.0   1.0
NRM    122.2  21.2 122.2  21.2 4.74E-02 002.8 270.7  34.2 220.3212 73.32878 51.17562 shoemake 2024-07-15 20:40:51 
LT1 77 124.2  18.5 124.2  18.5 4.18E-02 005.0 274.6  34.1 364.6657 34.94662 21.23306 shoemake 2024-07-29 22:16:16 
LT2 77 123.7  18.9 123.7  18.9 4.11E-02 003.7 273.9  34.0 265.5169 41.31409 26.11644 shoemake 2024-08-11 19:53:43 
TT  70 127.5  13.0 127.5  13.0 2.49E-02 005.1 282.1  33.1 215.1095 58.69558 15.31158 shoemake 2024-08-16 11:32:35 
TT 100 128.1  12.1 128.1  12.1 2.49E-02 003.5 283.5  32.9 144.0671 43.04431 13.41532 shoemake 2024-08-28 12:55:18 
TT 130 125.8  14.9 125.8  14.9 2.48E-02 001.8 279.2  33.1 73.48599 25.87503 12.69649 shoemake 2024-08-30 16:23:07 
TT 160 127.7  12.5 127.7  12.5 2.34E-02 003.3 282.7  32.9 127.7518 39.18538 12.51206 shoemake 2024-09-06 15:17:39 
TT 190 125.8  13.8 125.8  13.8 2.22E-02 004.1 280.1  32.4 157.2797 31.79106 12.23920 shoemake 2024-09-10 16:31:25 
TT 210 136.1  03.8 136.1  03.8 1.52E-02 005.9 297.0  32.8 140.6368 69.08712 10.65233 shoemake 2024-10-16 19:59:16 
TT 240 133.7  05.7 133.7  05.7 7.02E-03 001.1 293.5  32.6 12.31990 6.774207 3.430949 shoemake 2024-10-30 15:40:16 
TT 270 134.9  04.8 134.9  04.8 6.88E-03 001.0 295.2  32.7 8.867569 8.074130 5.586298 shoemake 2024-11-11 22:38:42 
TT 300 136.1  03.8 136.1  03.8 6.64E-03 001.2 297.0  32.8 9.230461 8.354294 7.075379 shoemake 2024-11-16 11:47:04 
TT 330 137.6  03.0 137.6  03.0 6.24E-03 001.0 299.1  33.2 6.443906 7.377127 6.488799 shoemake 2024-11-17 00:40:30 
TT 360 139.4  00.6 139.4  00.6 4.26E-03 002.9 302.6  32.5 17.09031 11.27499 7.465278 shoemake 2024-11-24 15:30:09 
TT 390 143.8 -02.2 143.8 -02.2 2.30E-03 001.7 308.8  33.0 4.054003 3.830186 4.459871 shoemake 2024-11-26 11:54:36 
TT 420 159.5 -30.3 159.5 -30.3 4.76E-05 004.5 337.6  15.0 0.165352 0.277671 0.195898 shoemake 2024-11-28 00:10:26 
TT 420 189.1 -49.8 189.1 -49.8 4.32E-05 027.1 002.8 -00.9 0.122938 1.834822 1.219024 shoemake 2024-12-04 18:21:31 
TT 420 158.7 -29.4 158.7 -29.4 4.81E-05 002.7 336.7  15.6 0.116348 0.163595 0.123745 shoemake 2024-12-04 22:05:58 
TT 450 159.9 -10.3 159.9 -10.3 4.60E-05 002.0 330.2  33.8 0.106052 0.091825 0.098206 shoemake 2024-12-06 16:09:45 
TT 480 177.6 -27.8 177.6 -27.8 3.84E-05 005.1 353.3  20.9 0.324945 0.326641 0.038628 shoemake 2025-02-23 00:04:30 
TT 510 152.5 -06.1 152.5 -06.1 4.37E-05 005.0 320.1  34.4 0.332207 0.330440 0.061666 shoemake 2025-02-28 12:36:52 
