PKQA- 6K 
        283.0  54.0   0.0   0.0   1.0
NRM    124.9  02.2 124.9  02.2 4.56E-02 001.7 283.6  21.5 103.7131 49.44081 73.62855 shoemake 2024-07-15 21:20:16 
LT1 77 127.2 -00.3 127.2 -00.3 4.02E-02 000.8 287.3  21.8 49.92276 28.61599 20.43694 shoemake 2024-07-29 23:12:24 
LT2 77 124.5  03.5 124.5  03.5 3.96E-02 003.2 282.3  22.0 210.2115 62.41894 30.97264 shoemake 2024-08-11 20:41:07 
TT  70 128.5 -01.8 128.5 -01.8 3.41E-02 005.5 289.4  21.8 308.3950 118.1634 22.69809 shoemake 2024-08-16 12:19:23 
TT 100 127.8 -01.1 127.8 -01.1 3.40E-02 006.1 288.3  21.7 340.1804 120.0569 19.93891 shoemake 2024-08-28 13:37:14 
TT 130 134.1 -07.1 134.1 -07.1 2.42E-02 003.6 297.7  22.5 131.3390 77.09214 15.57889 shoemake 2024-08-30 17:05:05 
TT 160 136.4 -08.1 136.4 -08.1 1.99E-02 010.1 300.1  23.3 302.4493 183.7081 12.11750 shoemake 2024-09-06 15:59:34 
TT 190 135.7 -07.3 135.7 -07.3 1.78E-02 002.0 299.1  23.4 53.59665 29.58673 11.19461 shoemake 2024-09-10 17:13:26 
TT 210 140.2 -10.8 140.2 -10.8 9.65E-03 001.4 305.1  24.0 16.76364 15.86725 7.288902 shoemake 2024-10-16 20:42:25 
TT 240 143.6 -13.3 143.6 -13.3 9.70E-03 000.8 309.7  24.3 9.377855 9.209316 5.778304 shoemake 2024-10-30 16:22:25 
TT 270 142.2 -11.8 142.2 -11.8 9.56E-03 001.1 307.5  24.5 12.94637 12.57339 9.003676 shoemake 2024-11-11 23:34:31 
TT 300 143.4 -12.7 143.4 -12.7 9.49E-03 001.7 309.1  24.6 19.83896 18.19707 10.91473 shoemake 2024-11-16 12:29:39 
TT 330 140.6 -10.1 140.6 -10.1 9.40E-03 001.0 305.0  24.7 10.13286 9.936474 10.41693 shoemake 2024-11-17 02:38:23 
TT 360 145.6 -14.2 145.6 -14.2 9.10E-03 001.5 312.0  24.8 13.46663 14.90828 14.40935 shoemake 2024-11-24 16:21:46 
TT 390 142.6 -11.6 142.6 -11.6 8.34E-03 004.8 307.7  24.9 53.86906 42.54621 13.87333 shoemake 2024-11-26 12:39:48 
TT 420 139.0 -09.5 139.0 -09.5 6.80E-03 003.2 303.3  24.0 28.90904 21.39143 14.51820 shoemake 2024-11-28 00:52:27 
TT 450 143.2 -12.8 143.2 -12.8 6.38E-03 004.9 309.0  24.4 41.79937 34.25940 10.89032 shoemake 2024-12-06 16:51:55 
TT 480 142.2 -13.0 142.2 -13.0 6.03E-03 001.0 308.4  23.6 8.530001 7.747835 3.591788 shoemake 2025-02-23 02:18:21 
TT 510 141.3 -12.0 141.3 -12.0 5.09E-03 000.7 306.9  23.8 4.965220 4.922477 3.068880 shoemake 2025-02-28 13:44:23 
