PKQA- 8K 
        350.0  50.0   0.0   0.0   1.0
NRM    141.8  56.6 141.8  56.6 8.13E-02 003.1 212.4  21.0 185.3449 388.6730 121.5032 shoemake 2024-07-15 22:28:18 
LT1 77 145.3  53.8 145.3  53.8 7.64E-02 002.5 216.0  20.7 202.3797 267.8461 55.07737 shoemake 2024-07-30 00:20:51 
LT2 77 143.2  55.2 143.2  55.2 7.44E-02 001.0 214.0  20.7 88.31339 77.85592 65.72862 shoemake 2024-08-11 21:38:38 
TT  70 142.4  59.4 142.4  59.4 4.23E-02 006.1 210.3  23.1 257.3398 371.4251 45.33116 shoemake 2024-08-16 13:27:00 
TT 100 142.5  59.2 142.5  59.2 4.22E-02 001.9 210.5  23.0 92.01358 107.9231 37.49391 shoemake 2024-08-28 14:26:35 
TT 130 148.9  55.1 148.9  55.1 4.24E-02 001.0 216.4  23.1 59.48442 35.55427 42.44042 shoemake 2024-08-30 19:10:47 
TT 160 146.5  58.3 146.5  58.3 3.70E-02 001.3 212.7  24.1 59.40661 59.29946 29.50343 shoemake 2024-09-06 16:48:47 
TT 190 141.1  63.0 141.1  63.0 3.18E-02 004.5 206.8  25.0 124.8408 216.6125 23.26408 shoemake 2024-09-10 18:03:04 
TT 210 154.7  56.9 154.7  56.9 1.72E-02 005.2 216.8  26.8 104.0646 117.5362 21.17895 shoemake 2024-10-16 22:15:42 
TT 240 145.6  64.0 145.6  64.0 9.17E-03 004.3 207.4  27.2 34.55083 60.64348 5.390748 shoemake 2024-10-30 17:12:12 
TT 270 156.1  57.4 156.1  57.4 8.86E-03 002.7 216.7  27.8 27.44636 32.02707 8.432380 shoemake 2024-11-12 00:32:58 
TT 300 148.4  64.1 148.4  64.1 8.51E-03 007.3 208.1  28.2 53.53989 94.09873 9.238022 shoemake 2024-11-16 13:19:19 
TT 330 152.0  62.2 152.0  62.2 8.08E-03 002.2 210.9  28.5 18.79999 24.62262 8.506015 shoemake 2024-11-17 03:30:07 
TT 360 154.8  62.2 154.8  62.2 6.04E-03 002.0 211.6  29.7 13.20909 13.91869 10.30686 shoemake 2024-11-24 17:11:40 
TT 390 156.6  64.7 156.6  64.7 3.68E-03 006.1 209.6  31.6 21.75985 32.70560 6.715855 shoemake 2024-11-26 15:09:27 
TT 420 209.3  86.0 209.3  86.0 1.84E-04 003.5 184.0  42.7 0.619780 0.859286 0.580434 shoemake 2024-11-28 01:42:05 
TT 450 248.2  72.7 248.2  72.7 1.08E-04 002.2 184.6  57.0 0.290836 0.292399 0.224176 shoemake 2024-12-06 17:41:43 
TT 480 298.9  73.2 298.9  73.2 9.45E-05 003.4 162.0  51.2 0.241509 0.516839 0.117472 shoemake 2025-02-23 11:00:28 
TT 510 259.1  68.2 259.1  68.2 1.01E-04 003.2 178.1  61.8 0.283958 0.495764 0.130479 shoemake 2025-02-28 15:58:03 
