PKQA- 7H 
        359.0  57.0   0.0   0.0   1.0
NRM    125.3  32.0 125.3  32.0 7.71E-02 002.0 214.0 -15.0 143.6570 203.6573 124.6035 shoemake 2024-07-15 21:38:54 
LT1 77 128.1  30.6 128.1  30.6 7.01E-02 005.6 216.9 -14.8 407.6986 557.6839 72.25417 shoemake 2024-07-29 23:39:03 
LT2 77 123.7  33.2 123.7  33.2 6.92E-02 003.7 212.2 -14.8 227.7709 373.9525 81.13074 shoemake 2024-08-11 21:03:35 
TT  70 129.4  32.2 129.4  32.2 4.76E-02 002.5 216.8 -12.8 122.9020 155.6051 60.92694 shoemake 2024-08-16 12:52:31 
TT 100 125.5  34.0 125.5  34.0 4.61E-02 015.4 213.1 -13.2 689.2905 1063.831 42.91256 shoemake 2024-08-28 13:54:29 
TT 130 129.0  34.2 129.0  34.2 3.86E-02 001.3 215.3 -11.4 43.36639 68.97673 48.09160 shoemake 2024-08-30 17:22:24 
TT 160 127.3  37.3 127.3  37.3 2.93E-02 002.1 212.4 -09.7 55.84045 87.15510 27.82445 shoemake 2024-09-06 16:16:40 
TT 190 134.6  34.1 134.6  34.1 2.53E-02 003.1 219.2 -08.7 83.32667 106.6933 30.20548 shoemake 2024-09-10 17:30:49 
TT 210 132.4  38.0 132.4  38.0 1.17E-02 002.0 215.3 -06.8 22.87919 29.94652 15.98526 shoemake 2024-10-16 20:59:39 
TT 240 134.3  37.5 134.3  37.5 1.14E-02 004.5 216.8 -06.2 53.02017 71.68344 6.607627 shoemake 2024-10-30 16:39:54 
TT 270 133.7  38.0 133.7  38.0 1.12E-02 003.9 216.1 -06.1 40.52069 63.83414 12.09541 shoemake 2024-11-11 23:51:53 
TT 300 131.6  39.4 131.6  39.4 1.10E-02 004.1 213.9 -06.0 42.65852 65.93874 15.25045 shoemake 2024-11-16 12:47:06 
TT 330 129.9  40.9 129.9  40.9 1.06E-02 001.4 212.0 -05.7 12.78305 18.87746 14.87438 shoemake 2024-11-17 02:55:54 
TT 360 130.1  41.4 130.1  41.4 8.84E-03 001.7 211.8 -05.2 10.85550 17.96219 17.00537 shoemake 2024-11-24 16:39:13 
TT 390 128.1  43.1 128.1  43.1 7.61E-03 002.1 209.6 -04.6 12.18597 22.05555 14.60996 shoemake 2024-11-26 14:37:04 
TT 420 132.0  43.6 132.0  43.6 4.75E-03 002.3 211.6 -02.5 7.431405 12.73671 12.31474 shoemake 2024-11-28 01:09:50 
TT 450 135.9  42.9 135.9  42.9 4.13E-03 005.1 214.3 -01.3 19.84798 29.97829 8.763704 shoemake 2024-12-06 17:09:26 
TT 480 138.9  41.1 138.9  41.1 3.76E-03 005.9 217.2 -01.2 23.28331 31.49079 1.773527 shoemake 2025-02-23 04:47:37 
TT 510 131.7  46.4 131.7  46.4 3.36E-03 002.8 209.7 -00.4 8.082831 14.75574 1.571445 shoemake 2025-02-28 14:01:50 
