PKQA- 6B 
        283.0  54.0   0.0   0.0   1.0
NRM    128.0 -01.5 128.0 -01.5 8.66E-02 001.2 288.8  21.6 72.05415 96.90356 141.4288 shoemake 2024-07-15 21:01:34 
LT1 77 128.5 -01.7 128.5 -01.7 7.52E-02 003.1 289.3  21.9 387.0278 123.5443 75.74168 shoemake 2024-07-29 22:45:51 
LT2 77 129.2 -02.2 129.2 -02.2 7.43E-02 000.8 290.2  22.0 64.04100 55.54170 71.72313 shoemake 2024-08-11 20:18:44 
TT  70 125.9  01.8 125.9  01.8 7.28E-02 003.5 284.6  22.0 432.1404 108.5286 65.96638 shoemake 2024-08-16 11:57:13 
TT 100 126.4  01.2 126.4  01.2 6.84E-02 008.5 285.4  22.1 990.2229 264.5758 66.62674 shoemake 2024-08-28 13:15:00 
TT 130 128.8 -01.6 128.8 -01.6 5.51E-02 003.6 289.4  22.2 319.3370 119.6316 50.63098 shoemake 2024-08-30 16:42:53 
TT 160 127.6 -00.1 127.6 -00.1 5.46E-02 003.7 287.4  22.2 333.1204 109.9334 37.83458 shoemake 2024-09-06 15:37:24 
TT 190 128.7 -01.5 128.7 -01.5 5.36E-02 009.7 289.3  22.1 866.3280 288.0982 54.67594 shoemake 2024-09-10 16:51:07 
TT 210 128.6 -00.6 128.6 -00.6 4.37E-02 007.9 288.5  22.6 574.4225 183.5890 42.41963 shoemake 2024-10-16 20:20:24 
TT 210 130.7 -03.0 130.7 -03.0 4.35E-02 010.1 292.0  22.7 717.5487 282.2635 44.48036 shoemake 2024-10-17 12:09:04 
TT 210 132.9 -05.5 132.9 -05.5 4.38E-02 007.1 295.5  22.6 494.6663 228.9580 40.25624 shoemake 2024-10-17 17:47:54 
TT 240 134.3 -05.1 134.3 -05.1 1.87E-02 004.9 296.2  23.9 144.3564 66.64708 15.89553 shoemake 2024-10-30 16:00:03 
TT 270 134.4 -05.2 134.4 -05.2 1.81E-02 001.1 296.5  23.9 23.45857 17.07808 22.06678 shoemake 2024-11-11 23:12:18 
TT 300 134.3 -04.9 134.3 -04.9 1.73E-02 002.3 296.1  24.0 59.68945 27.86769 22.45780 shoemake 2024-11-16 12:07:00 
TT 330 135.6 -06.6 135.6 -06.6 1.61E-02 001.1 298.4  23.8 18.36465 16.83127 20.94993 shoemake 2024-11-17 01:00:17 
TT 360 134.0 -04.9 134.0 -04.9 1.28E-02 002.8 295.8  23.9 53.78554 25.17187 24.13564 shoemake 2024-11-24 15:59:25 
TT 390 134.5 -05.0 134.5 -05.0 1.05E-02 002.1 296.3  24.1 29.94236 17.04010 19.50728 shoemake 2024-11-26 12:14:21 
TT 420 138.1 -07.1 138.1 -07.1 1.36E-03 005.7 300.7  25.2 11.84518 5.061960 4.514714 shoemake 2024-11-28 00:30:15 
TT 450 143.6 -10.8 143.6 -10.8 7.55E-04 003.9 308.0  26.2 4.130439 2.470219 2.002093 shoemake 2024-12-06 16:29:33 
TT 480 142.0 -09.2 142.0 -09.2 6.95E-04 002.9 305.5  26.3 3.113678 1.755016 0.723639 shoemake 2025-02-23 00:54:58 
TT 510 148.9 -13.1 148.9 -13.1 4.73E-04 001.5 314.1  27.6 1.138229 0.859679 0.456782 shoemake 2025-02-28 13:15:40 
