PKQA- 5O 
        278.0  49.0   0.0   0.0   1.0
NRM    124.3  18.5 124.3  18.5 3.09E-02 001.8 274.7  34.2 74.82555 47.25684 46.50781 shoemake 2024-07-15 20:53:23 
LT1 77 128.0  13.5 128.0  13.5 2.77E-02 003.0 282.1  33.8 138.8235 45.87151 22.80965 shoemake 2024-07-29 22:34:00 
LT2 77 124.7  17.3 124.7  17.3 2.72E-02 004.7 276.1  33.7 221.8727 23.05126 14.37369 shoemake 2024-08-11 20:08:51 
TT  70 125.7  14.9 125.7  14.9 1.90E-02 012.4 279.0  33.0 412.8252 63.01027 19.79014 shoemake 2024-08-16 11:47:27 
TT  70 127.9  11.3 127.9  11.3 1.94E-02 002.5 284.0  32.3 80.37868 18.16951 17.48211 shoemake 2024-08-19 13:23:28 
TT 100 126.1  13.4 126.1  13.4 1.93E-02 007.1 280.7  32.3 236.3952 38.05905 19.08249 shoemake 2024-08-28 13:10:02 
TT 130 129.8  09.4 129.8  09.4 1.89E-02 002.6 287.2  32.3 79.86853 21.64329 19.96131 shoemake 2024-08-30 16:38:01 
TT 160 129.9  09.0 129.9  09.0 1.87E-02 002.7 287.6  32.1 81.61875 35.38935 16.57245 shoemake 2024-09-06 15:32:22 
TT 190 127.5  11.4 127.5  11.4 1.83E-02 003.4 283.6  32.1 106.5886 20.20625 15.99815 shoemake 2024-09-10 16:46:10 
TT 210 131.9  06.2 131.9  06.2 1.43E-02 003.1 291.6  31.6 71.86040 24.43863 14.59042 shoemake 2024-10-16 20:14:03 
TT 240 136.1  00.4 136.1  00.4 5.70E-03 002.5 299.8  30.2 21.89043 11.23819 4.317560 shoemake 2024-10-30 15:55:12 
TT 270 136.9  00.6 136.9  00.6 5.45E-03 007.5 300.3  31.0 62.77817 34.30203 5.008427 shoemake 2024-11-11 23:07:26 
TT 300 137.9 -00.5 137.9 -00.5 5.29E-03 003.4 302.0  30.7 27.38142 14.81487 6.789420 shoemake 2024-11-16 12:02:07 
TT 330 136.7  00.5 136.7  00.5 4.94E-03 002.4 300.2  30.7 17.94937 8.852162 6.382536 shoemake 2024-11-17 00:55:24 
TT 360 141.4 -03.3 141.4 -03.3 3.72E-03 003.8 307.2  30.7 20.22914 12.83319 6.999140 shoemake 2024-11-24 15:54:31 
TT 390 142.1 -04.3 142.1 -04.3 2.80E-03 002.9 308.6  30.3 11.21479 7.314900 5.391041 shoemake 2024-11-26 12:09:28 
TT 420 162.7 -18.7 162.7 -18.7 1.35E-04 006.1 336.5  26.9 0.774193 1.117761 0.492737 shoemake 2024-11-28 00:25:23 
TT 420 191.0 -48.9 191.0 -48.9 1.13E-04 034.8 004.1 -00.1 0.541726 4.912327 6.127186 shoemake 2024-12-04 18:36:18 
TT 420 157.1 -16.9 157.1 -16.9 1.34E-04 004.3 330.3  26.7 0.374118 0.892193 0.376335 shoemake 2024-12-04 22:20:48 
TT 450 157.2 -15.2 157.2 -15.2 8.57E-05 003.7 329.6  28.3 0.201034 0.486029 0.212173 shoemake 2024-12-06 16:24:40 
TT 480 156.8 -21.5 156.8 -21.5 7.89E-05 002.6 331.9  22.3 0.322191 0.331596 0.064005 shoemake 2025-02-23 00:50:03 
TT 510 157.8 -15.4 157.8 -15.4 7.14E-05 003.8 330.3  28.4 0.376169 0.410149 0.044192 shoemake 2025-02-28 13:10:47 
