PKQA- 7I 
        359.0  57.0   0.0   0.0   1.0
NRM    135.0  30.5 135.0  30.5 6.56E-02 005.0 221.8 -11.2 383.4798 422.4080 105.9702 shoemake 2024-07-15 21:40:58 
LT1 77 131.1  33.1 131.1  33.1 6.01E-02 001.5 217.4 -11.3 85.00156 114.5718 69.76179 shoemake 2024-07-29 23:42:03 
LT2 77 130.7  33.5 130.7  33.5 5.92E-02 003.5 217.0 -11.2 204.9926 292.7819 93.99927 shoemake 2024-08-11 21:06:03 
TT  70 129.3  37.2 129.3  37.2 3.89E-02 005.2 213.8 -08.9 197.4181 286.9260 55.35353 shoemake 2024-08-16 12:55:01 
TT 100 135.7  33.1 135.7  33.1 3.85E-02 009.5 220.5 -08.9 417.3874 487.2035 46.07526 shoemake 2024-08-28 13:56:56 
TT 130 133.2  36.9 133.2  36.9 3.23E-02 003.8 216.5 -07.3 132.1191 165.6642 51.34344 shoemake 2024-08-30 17:24:50 
TT 160 129.9  41.5 129.9  41.5 2.44E-02 005.1 211.6 -05.2 114.4503 184.5057 26.30419 shoemake 2024-09-06 16:19:11 
TT 190 127.2  44.3 127.2  44.3 2.08E-02 007.3 208.4 -03.9 123.3221 233.5173 33.25114 shoemake 2024-09-10 17:33:17 
TT 210 136.0  41.7 136.0  41.7 9.87E-03 003.7 215.1 -02.2 35.38331 52.21271 14.68663 shoemake 2024-10-16 21:02:04 
TT 240 138.6  41.2 138.6  41.2 9.53E-03 004.0 216.9 -01.3 38.89011 54.44262 6.707445 shoemake 2024-10-30 16:42:21 
TT 270 138.2  41.6 138.2  41.6 9.29E-03 002.0 216.4 -01.1 18.17432 25.67927 10.19179 shoemake 2024-11-11 23:54:35 
TT 300 138.1  42.0 138.1  42.0 9.03E-03 001.1 216.0 -00.9 8.384048 10.69989 13.16951 shoemake 2024-11-16 12:49:33 
TT 330 137.1  43.3 137.1  43.3 8.71E-03 003.7 214.6 -00.4 31.92030 44.68901 12.78850 shoemake 2024-11-17 02:58:21 
TT 360 140.4  41.9 140.4  41.9 7.00E-03 003.2 217.4  00.2 22.84715 29.90136 12.98916 shoemake 2024-11-24 16:41:40 
TT 390 135.3  46.4 135.3  46.4 6.00E-03 003.5 211.7  01.1 18.63302 30.30888 11.75569 shoemake 2024-11-26 14:39:46 
TT 420 137.4  48.2 137.4  48.2 3.41E-03 003.3 211.6  03.4 9.644627 15.18995 8.909862 shoemake 2024-11-28 01:12:17 
TT 450 135.7  51.2 135.7  51.2 2.96E-03 002.2 208.8  04.9 5.098364 7.969745 6.578452 shoemake 2024-12-06 17:11:53 
TT 480 142.2  48.2 142.2  48.2 2.66E-03 000.7 214.0  05.6 2.073254 3.038301 1.661541 shoemake 2025-02-23 09:53:22 
TT 510 141.7  49.1 141.7  49.1 2.37E-03 004.3 213.1  06.0 9.849860 14.97141 1.446835 shoemake 2025-02-28 15:22:27 
