WBEA- 1F 
         91.0  21.0   0.0   0.0   1.0
NRM    154.1 -38.0 154.1 -38.0 4.28E-04 005.1 142.5 -56.0 2.162072 3.021346 1.429076 shoemake 2024-06-28 15:43:49 
LN2    159.3 -38.0 159.3 -38.0 5.21E-04 002.3 149.7 -57.0 1.548579 1.620350 0.209496 shoemake 2024-07-08 15:49:58 
LN2    157.1 -39.1 157.1 -39.1 5.28E-04 002.8 146.1 -57.8 1.670811 1.949820 1.076410 shoemake 2024-07-11 18:21:44 
TT  70 163.4 -37.9 163.4 -37.9 5.45E-04 001.4 155.6 -57.7 0.807388 0.730237 0.921834 shoemake 2024-07-30 16:44:23 
TT 100 163.2 -37.5 163.2 -37.5 5.26E-04 001.4 155.4 -57.2 0.880589 0.701551 0.885587 shoemake 2024-08-01 09:56:49 
TT 130 160.3 -37.9 160.3 -37.9 5.08E-04 004.3 151.1 -57.2 2.140300 3.128374 0.643673 shoemake 2024-09-07 18:52:23 
TT 160 162.4 -37.4 162.4 -37.4 5.13E-04 001.8 154.3 -57.0 1.018043 1.112349 0.659894 shoemake 2024-09-12 14:52:15 
TT 190 159.4 -38.4 159.4 -38.4 5.17E-04 001.9 149.6 -57.5 0.538247 1.657419 0.306882 shoemake 2024-09-17 16:27:31 
TT 210 162.7 -37.5 162.7 -37.5 5.14E-04 002.3 154.7 -57.2 1.362812 1.386000 0.734430 shoemake 2024-10-11 03:26:10 
TT 240 163.9 -37.6 163.9 -37.6 4.73E-04 003.4 156.4 -57.4 1.292059 2.494162 0.465079 shoemake 2024-10-18 12:18:50 
TT 270 167.7 -37.9 167.7 -37.9 2.23E-04 039.2 161.9 -58.2 11.97336 4.020205 20.28575 shoemake 2024-10-27 11:04:02 
TT 270 164.7 -40.3 164.7 -40.3 3.93E-04 004.4 156.5 -60.2 1.210104 2.778345 0.731253 shoemake 2024-10-28 17:40:00 
TT 300 163.2 -38.7 163.2 -38.7 4.59E-04 001.5 154.9 -58.4 0.533707 1.136679 0.118910 shoemake 2024-11-06 18:30:15 
TT 330 163.4 -36.1 163.4 -36.1 3.26E-04 003.1 156.1 -55.9 0.795290 1.592795 0.302637 shoemake 2024-11-15 19:05:02 
TT 360 155.2 -23.4 155.2 -23.4 7.09E-05 005.4 149.1 -42.1 0.285812 0.607393 0.094803 shoemake 2024-11-18 18:39:52 
TT 360 180.4  20.6 180.4  20.6 5.43E-05 045.9 180.7 -00.4 0.093873 2.083945 5.204821 shoemake 2024-11-23 00:01:13 
TT 360 152.5 -22.2 152.5 -22.2 7.56E-05 003.5 146.2 -40.4 0.179467 0.427904 0.112614 shoemake 2024-11-23 21:49:14 
TT 390 185.8 -23.2 185.8 -23.2 2.41E-05 004.8 187.8 -44.0 0.074343 0.202145 0.047498 shoemake 2024-11-25 11:47:07 
TT 420 106.3  31.2 106.3  31.2 1.21E-05 018.1 116.8  23.3 0.276291 0.091794 0.301577 shoemake 2024-11-27 00:55:18 
TT 420 125.3  35.0 125.3  35.0 1.90E-05 002.3 134.4  21.4 0.052631 0.032316 0.054714 shoemake 2024-11-27 13:08:25 
TT 450 324.0  77.3 324.0  77.3 4.25E-06 016.8 215.0  77.1 0.120694 0.056617 0.031154 shoemake 2024-12-05 07:59:39 
TT 450 351.3  71.8 351.3  71.8 5.75E-06 005.1 221.3  86.0 0.032969 0.034271 0.069687 shoemake 2024-12-05 15:44:13 
TT 450 207.8  59.0 207.8  59.0 8.06E-06 029.0 198.4  39.6 0.327047 0.355017 0.024683 shoemake 2025-02-06 05:58:47 
TT 450 215.9  58.4 215.9  58.4 8.39E-06 026.4 203.8  40.1 0.318450 0.324167 0.023465 shoemake 2025-02-07 01:09:11 
TT 450 220.3  59.9 220.3  59.9 8.82E-06 025.7 206.1  42.1 0.323872 0.331445 0.019711 shoemake 2025-02-10 18:06:43 
TT 450 215.5  59.7 215.5  59.7 8.79E-06 025.0 203.1  41.2 0.316757 0.319602 0.022862 shoemake 2025-02-12 13:40:03 
TT 450 204.9  61.7 204.9  61.7 8.45E-06 026.4 195.7  42.0 0.319491 0.327200 0.021863 shoemake 2025-02-21 10:19:58 
