WBEA- 1D 
         91.0  21.0   0.0   0.0   1.0
NRM    148.4 -37.6 148.4 -37.6 3.97E-04 002.2 135.1 -54.3 1.122726 0.805529 0.867141 shoemake 2024-06-28 15:39:31 
LN2    156.9 -38.2 156.9 -38.2 4.70E-04 002.2 146.2 -56.8 1.356941 1.431681 0.085208 shoemake 2024-07-08 15:45:41 
LN2    159.5 -38.6 159.5 -38.6 4.75E-04 002.9 149.6 -57.8 1.170450 1.971308 0.943761 shoemake 2024-07-11 18:17:24 
TT  70 160.2 -39.2 160.2 -39.2 4.85E-04 000.8 150.3 -58.4 0.441836 0.412664 0.586740 shoemake 2024-07-30 16:38:33 
TT 100 162.0 -38.7 162.0 -38.7 4.69E-04 002.3 153.3 -58.2 0.865126 1.632297 0.464979 shoemake 2024-08-01 09:51:55 
TT 130 158.5 -39.1 158.5 -39.1 4.57E-04 003.1 148.0 -58.0 1.461369 2.030659 0.378543 shoemake 2024-09-07 18:47:34 
TT 160 160.9 -38.2 160.9 -38.2 4.52E-04 000.8 151.9 -57.6 0.391364 0.370291 0.422691 shoemake 2024-09-12 14:47:23 
TT 190 161.2 -38.1 161.2 -38.1 4.56E-04 001.2 152.3 -57.5 0.744413 0.635624 0.231597 shoemake 2024-09-17 16:22:40 
TT 210 164.2 -38.0 164.2 -38.0 4.57E-04 001.2 156.6 -57.9 0.413716 0.775304 0.513758 shoemake 2024-10-11 03:21:17 
TT 240 164.8 -37.7 164.8 -37.7 4.05E-04 005.2 157.7 -57.7 1.504567 3.366820 0.267698 shoemake 2024-10-18 12:13:50 
TT 270 160.7 -39.2 160.7 -39.2 3.83E-04 002.5 151.2 -58.5 1.111618 1.212848 0.418744 shoemake 2024-10-27 10:59:30 
TT 300 161.9 -41.2 161.9 -41.2 4.13E-04 001.9 152.0 -60.6 0.712166 1.194144 0.079931 shoemake 2024-11-06 18:25:22 
TT 330 158.8 -40.2 158.8 -40.2 3.02E-04 001.6 147.9 -59.2 0.523933 0.670874 0.213997 shoemake 2024-11-15 19:00:10 
TT 360 156.0 -31.5 156.0 -31.5 6.36E-05 001.7 147.7 -50.2 0.149076 0.121492 0.091653 shoemake 2024-11-18 18:35:01 
TT 360 183.0  20.8 183.0  20.8 3.50E-05 057.1 183.1 -00.2 0.093417 0.989707 5.370320 shoemake 2024-11-22 23:56:21 
TT 360 153.9 -35.7 153.9 -35.7 6.07E-05 002.0 143.2 -53.8 0.107605 0.174688 0.096236 shoemake 2024-11-23 21:44:21 
TT 390 143.1 -17.6 143.1 -17.6 1.96E-05 003.4 136.8 -33.9 0.055781 0.074325 0.083180 shoemake 2024-11-25 11:42:14 
TT 420 347.9 -25.0 347.9 -25.0 3.92E-06 020.6 349.3 -04.4 0.063899 0.066858 0.137533 shoemake 2024-11-27 00:50:25 
TT 420 338.2 -22.9 338.2 -22.9 6.94E-06 003.5 340.3 -03.2 0.029097 0.034392 0.024022 shoemake 2024-11-27 13:05:56 
TT 450 350.9  04.7 350.9  04.7 1.16E-05 007.3 350.3  25.4 0.104671 0.070986 0.166697 shoemake 2024-12-05 07:54:43 
TT 450 283.2  27.5 283.2  27.5 1.11E-05 016.4 271.8  30.3 0.261319 0.292791 0.044620 shoemake 2025-02-06 05:53:54 
TT 450 286.9  26.4 286.9  26.4 1.13E-05 016.4 275.9  30.7 0.273037 0.291339 0.044307 shoemake 2025-02-07 01:04:20 
TT 450 288.8  27.9 288.8  27.9 1.17E-05 015.6 276.9  32.7 0.267490 0.287413 0.032824 shoemake 2025-02-10 18:01:50 
