WBEA- 2D 
        170.0   8.0   0.0   0.0   1.0
NRM    175.2 -29.5 175.2 -29.5 5.63E-03 002.3 091.9 -30.1 14.48309 9.824998 14.50613 shoemake 2024-06-28 15:56:29 
LN2    168.5 -29.1 168.5 -29.1 5.62E-03 001.3 085.4 -28.8 6.612800 8.161797 7.626147 shoemake 2024-07-08 16:04:37 
LN2    170.7 -30.3 170.7 -30.3 5.64E-03 002.6 087.3 -30.2 18.98074 8.667411 15.99264 shoemake 2024-07-11 18:36:01 
TT  70 169.0 -30.5 169.0 -30.5 5.66E-03 006.2 085.6 -30.3 58.99015 11.84974 11.84906 shoemake 2024-07-30 17:02:08 
TT 100 170.2 -29.9 170.2 -29.9 5.67E-03 003.8 086.9 -29.8 34.58340 9.075152 13.45783 shoemake 2024-08-01 10:11:43 
TT 130 173.6 -29.0 173.6 -29.0 5.14E-03 003.4 090.4 -29.3 27.34961 6.785600 12.58591 shoemake 2024-09-07 19:07:05 
TT 160 172.8 -29.2 172.8 -29.2 4.79E-03 004.0 089.6 -29.5 30.10483 7.183003 12.03301 shoemake 2024-09-12 15:07:06 
TT 190 172.7 -29.1 172.7 -29.1 4.78E-03 003.6 089.6 -29.3 26.96716 7.011043 10.99829 shoemake 2024-09-17 16:42:25 
TT 210 166.7 -30.0 166.7 -30.0 4.78E-03 001.5 083.4 -29.4 2.874459 6.310802 10.85433 shoemake 2024-10-11 03:41:03 
TT 240 174.8 -29.1 174.8 -29.1 4.40E-03 006.0 091.6 -29.6 44.75101 5.082573 11.17447 shoemake 2024-10-18 12:33:34 
TT 270 172.3 -29.2 172.3 -29.2 3.95E-03 010.9 089.1 -29.4 69.80258 28.13938 20.97401 shoemake 2024-10-27 11:41:18 
TT 270 079.6 -07.9 079.6 -07.9 4.77E-04 081.5 000.9  00.1 6.053891 375.8356 230.7451 shoemake 2024-10-28 17:47:27 
TT 270 173.0 -30.0 173.0 -30.0 4.12E-03 008.3 089.7 -30.3 58.33068 7.427708 11.92464 shoemake 2024-10-29 11:18:08 
TT 300 172.5 -29.5 172.5 -29.5 3.87E-03 005.4 089.2 -29.7 35.56961 4.883115 7.190266 shoemake 2024-11-06 18:45:12 
TT 330 172.4 -29.9 172.4 -29.9 3.13E-03 006.2 089.1 -30.1 32.47119 5.437629 8.121327 shoemake 2024-11-15 19:19:53 
TT 360 277.7 -79.8 277.7 -79.8 1.93E-08 059.9 243.2 -86.0 0.000119 0.000078 0.002496 shoemake 2024-11-18 18:54:41 
TT 360 110.1 -02.2 110.1 -02.2 7.25E-10 068.1 031.5  04.0 0.000084 0.000083 0.000036 shoemake 2024-11-19 09:08:19 
TT 360 173.1 -29.9 173.1 -29.9 2.35E-03 005.3 089.8 -30.2 20.61720 3.754866 5.910963 shoemake 2024-11-20 18:24:09 
TT 360 075.3 -11.8 075.3 -11.8 2.19E-05 086.2 356.7 -03.8 4.865276 214.9996 131.7448 shoemake 2024-11-23 00:16:16 
TT 360 167.1 -30.9 167.1 -30.9 2.35E-03 003.8 083.6 -30.3 13.08363 5.319352 6.651898 shoemake 2024-11-23 22:04:05 
TT 390 170.1 -30.4 170.1 -30.4 2.05E-03 004.0 086.7 -30.3 12.11698 4.529532 6.293403 shoemake 2024-11-25 12:02:01 
TT 420 172.1 -30.1 172.1 -30.1 1.01E-03 003.5 088.7 -30.2 4.074676 2.410705 4.037390 shoemake 2024-11-27 01:10:33 
TT 450 168.1 -29.8 168.1 -29.8 6.81E-04 004.5 084.8 -29.4 4.659663 1.526874 2.154171 shoemake 2024-12-05 08:14:41 
TT 450 161.3 -30.6 161.3 -30.6 6.93E-04 004.0 078.0 -29.3 4.199090 1.768963 1.671903 shoemake 2025-02-06 06:13:45 
TT 480 171.1 -30.4 171.1 -30.4 2.05E-04 009.8 087.7 -30.5 3.483417 0.490389 0.434115 shoemake 2025-04-09 22:58:32 
TT 510 165.4 -30.5 165.4 -30.5 1.99E-04 013.3 082.1 -29.7 4.588059 0.941976 0.452826 shoemake 2025-04-25 22:21:42 
