WBEA- 2C 
        170.0   8.0   0.0   0.0   1.0
NRM    170.3 -29.5 170.3 -29.5 1.46E-02 002.5 087.1 -29.5 60.46117 15.67355 13.78812 shoemake 2024-06-28 15:54:23 
LN2    162.7 -30.8 162.7 -30.8 1.46E-02 001.2 079.4 -29.6 18.07558 23.62465 16.57251 shoemake 2024-07-08 16:02:24 
LN2    163.8 -30.6 163.8 -30.6 1.47E-02 001.5 080.4 -29.6 28.45262 20.93542 17.57704 shoemake 2024-07-11 18:33:53 
TT  70 172.4 -29.3 172.4 -29.3 1.48E-02 000.6 089.2 -29.5 13.85171 7.589912 9.104146 shoemake 2024-07-30 16:59:12 
TT 100 170.4 -29.3 170.4 -29.3 1.47E-02 003.1 087.2 -29.3 78.65918 10.12936 8.948405 shoemake 2024-08-01 10:09:17 
TT 130 164.5 -29.9 164.5 -29.9 1.33E-02 000.7 081.3 -29.0 12.36885 7.395569 8.625622 shoemake 2024-09-07 19:04:36 
TT 160 169.6 -29.3 169.6 -29.3 1.24E-02 001.9 086.4 -29.1 39.22040 7.892891 6.611708 shoemake 2024-09-12 15:04:38 
TT 190 176.3 -28.5 176.3 -28.5 1.23E-02 005.7 093.2 -29.3 122.0482 9.588410 7.827806 shoemake 2024-09-17 16:39:56 
TT 210 173.5 -28.8 173.5 -28.8 1.23E-02 004.0 090.3 -29.2 85.99213 8.125870 8.043481 shoemake 2024-10-11 03:38:37 
TT 240 171.5 -29.0 171.5 -29.0 1.13E-02 001.1 088.3 -29.1 18.59695 6.680868 8.399034 shoemake 2024-10-18 12:31:08 
TT 270 164.7 -30.1 164.7 -30.1 1.01E-02 010.1 081.4 -29.3 154.6246 81.69370 62.18392 shoemake 2024-10-27 11:39:05 
TT 270 174.1 -29.3 174.1 -29.3 1.06E-02 006.4 090.9 -29.7 116.6650 12.48769 17.09810 shoemake 2024-10-28 17:45:00 
TT 270 174.2 -29.1 174.2 -29.1 1.06E-02 001.8 091.0 -29.6 25.39986 13.33084 18.43849 shoemake 2024-10-29 11:15:42 
TT 300 172.6 -29.1 172.6 -29.1 9.99E-03 001.6 089.4 -29.4 27.43970 4.987137 6.623953 shoemake 2024-11-06 18:42:44 
TT 330 176.0 -28.9 176.0 -28.9 8.18E-03 002.6 092.8 -29.6 36.12472 9.116357 8.489857 shoemake 2024-11-15 19:17:26 
TT 360 176.1 -29.1 176.1 -29.1 6.24E-03 001.4 092.9 -29.8 12.31332 6.914970 6.835692 shoemake 2024-11-18 18:52:14 
TT 360 260.8  07.9 260.8  07.9 8.45E-04 080.5 182.1 -00.1 18.92800 572.1408 330.8771 shoemake 2024-11-23 00:13:46 
TT 360 180.7 -28.5 180.7 -28.5 6.24E-03 001.4 097.6 -29.9 11.65684 8.151383 8.312733 shoemake 2024-11-23 22:01:37 
TT 390 174.7 -29.5 174.7 -29.5 5.38E-03 003.7 091.4 -30.0 33.02029 7.467584 8.510584 shoemake 2024-11-25 11:59:33 
TT 420 170.8 -30.2 170.8 -30.2 2.44E-03 002.4 087.5 -30.2 8.669677 3.673353 4.872946 shoemake 2024-11-27 01:08:01 
TT 450 172.4 -29.4 172.4 -29.4 1.67E-03 005.8 089.2 -29.6 16.59474 2.169625 2.829244 shoemake 2024-12-05 08:12:12 
TT 450 170.7 -29.6 170.7 -29.6 1.69E-03 003.6 087.4 -29.5 10.40382 1.924961 2.293351 shoemake 2025-02-06 06:11:17 
TT 480 172.2 -29.8 172.2 -29.8 5.60E-04 011.1 088.9 -30.0 10.92917 0.745989 0.424376 shoemake 2025-04-09 22:56:04 
TT 510 168.3 -28.7 168.3 -28.7 5.55E-04 002.1 085.3 -28.4 1.966825 0.749537 0.440415 shoemake 2025-04-25 22:19:13 
