PKS- K-1B 
         93.0  28.0   0.0   0.0   1.0
NRM    170.8 -27.5 170.8 -27.5 1.03E-01 015.9 163.1 -54.7 839.8628 2807.299 83.84587 shoemake 2024-07-15 19:09:40 
LT1 77 162.9 -26.0 162.9 -26.0 1.06E-01 000.9 152.0 -51.9 79.72640 134.4510 62.50990 shoemake 2024-07-28 17:59:16 
LT2 77 161.5 -26.4 161.5 -26.4 1.05E-01 003.6 149.9 -52.0 369.6601 554.6191 52.32395 shoemake 2024-08-12 15:05:48 
TT  70 164.3 -25.9 164.3 -25.9 9.68E-02 000.9 154.1 -52.1 120.5761 84.21339 78.02450 shoemake 2024-08-22 18:23:10 
TT  70 164.0 -26.0 164.0 -26.0 9.68E-02 001.1 153.6 -52.1 136.8796 114.4330 75.54709 shoemake 2024-08-22 22:01:53 
TT 100 163.5 -26.4 163.5 -26.4 9.57E-02 005.6 152.7 -52.3 485.3454 789.8895 96.65586 shoemake 2024-08-28 11:04:23 
TT 130 162.7 -26.1 162.7 -26.1 9.16E-02 002.5 151.7 -51.9 239.9686 318.4308 57.08793 shoemake 2024-09-02 19:32:07 
TT 160 156.5 -29.6 156.5 -29.6 5.06E-02 003.2 141.3 -53.7 192.9070 201.5824 46.10349 shoemake 2024-09-04 18:00:57 
TT 190 160.0 -29.3 160.0 -29.3 4.55E-02 006.8 146.4 -54.3 332.9147 429.8504 48.13994 shoemake 2024-09-09 15:08:07 
TT 210 179.5 -31.0 179.5 -31.0 1.40E-02 004.7 176.4 -59.0 35.56346 108.6416 11.13233 shoemake 2024-09-16 10:36:11 
TT 240 171.4 -32.3 171.4 -32.3 1.36E-02 005.1 162.7 -59.6 58.72304 106.9249 6.237714 shoemake 2024-09-18 11:51:48 
TT 270 176.1 -31.4 176.1 -31.4 1.36E-02 003.3 170.6 -59.2 36.09159 68.79935 13.23271 shoemake 2024-10-04 19:01:40 
TT 300 176.1 -32.0 176.1 -32.0 8.47E-03 002.7 170.6 -59.8 21.11276 33.97671 7.593137 shoemake 2024-10-15 17:54:57 
TT 330 166.6 -35.3 166.6 -35.3 4.62E-03 003.8 153.4 -61.7 19.06557 24.29878 3.816024 shoemake 2024-10-23 16:54:37 
TT 360 170.5 -35.2 170.5 -35.2 4.56E-03 004.7 160.1 -62.3 17.27790 33.33923 4.203199 shoemake 2025-05-21 13:10:06 
TT 390 173.4 -34.6 173.4 -34.6 4.56E-03 004.2 165.3 -62.1 13.74269 31.07422 3.983784 shoemake 2025-05-22 15:54:25 
TT 420 170.8 -34.6 170.8 -34.6 4.56E-03 002.0 160.9 -61.7 10.71923 12.41878 4.905690 shoemake 2025-05-26 14:35:36 
TT 420 169.2 -35.0 169.2 -35.0 4.59E-03 003.3 157.8 -61.9 15.27066 22.59410 6.045977 shoemake 2025-06-19 14:33:52 
TT 450 171.1 -35.1 171.1 -35.1 3.98E-03 004.9 161.1 -62.3 15.05782 30.93703 3.561276 shoemake 2025-06-30 15:03:03 
