PKS- J-2E 
         82.0  16.0   0.0   0.0   1.0
NRM    198.5 -40.4 198.5 -40.4 8.90E-03 002.7 217.1 -54.0 33.35826 21.77530 15.00245 shoemake 2024-07-15 18:57:09 
LT1 77 193.1 -38.2 193.1 -38.2 9.41E-03 003.3 209.5 -52.7 38.06698 32.77368 21.09495 shoemake 2024-07-28 17:40:37 
LT2 77 194.1 -38.2 194.1 -38.2 9.40E-03 005.1 210.9 -52.5 25.08036 77.19917 18.61838 shoemake 2024-08-12 14:50:35 
TT  70 186.5 -36.1 186.5 -36.1 9.49E-03 002.3 200.7 -51.3 17.60212 26.84730 20.53398 shoemake 2024-08-22 18:08:31 
TT  70 186.5 -36.1 186.5 -36.1 9.49E-03 002.3 200.7 -51.3 17.44182 26.87153 20.39302 shoemake 2024-08-22 21:47:14 
TT 100 186.5 -36.0 186.5 -36.0 9.50E-03 003.1 200.6 -51.2 37.72315 26.14550 22.67353 shoemake 2024-08-28 10:49:37 
TT 130 181.0 -34.8 181.0 -34.8 9.29E-03 003.6 193.4 -50.5 12.33203 54.40779 19.75805 shoemake 2024-09-02 19:17:20 
TT 160 180.0 -35.3 180.0 -35.3 7.50E-03 002.3 192.1 -51.0 22.74728 6.601081 18.44796 shoemake 2024-09-04 17:46:10 
TT 190 178.3 -34.2 178.3 -34.2 7.55E-03 003.7 189.8 -50.1 13.19363 44.41540 16.78882 shoemake 2024-09-09 14:53:17 
TT 210 172.2 -32.4 172.2 -32.4 3.44E-03 006.1 181.9 -48.4 10.16054 35.90725 2.034370 shoemake 2024-09-16 10:21:19 
TT 240 174.3 -33.0 174.3 -33.0 3.34E-03 003.7 184.6 -48.9 7.393434 18.78207 7.046632 shoemake 2024-09-18 11:36:54 
TT 270 174.2 -32.2 174.2 -32.2 3.32E-03 001.8 184.4 -48.2 7.597657 2.787001 6.328999 shoemake 2024-10-04 18:40:27 
TT 300 172.6 -32.4 172.6 -32.4 2.96E-03 002.2 182.4 -48.4 7.076212 6.290963 6.292174 shoemake 2024-10-15 17:40:05 
TT 330 170.2 -32.4 170.2 -32.4 9.97E-04 003.7 179.3 -48.4 3.140948 5.306209 1.872334 shoemake 2024-10-23 16:39:48 
TT 360 169.2 -33.2 169.2 -33.2 9.82E-04 002.7 178.1 -49.2 3.010183 3.166634 1.908619 shoemake 2025-05-21 12:55:13 
TT 390 169.7 -32.7 169.7 -32.7 9.82E-04 002.9 178.8 -48.7 2.621091 4.076293 1.554891 shoemake 2025-05-22 15:39:34 
TT 420 174.6 -33.1 174.6 -33.1 9.74E-04 007.0 185.0 -49.1 1.809058 11.74169 1.631154 shoemake 2025-05-26 14:20:50 
TT 420 172.2 -32.9 172.2 -32.9 9.82E-04 005.4 182.0 -48.9 2.253967 9.054918 1.483268 shoemake 2025-06-19 14:19:53 
TT 450 172.6 -33.3 172.6 -33.3 6.12E-04 008.4 182.5 -49.3 1.508652 8.880473 1.194941 shoemake 2025-06-30 14:48:11 
