PKS- J-1D 
        272.5  13.0   0.0   0.0   1.0
NRM    238.2 -49.3 238.2 -49.3 1.06E-02 001.6 046.6 -41.2 20.12211 20.40795 11.80466 shoemake 2024-07-15 18:48:45 
LT1 77 239.5 -48.1 239.5 -48.1 1.07E-02 004.9 048.1 -40.2 64.43541 66.27668 8.868770 shoemake 2024-07-28 17:28:07 
LT2 77 192.3 -48.3 192.3 -48.3 8.00E-03 003.5 009.0 -35.5 12.13620 46.94348 8.072660 shoemake 2024-08-12 14:40:35 
TT  70 225.2 -46.4 225.2 -46.4 1.07E-02 000.9 036.5 -36.4 7.825218 12.36263 10.18746 shoemake 2024-08-22 17:58:38 
TT  70 227.6 -46.1 227.6 -46.1 1.07E-02 002.3 038.7 -36.5 20.87984 37.31522 9.998965 shoemake 2024-08-22 21:37:25 
TT 100 215.4 -47.4 215.4 -47.4 1.07E-02 001.0 028.2 -36.2 14.26903 10.59437 9.447979 shoemake 2024-08-28 10:39:39 
TT 130 203.9 -42.5 203.9 -42.5 1.05E-02 001.0 019.2 -30.4 12.39968 10.01004 10.76577 shoemake 2024-09-02 19:07:39 
TT 160 196.3 -39.7 196.3 -39.7 9.26E-03 001.8 013.0 -27.0 12.96833 25.34454 10.24218 shoemake 2024-09-04 17:36:20 
TT 190 196.4 -39.4 196.4 -39.4 9.34E-03 006.6 013.1 -26.8 30.96621 102.9750 10.67967 shoemake 2024-09-09 14:43:31 
TT 210 187.5 -36.4 187.5 -36.4 4.91E-03 000.9 005.5 -23.5 3.339592 5.405563 5.719277 shoemake 2024-09-16 10:11:30 
TT 240 185.9 -36.8 185.9 -36.8 4.84E-03 004.0 004.1 -23.9 6.489080 32.44422 6.556748 shoemake 2024-09-18 11:26:59 
TT 270 188.2 -37.0 188.2 -37.0 4.83E-03 001.2 006.1 -24.1 4.341397 8.029264 5.880506 shoemake 2024-10-04 18:30:44 
TT 300 184.0 -37.4 184.0 -37.4 4.57E-03 002.6 002.5 -24.4 4.467972 19.06650 6.108439 shoemake 2024-10-15 17:30:16 
TT 330 176.6 -34.0 176.6 -34.0 1.63E-03 006.8 355.9 -21.0 0.640614 19.34437 2.079877 shoemake 2024-10-23 16:30:00 
TT 360 176.4 -34.6 176.4 -34.6 1.61E-03 007.8 355.8 -21.6 2.036039 21.90995 0.964989 shoemake 2025-05-21 12:45:17 
TT 390 173.4 -34.1 173.4 -34.1 1.58E-03 005.4 353.1 -21.2 2.170597 14.70674 1.009930 shoemake 2025-05-22 15:29:38 
TT 420 180.2 -34.1 180.2 -34.1 1.58E-03 004.2 359.1 -21.1 1.598632 11.58399 0.967277 shoemake 2025-05-26 14:10:51 
TT 420 178.5 -34.5 178.5 -34.5 1.57E-03 009.8 357.6 -21.5 2.014088 27.06786 0.937542 shoemake 2025-06-19 14:10:24 
TT 450 175.2 -34.8 175.2 -34.8 4.37E-04 010.3 354.7 -21.8 1.242536 7.925615 0.441658 shoemake 2025-06-30 14:38:10 
