PKS- J-3B 
         50.0  11.5   0.0   0.0   1.0
NRM    187.2 -23.3 187.2 -23.3 1.24E-02 005.3 233.1 -30.6 87.32627 75.66824 14.11025 shoemake 2024-07-15 18:59:16 
LT1 77 186.3 -23.2 186.3 -23.2 1.25E-02 007.7 232.0 -30.6 134.5784 100.0392 8.505902 shoemake 2024-07-28 17:43:41 
LT2 77 187.7 -23.1 187.7 -23.1 1.25E-02 002.3 233.5 -30.3 35.96887 33.79391 10.63059 shoemake 2024-08-12 14:53:06 
TT  70 187.7 -24.5 187.7 -24.5 1.22E-02 002.0 233.8 -31.7 31.39627 27.27132 14.86612 shoemake 2024-08-22 18:11:02 
TT  70 189.0 -24.6 189.0 -24.6 1.21E-02 001.0 235.2 -31.6 12.13740 14.97986 11.07979 shoemake 2024-08-22 21:49:43 
TT 100 184.1 -23.9 184.1 -23.9 1.21E-02 001.7 229.9 -31.7 19.87945 26.56335 15.19972 shoemake 2024-08-28 10:52:03 
TT 130 181.2 -24.1 181.2 -24.1 1.18E-02 003.0 226.8 -32.3 36.52190 47.77536 15.59350 shoemake 2024-09-02 19:19:47 
TT 160 179.6 -26.4 179.6 -26.4 9.65E-03 003.2 225.6 -34.8 31.90489 42.40021 12.10671 shoemake 2024-09-04 17:48:41 
TT 190 180.3 -26.8 180.3 -26.8 9.50E-03 003.1 226.4 -35.1 29.54213 39.71050 12.38611 shoemake 2024-09-09 14:55:48 
TT 210 174.7 -28.9 174.7 -28.9 4.02E-03 007.0 220.7 -37.9 28.27473 40.70874 3.269979 shoemake 2024-09-16 10:23:45 
TT 240 178.7 -29.8 178.7 -29.8 3.94E-03 007.5 225.3 -38.2 34.15194 38.85191 4.188350 shoemake 2024-09-18 11:39:20 
TT 270 177.7 -28.9 177.7 -28.9 3.94E-03 001.3 224.0 -37.5 6.997580 3.206833 5.175612 shoemake 2024-10-04 18:42:56 
TT 300 176.0 -28.3 176.0 -28.3 3.14E-03 002.0 222.0 -37.2 8.526164 6.119554 2.830416 shoemake 2024-10-15 17:42:36 
TT 330 172.6 -29.3 172.6 -29.3 1.07E-03 004.5 218.5 -38.6 3.730758 7.337095 1.752921 shoemake 2024-10-23 16:42:18 
TT 360 177.1 -30.2 177.1 -30.2 1.05E-03 004.8 223.6 -38.9 5.299139 7.128582 0.958832 shoemake 2025-05-21 12:57:41 
TT 390 178.4 -30.1 178.4 -30.1 1.05E-03 003.6 225.0 -38.6 3.916923 5.401870 0.959457 shoemake 2025-05-22 15:42:00 
TT 420 177.6 -30.1 177.6 -30.1 1.05E-03 001.2 224.1 -38.8 1.662358 1.672886 0.941896 shoemake 2025-05-26 14:23:16 
TT 420 177.2 -30.2 177.2 -30.2 1.06E-03 002.9 223.7 -38.9 3.016559 4.640609 1.013746 shoemake 2025-06-19 14:22:11 
TT 450 177.0 -29.9 177.0 -29.9 8.23E-04 008.2 223.4 -38.6 7.490698 9.150488 0.980440 shoemake 2025-06-30 14:50:38 
