PKS- J-3C 
         50.0  11.5   0.0   0.0   1.0
NRM    188.1 -21.6 188.1 -21.6 1.50E-02 002.6 233.7 -28.8 50.77730 45.43036 17.57202 shoemake 2024-07-15 19:01:20 
LT1 77 186.3 -21.5 186.3 -21.5 1.50E-02 005.8 231.7 -28.9 122.0891 92.33585 9.957198 shoemake 2024-07-28 17:46:45 
LT2 77 185.9 -21.6 185.9 -21.6 1.49E-02 007.1 231.3 -29.1 141.9890 117.9355 12.29666 shoemake 2024-08-12 14:55:40 
TT  70 187.4 -23.2 187.4 -23.2 1.42E-02 002.9 233.3 -30.4 57.37622 44.93933 10.73290 shoemake 2024-08-22 18:13:31 
TT  70 187.5 -23.2 187.5 -23.2 1.42E-02 002.9 233.4 -30.4 55.73861 43.48287 10.80085 shoemake 2024-08-22 21:52:11 
TT 100 186.0 -22.9 186.0 -22.9 1.41E-02 006.4 231.7 -30.4 125.4314 98.11881 9.683896 shoemake 2024-08-28 10:54:30 
TT 130 178.9 -22.3 178.9 -22.3 1.40E-02 003.2 224.1 -30.9 55.84164 52.91334 11.29221 shoemake 2024-09-02 19:22:16 
TT 160 181.3 -27.5 181.3 -27.5 1.05E-02 007.2 227.6 -35.6 96.44690 92.17800 7.650462 shoemake 2024-09-04 17:51:10 
TT 190 178.9 -26.6 178.9 -26.6 1.06E-02 006.2 224.9 -35.1 78.81916 84.74017 6.770113 shoemake 2024-09-09 14:58:17 
TT 210 174.2 -27.7 174.2 -27.7 4.95E-03 001.7 219.9 -36.9 5.953044 15.07598 3.877264 shoemake 2024-09-16 10:26:12 
TT 240 179.6 -29.0 179.6 -29.0 4.77E-03 001.9 226.1 -37.4 10.63262 11.48606 2.538056 shoemake 2024-09-18 11:41:47 
TT 270 178.9 -28.9 178.9 -28.9 4.81E-03 002.3 225.3 -37.3 12.47745 14.32406 2.397251 shoemake 2024-10-04 18:46:06 
TT 300 173.2 -27.6 173.2 -27.6 3.83E-03 003.0 218.8 -36.9 12.83065 15.56189 3.149587 shoemake 2024-10-15 17:45:07 
TT 330 175.9 -29.2 175.9 -29.2 1.30E-03 003.1 222.1 -38.1 5.717518 4.302675 0.596320 shoemake 2024-10-23 16:44:48 
TT 360 171.1 -30.1 171.1 -30.1 1.23E-03 011.0 216.9 -39.6 14.90004 18.71363 0.729434 shoemake 2025-05-21 13:00:06 
TT 390 175.2 -30.3 175.2 -30.3 1.24E-03 010.2 221.5 -39.2 15.25301 16.17350 0.753868 shoemake 2025-05-22 15:44:26 
TT 390 179.4 -30.5 179.4 -30.5 1.25E-03 000.7 226.2 -38.9 0.870371 1.372627 0.853358 shoemake 2025-05-22 17:26:29 
TT 420 174.6 -29.8 174.6 -29.8 1.25E-03 003.1 220.8 -38.8 4.965079 4.857072 0.775665 shoemake 2025-05-26 14:25:42 
TT 420 177.1 -30.3 177.1 -30.3 1.26E-03 005.3 223.6 -39.0 8.689989 7.970654 1.005923 shoemake 2025-06-19 14:24:30 
TT 450 176.3 -30.8 176.3 -30.8 9.54E-04 008.0 222.9 -39.6 9.692428 9.431073 0.745256 shoemake 2025-06-30 14:53:06 
