PKS- J-1C 
        272.5  13.0   0.0   0.0   1.0
NRM    222.4 -52.6 222.4 -52.6 1.00E-02 002.0 032.7 -42.1 19.95206 26.44058 11.55712 shoemake 2024-07-15 18:46:42 
LT1 77 234.7 -49.6 234.7 -49.6 1.02E-02 005.8 043.6 -40.9 69.19332 76.14092 5.201728 shoemake 2024-07-28 17:25:01 
LT2 77 235.4 -48.5 235.4 -48.5 1.07E-02 004.0 044.5 -40.0 57.16409 48.48416 7.564461 shoemake 2024-08-12 14:38:05 
TT  70 219.8 -47.8 219.8 -47.8 1.02E-02 001.3 031.7 -37.2 15.60716 17.74973 5.680952 shoemake 2024-08-22 17:56:13 
TT  70 219.7 -47.8 219.7 -47.8 1.02E-02 001.4 031.6 -37.2 16.51933 18.90888 5.672048 shoemake 2024-08-22 21:35:00 
TT 100 217.6 -48.0 217.6 -48.0 1.02E-02 001.3 029.8 -37.1 14.72330 16.95813 5.574051 shoemake 2024-08-28 10:37:10 
TT 130 199.1 -43.3 199.1 -43.3 9.81E-03 001.6 015.1 -30.8 16.24652 23.56861 5.830194 shoemake 2024-09-02 19:05:12 
TT 160 191.6 -39.9 191.6 -39.9 8.98E-03 001.7 009.0 -27.1 7.765707 25.27178 5.530355 shoemake 2024-09-04 17:33:55 
TT 190 186.1 -40.0 186.1 -40.0 9.03E-03 002.7 004.2 -27.0 5.703607 41.74897 5.964747 shoemake 2024-09-09 14:41:05 
TT 210 189.8 -37.0 189.8 -37.0 4.89E-03 001.2 007.5 -24.2 3.452965 7.834777 5.905657 shoemake 2024-09-16 10:08:59 
TT 240 185.2 -37.0 185.2 -37.0 4.83E-03 002.3 003.5 -24.1 4.400658 19.10272 3.676340 shoemake 2024-09-18 11:24:28 
TT 270 183.4 -37.2 183.4 -37.2 4.77E-03 001.9 001.9 -24.2 3.847904 15.21977 4.526432 shoemake 2024-10-04 18:28:19 
TT 300 179.7 -37.1 179.7 -37.1 4.72E-03 000.9 358.7 -24.1 2.904039 6.168509 3.019432 shoemake 2024-10-15 17:27:50 
TT 330 172.3 -34.1 172.3 -34.1 1.85E-03 002.8 352.1 -21.2 2.794238 8.626588 1.431824 shoemake 2024-10-23 16:27:34 
TT 360 179.5 -35.0 179.5 -35.0 1.80E-03 007.3 358.5 -22.0 1.953234 22.92194 1.157638 shoemake 2025-05-21 12:42:45 
TT 390 173.8 -34.7 173.8 -34.7 1.76E-03 005.0 353.5 -21.8 2.543239 15.40569 0.954195 shoemake 2025-05-22 15:27:07 
TT 420 179.8 -34.5 179.8 -34.5 1.75E-03 004.9 358.8 -21.5 1.914291 15.02917 1.141821 shoemake 2025-05-26 14:08:22 
TT 420 175.1 -34.6 175.1 -34.6 1.77E-03 002.4 354.6 -21.7 2.590462 7.219319 1.370533 shoemake 2025-06-19 14:08:03 
TT 450 177.5 -33.3 177.5 -33.3 4.29E-04 004.2 356.7 -20.3 1.136936 3.149005 0.302738 shoemake 2025-06-30 14:35:41 
