PKS- J-1A no sun, raining
        272.5  13.0   0.0   0.0   1.0
NRM    199.5 -48.2 199.5 -48.2 7.92E-03 003.4 014.9 -35.7 19.08125 41.90182 10.98572 shoemake 2024-07-15 18:42:27 
LT1 77 192.1 -48.3 192.1 -48.3 8.07E-03 001.8 008.9 -35.5 5.525080 23.37290 8.983889 shoemake 2024-07-28 17:18:52 
LT2 77 220.8 -50.4 220.8 -50.4 9.88E-03 001.5 031.9 -39.8 19.07699 16.66861 9.079738 shoemake 2024-08-12 14:32:58 
TT  70 195.7 -45.7 195.7 -45.7 8.34E-03 003.5 012.0 -33.0 14.66482 48.73637 9.921855 shoemake 2024-08-22 17:51:20 
TT  70 195.8 -45.7 195.8 -45.7 8.34E-03 003.5 012.1 -33.0 14.47606 47.88352 9.776164 shoemake 2024-08-22 21:30:10 
TT 100 188.4 -46.1 188.4 -46.1 8.36E-03 002.8 005.9 -33.2 5.711884 39.39715 9.248297 shoemake 2024-08-28 10:32:16 
TT 130 186.6 -42.7 186.6 -42.7 8.20E-03 001.4 004.5 -29.8 9.896482 11.91998 14.50325 shoemake 2024-09-02 18:46:14 
TT 160 182.6 -41.5 182.6 -41.5 7.96E-03 004.2 001.2 -28.5 6.712921 57.40808 9.816308 shoemake 2024-09-04 17:29:03 
TT 190 185.2 -41.6 185.2 -41.6 8.08E-03 003.2 003.4 -28.6 11.09237 43.67848 8.007924 shoemake 2024-09-09 14:36:08 
TT 210 180.0 -38.6 180.0 -38.6 4.75E-03 001.9 359.0 -25.6 4.744498 13.83161 6.894578 shoemake 2024-09-16 10:03:59 
TT 240 177.5 -38.5 177.5 -38.5 4.70E-03 002.5 356.8 -25.5 3.247346 19.40937 6.988087 shoemake 2024-09-18 11:19:31 
TT 270 180.9 -38.4 180.9 -38.4 4.57E-03 001.3 359.7 -25.4 4.049287 6.580712 7.881337 shoemake 2024-10-04 18:23:25 
TT 300 176.9 -38.5 176.9 -38.5 4.60E-03 003.4 356.3 -25.6 7.153087 25.64278 6.595031 shoemake 2024-10-15 17:22:53 
TT 330 182.5 -38.8 182.5 -38.8 1.75E-03 006.5 001.1 -25.8 2.436045 19.43245 2.951305 shoemake 2024-10-23 16:22:37 
TT 360 181.1 -38.9 181.1 -38.9 1.73E-03 004.1 359.9 -25.9 1.982681 12.35542 1.087213 shoemake 2025-05-21 12:37:47 
TT 390 179.7 -38.7 179.7 -38.7 1.67E-03 007.8 358.7 -25.7 1.760361 22.74305 1.286751 shoemake 2025-05-22 15:22:09 
TT 420 183.8 -39.4 183.8 -39.4 1.65E-03 008.2 002.3 -26.4 2.432044 23.69507 1.365332 shoemake 2025-05-26 14:03:29 
TT 420 173.8 -39.4 173.8 -39.4 1.65E-03 008.7 353.6 -26.5 3.365554 25.10086 0.807564 shoemake 2025-06-19 14:03:24 
TT 450 168.9 -32.5 168.9 -32.5 2.41E-04 014.0 349.0 -19.7 1.351159 5.898775 0.285409 shoemake 2025-06-30 14:30:46 
