PKS- K-2D 
        242.0  18.0   0.0   0.0   1.0
NRM    232.1 -09.0 232.1 -09.0 2.26E-02 003.9 079.1 -05.9 149.0001 29.64952 34.55415 shoemake 2024-07-15 19:20:11 
LT1 77 226.3 -11.0 226.3 -11.0 2.24E-02 008.6 073.0 -06.1 320.9136 106.2303 18.34980 shoemake 2024-07-28 18:14:38 
LT1 77 234.4 -08.4 234.4 -08.4 2.26E-02 003.3 081.4 -06.0 126.7607 26.48088 17.14055 shoemake 2024-07-29 10:27:19 
LT2 77 235.2 -08.0 235.2 -08.0 2.24E-02 002.6 082.3 -06.0 97.29735 18.79257 20.44980 shoemake 2024-08-12 15:18:23 
TT  70 234.1 -10.1 234.1 -10.1 2.09E-02 005.3 080.6 -07.6 189.8608 28.90924 16.76627 shoemake 2024-08-22 18:35:32 
TT  70 235.7 -09.6 235.7 -09.6 2.09E-02 003.6 082.2 -07.6 129.0055 17.32140 16.52219 shoemake 2024-08-22 22:14:13 
TT 100 236.7 -09.3 236.7 -09.3 2.08E-02 007.7 083.3 -07.6 278.0161 29.94333 15.79127 shoemake 2024-08-28 11:16:42 
TT 130 236.5 -10.8 236.5 -10.8 1.94E-02 010.7 082.6 -09.0 364.7855 46.98874 14.57901 shoemake 2024-09-02 19:44:22 
TT 160 229.9 -17.5 229.9 -17.5 1.61E-02 007.2 074.3 -13.3 196.3448 51.32497 13.17811 shoemake 2024-09-04 18:13:23 
TT 190 224.5 -21.7 224.5 -21.7 1.42E-02 007.1 068.0 -15.8 166.2839 61.70356 11.75183 shoemake 2024-09-09 15:20:34 
TT 210 211.3 -33.4 211.3 -33.4 7.41E-03 005.0 052.4 -23.3 53.13946 37.59421 6.414361 shoemake 2024-09-16 10:48:22 
TT 240 214.4 -33.1 214.4 -33.1 7.33E-03 001.9 055.2 -23.8 20.26638 11.10126 6.998263 shoemake 2024-09-18 12:04:03 
TT 270 216.5 -32.4 216.5 -32.4 7.37E-03 001.0 057.3 -23.8 8.482863 5.730832 9.242050 shoemake 2024-10-04 19:14:01 
TT 300 216.6 -31.7 216.6 -31.7 3.54E-03 001.1 057.6 -23.1 6.298494 2.339698 3.173688 shoemake 2024-10-15 18:07:22 
TT 330 222.6 -31.2 222.6 -31.2 2.68E-03 001.8 063.1 -24.2 6.086012 6.552817 1.491515 shoemake 2024-10-23 17:07:02 
TT 360 212.6 -34.0 212.6 -34.0 2.67E-03 005.2 053.4 -24.3 20.13089 13.97302 1.600783 shoemake 2025-05-21 13:22:24 
TT 390 214.1 -33.9 214.1 -33.9 2.69E-03 003.7 054.7 -24.6 14.48873 9.542462 1.668246 shoemake 2025-05-22 16:06:40 
TT 420 221.1 -32.2 221.1 -32.2 2.68E-03 007.5 061.4 -24.7 31.39090 16.40223 1.725863 shoemake 2025-05-26 14:48:00 
TT 420 218.7 -32.9 218.7 -32.9 2.71E-03 003.3 059.0 -24.8 13.62963 7.701808 1.462940 shoemake 2025-06-19 14:45:38 
TT 450 217.2 -32.8 217.2 -32.8 2.54E-03 012.3 057.8 -24.3 47.16206 28.90348 1.528953 shoemake 2025-06-30 15:15:25 
