PKS- K-2A 
        242.0  18.0   0.0   0.0   1.0
NRM    227.2 -21.2 227.2 -21.2 1.59E-02 003.3 070.6 -16.1 75.67851 20.18117 47.73557 shoemake 2024-07-15 19:13:54 
LT1 77 225.5 -22.1 225.5 -22.1 1.56E-02 002.2 068.8 -16.5 35.44522 26.01760 42.74643 shoemake 2024-07-28 18:05:36 
LT1 77 226.3 -22.1 226.3 -22.1 1.56E-02 004.6 069.5 -16.7 114.4774 28.26189 43.12189 shoemake 2024-07-29 10:18:07 
LT2 77 227.3 -21.9 227.3 -21.9 1.55E-02 001.8 070.5 -16.7 13.96883 13.59063 44.50773 shoemake 2024-08-12 15:10:47 
TT  70 228.9 -22.6 228.9 -22.6 1.50E-02 006.9 071.7 -17.9 170.0966 43.53256 42.93814 shoemake 2024-08-22 18:28:04 
TT  70 229.1 -22.5 229.1 -22.5 1.50E-02 006.6 072.0 -17.8 163.3152 40.38808 43.00201 shoemake 2024-08-22 22:06:48 
TT 100 225.8 -23.6 225.8 -23.6 1.50E-02 004.9 068.6 -17.9 117.3828 30.83273 46.32903 shoemake 2024-08-28 11:09:23 
TT 130 215.4 -28.1 215.4 -28.1 1.45E-02 002.0 057.7 -19.3 12.14296 20.54973 46.38857 shoemake 2024-09-02 19:36:57 
TT 160 222.1 -30.9 222.1 -30.9 1.24E-02 002.7 062.7 -23.8 42.70862 8.358564 40.46465 shoemake 2024-09-04 18:05:53 
TT 190 221.8 -32.0 221.8 -32.0 1.20E-02 003.2 062.1 -24.7 35.87322 40.20540 39.72152 shoemake 2024-09-09 15:13:01 
TT 210 217.8 -36.0 217.8 -36.0 6.96E-03 008.9 057.2 -27.5 95.42582 46.20824 24.90194 shoemake 2024-09-16 10:41:04 
TT 240 212.9 -37.7 212.9 -37.7 6.97E-03 003.7 052.4 -27.9 35.53755 10.60622 26.39822 shoemake 2024-09-18 11:56:45 
TT 270 214.2 -37.2 214.2 -37.2 6.97E-03 002.7 053.6 -27.8 18.48541 6.925737 26.88409 shoemake 2024-10-04 19:06:33 
TT 300 215.9 -34.8 215.9 -34.8 1.75E-03 060.9 056.0 -25.8 94.17003 139.5398 81.54588 shoemake 2024-10-15 17:59:50 
TT 300 151.0 -18.0 151.0 -18.0 1.42E-03 066.8 000.3  00.0 1.963136 287.1161 185.5399 shoemake 2024-10-16 09:45:32 
TT 300 214.8 -37.2 214.8 -37.2 3.50E-03 002.7 054.1 -27.8 5.198544 11.07207 11.58912 shoemake 2024-10-16 11:01:52 
TT 330 219.7 -36.9 219.7 -36.9 2.27E-03 003.9 058.5 -28.8 13.13364 1.981543 7.853968 shoemake 2024-10-23 16:59:30 
TT 360 218.9 -37.9 218.9 -37.9 2.26E-03 009.6 057.4 -29.6 33.81691 16.74668 6.513010 shoemake 2025-05-21 13:15:04 
TT 390 215.4 -39.4 215.4 -39.4 2.25E-03 011.0 053.9 -30.1 37.18910 22.18157 6.737128 shoemake 2025-05-22 15:59:22 
TT 390 222.8 -38.6 222.8 -38.6 2.28E-03 000.8 060.4 -31.3 2.344310 2.512371 1.391572 shoemake 2025-05-22 17:29:01 
TT 420 213.7 -39.7 213.7 -39.7 2.26E-03 008.8 052.3 -29.9 29.63153 17.62211 6.582064 shoemake 2025-05-26 14:40:38 
TT 420 213.6 -40.0 213.6 -40.0 2.26E-03 010.1 052.1 -30.2 33.82874 21.34364 6.100161 shoemake 2025-06-19 14:38:39 
TT 450 211.2 -37.4 211.2 -37.4 1.07E-03 058.5 051.0 -27.1 64.32090 79.39270 52.34574 shoemake 2025-06-30 15:08:03 
TT 450 222.6 -38.2 222.6 -38.2 1.07E-03 073.1 060.5 -30.8 48.47040 85.64271 58.70068 shoemake 2025-06-30 18:54:52 
TT 450 222.6 -38.2 222.6 -38.2 1.07E-03 063.5 060.5 -30.8 48.47036 85.64260 58.70092 shoemake 2025-07-02 17:51:58 
