PKS- K-2F 
        242.0  18.0   0.0   0.0   1.0
NRM    239.2 -04.7 239.2 -04.7 2.53E-02 003.1 087.1 -04.0 129.4378 11.44727 37.83078 shoemake 2024-07-15 19:24:15 
LT1 77 235.9 -05.3 235.9 -05.3 2.55E-02 006.3 083.8 -03.5 279.3610 34.54008 15.34866 shoemake 2024-07-28 18:20:38 
LT1 77 240.0 -04.0 240.0 -04.0 2.56E-02 002.3 088.1 -03.6 102.2348 14.83072 14.85187 shoemake 2024-07-29 10:33:27 
LT2 77 177.2 -36.6 177.2 -36.6 3.36E-05 086.5 022.4 -20.2 40.35634 2724.504 167.8268 shoemake 2024-08-12 15:23:30 
LT2 77 239.0 -04.1 239.0 -04.1 2.53E-02 008.0 087.1 -03.4 352.9696 22.47500 20.65070 shoemake 2024-08-12 15:52:25 
TT  70 239.3 -05.8 239.3 -05.8 2.35E-02 004.8 086.9 -05.1 199.0889 12.81447 14.44209 shoemake 2024-08-22 18:47:27 
TT  70 239.8 -05.6 239.8 -05.6 2.35E-02 004.2 087.4 -05.1 174.2285 12.78700 14.50744 shoemake 2024-08-22 22:19:05 
TT 100 240.6 -05.3 240.6 -05.3 2.35E-02 002.9 088.2 -05.0 119.3048 13.60771 15.04705 shoemake 2024-08-28 11:21:35 
TT 130 232.4 -09.3 232.4 -09.3 2.20E-02 004.1 079.3 -06.3 154.0574 29.87851 18.06889 shoemake 2024-09-02 19:51:22 
TT 160 232.4 -13.6 232.4 -13.6 1.77E-02 008.6 077.9 -10.4 262.0725 50.83056 15.72971 shoemake 2024-09-04 18:18:13 
TT 190 224.8 -21.5 224.8 -21.5 1.38E-02 006.4 068.4 -15.7 145.4985 48.53938 18.78004 shoemake 2024-09-09 15:25:31 
TT 210 217.5 -32.6 217.5 -32.6 7.43E-03 005.9 058.0 -24.2 67.83102 34.91094 12.36916 shoemake 2024-09-16 10:53:21 
TT 240 211.9 -34.3 211.9 -34.3 7.42E-03 002.5 052.6 -24.4 27.04472 12.34172 14.82920 shoemake 2024-09-18 12:09:00 
TT 270 215.0 -33.6 215.0 -33.6 7.42E-03 002.5 055.6 -24.5 27.71961 11.81387 14.22818 shoemake 2024-10-04 19:18:55 
TT 300 214.9 -31.6 214.9 -31.6 3.48E-03 002.4 056.1 -22.6 12.03176 6.211434 6.155593 shoemake 2024-10-15 18:12:18 
TT 330 216.9 -31.5 216.9 -31.5 2.87E-03 006.3 057.9 -22.9 27.96115 14.33090 3.532306 shoemake 2024-10-23 17:11:58 
TT 360 211.3 -33.5 211.3 -33.5 2.88E-03 008.7 052.4 -23.5 35.77283 25.91614 2.840392 shoemake 2025-05-21 13:27:23 
TT 390 217.9 -31.7 217.9 -31.7 2.88E-03 008.4 058.8 -23.5 36.89213 20.96280 3.031783 shoemake 2025-05-22 16:11:36 
TT 420 218.4 -31.6 218.4 -31.6 2.89E-03 007.5 059.2 -23.5 33.17402 18.28772 2.909900 shoemake 2025-05-26 14:52:54 
TT 420 215.9 -32.4 215.9 -32.4 2.91E-03 005.0 056.8 -23.6 21.88312 13.31429 2.416833 shoemake 2025-06-19 14:50:18 
TT 450 209.8 -34.1 209.8 -34.1 2.79E-03 014.5 050.9 -23.7 56.70016 44.34184 3.215333 shoemake 2025-06-30 15:20:19 
