PKQA- 2 sun compass orientation
      0 304.9  72.0  -1.3   0.0   1.0
NRM    303.8  69.5 303.8  69.5 1.83E-02 002.6 158.5  17.2 33.39809 71.58585 26.45598 shoemake 2024-07-15 19:47:04 
LT1 77 303.0  63.7 303.0  63.7 1.73E-02 004.4 152.4  16.9 61.22089 118.2202 8.907313 shoemake 2024-07-29 21:02:28 
LT2 77 303.7  67.1 303.7  67.1 1.70E-02 005.1 156.0  17.0 65.33765 134.0663 19.12165 shoemake 2024-08-11 18:51:13 
TT  70 305.0  69.7 305.0  69.7 1.57E-02 003.5 158.7  16.8 32.41592 90.35596 12.74018 shoemake 2024-08-16 10:31:03 
TT 100 303.6  65.1 303.6  65.1 1.55E-02 003.3 153.9  16.8 35.99637 82.96783 11.81698 shoemake 2024-08-28 12:01:03 
TT 130 303.0  74.0 303.0  74.0 1.13E-02 004.6 163.2  17.8 33.21565 85.11747 11.86394 shoemake 2024-08-30 15:28:55 
TT 160 298.2  61.1 298.2  61.1 9.34E-03 005.7 149.5  18.9 47.09999 79.94394 5.972629 shoemake 2024-09-06 14:23:26 
TT 190 298.5  63.5 298.5  63.5 8.63E-03 005.4 152.0  18.9 37.03014 72.48479 6.876483 shoemake 2024-09-10 15:37:08 
TT 210 296.3  66.0 296.3  66.0 3.66E-03 007.0 154.7  19.9 19.27798 40.51813 2.934235 shoemake 2024-10-16 17:21:04 
TT 240 296.2  63.1 296.2  63.1 3.69E-03 004.2 151.6  19.9 12.66651 23.68268 1.992174 shoemake 2024-10-30 14:45:49 
TT 270 295.4  63.6 295.4  63.6 3.62E-03 002.7 152.1  20.3 8.237210 14.85021 3.009005 shoemake 2024-11-11 21:44:44 
TT 300 295.6  65.2 295.6  65.2 3.63E-03 004.7 153.8  20.2 12.51543 26.83912 3.592830 shoemake 2024-11-16 10:50:29 
TT 330 294.4  64.4 294.4  64.4 3.56E-03 001.5 153.0  20.7 4.661580 7.386042 3.770984 shoemake 2024-11-16 23:46:17 
TT 360 295.1  63.4 295.1  63.4 3.34E-03 001.4 151.9  20.4 4.652725 5.146780 5.535162 shoemake 2024-11-24 14:36:01 
TT 390 293.4  65.5 293.4  65.5 3.02E-03 003.4 154.2  21.1 7.539767 15.76532 4.899114 shoemake 2024-11-26 01:57:21 
TT 420 294.9  60.5 294.9  60.5 2.49E-03 001.9 148.8  20.5 4.093163 5.798157 4.893187 shoemake 2024-11-27 22:58:08 
TT 450 292.6  61.8 292.6  61.8 2.30E-03 002.0 150.2  21.6 3.658073 5.946044 4.173701 shoemake 2024-12-06 15:15:13 
TT 480 294.7  63.5 294.7  63.5 2.25E-03 000.8 152.0  20.6 2.012347 3.380196 0.750710 shoemake 2025-02-22 04:55:38 
TT 510 294.1  61.0 294.1  61.0 1.92E-03 003.4 149.4  20.9 6.501803 9.630994 0.644659 shoemake 2025-02-27 21:43:21 
