PKQA- 8 sun compass orientation
      0 338.3  50.0  -1.3   0.0   1.0
NRM    126.8  51.2 126.8  51.2 1.24E-01 001.4 213.5  14.5 122.8221 175.8661 222.7239 shoemake 2024-07-15 22:19:52 
LT1 77 128.4  49.7 128.4  49.7 1.16E-01 002.9 215.3  14.1 368.7158 454.2545 120.5925 shoemake 2024-07-30 00:08:50 
LT2 77 129.7  48.8 129.7  48.8 1.13E-01 005.2 216.6  14.0 652.9622 804.6468 127.4568 shoemake 2024-08-11 21:28:33 
TT  70 130.9  49.4 130.9  49.4 6.67E-02 002.4 216.7  15.0 197.3685 179.0809 98.46897 shoemake 2024-08-16 13:17:09 
TT 100 128.2  51.1 128.2  51.1 6.65E-02 003.4 214.2  15.0 246.9068 297.8327 84.08503 shoemake 2024-08-28 14:16:39 
TT 130 129.0  50.7 129.0  50.7 6.45E-02 004.9 214.9  15.1 356.5498 417.6151 88.23285 shoemake 2024-08-30 19:01:07 
TT 160 124.4  54.5 124.4  54.5 5.46E-02 009.9 210.1  16.0 495.8808 815.6270 51.98679 shoemake 2024-09-06 16:38:48 
TT 190 124.3  54.6 124.3  54.6 4.78E-02 006.3 210.0  16.0 279.5626 445.2033 52.29837 shoemake 2024-09-10 17:53:06 
TT 210 135.8  48.8 135.8  48.8 2.56E-02 008.5 219.5  16.9 259.8288 280.6512 24.78181 shoemake 2024-10-16 22:06:02 
TT 210 133.1  50.6 133.1  50.6 2.57E-02 003.3 216.9  16.8 93.82535 109.8055 29.10162 shoemake 2024-10-17 12:16:51 
TT 240 134.7  49.4 134.7  49.4 1.84E-02 000.7 218.5  16.8 14.08601 18.47506 12.92786 shoemake 2024-10-30 17:02:19 
TT 270 133.3  51.0 133.3  51.0 1.78E-02 006.3 216.7  17.2 116.2877 158.8437 18.29836 shoemake 2024-11-12 00:14:37 
TT 300 134.2  50.7 134.2  50.7 1.72E-02 004.8 217.3  17.4 93.66471 109.8150 19.04996 shoemake 2024-11-16 13:09:27 
TT 330 133.2  51.7 133.2  51.7 1.59E-02 009.4 216.1  17.6 159.9044 209.9646 20.46626 shoemake 2024-11-17 03:20:16 
TT 360 135.2  51.2 135.2  51.2 1.26E-02 005.6 217.4  18.2 78.05355 93.80031 25.02297 shoemake 2024-11-24 17:01:46 
TT 390 131.1  54.8 131.1  54.8 9.29E-03 010.1 212.8  18.9 92.26719 135.8811 19.23693 shoemake 2024-11-26 14:59:39 
TT 420 137.8  58.1 137.8  58.1 1.55E-03 004.5 212.8  23.8 7.526770 8.343000 5.078586 shoemake 2024-11-28 01:32:12 
TT 450 134.5  60.8 134.5  60.8 1.26E-03 004.0 209.3  24.2 5.167662 6.189985 3.809791 shoemake 2024-12-06 17:31:51 
TT 480 132.8  62.4 132.8  62.4 1.16E-03 009.2 207.4  24.6 9.546019 16.38976 1.157612 shoemake 2025-02-23 10:50:39 
TT 510 138.1  60.1 138.1  60.1 1.01E-03 005.4 211.1  25.2 5.375368 7.916941 0.888528 shoemake 2025-02-28 15:42:20 
