PKQA- 5 sun compass orientation
      0 279.4  49.0  -1.3   0.0   1.0
NRM    128.2  19.6 128.2  19.6 4.18E-02 002.2 273.1  34.2 135.0078 63.89695 61.75660 shoemake 2024-07-15 20:47:04 
LT1 77 127.3  20.1 127.3  20.1 3.75E-02 001.6 272.0  33.8 101.7014 26.05562 16.30089 shoemake 2024-07-29 22:25:14 
LT2 77 129.2  17.7 129.2  17.7 3.67E-02 005.2 275.6  33.8 329.8002 45.45513 23.86832 shoemake 2024-08-11 20:01:15 
TT  70 135.3   8.5 135.3   8.5 2.29E-02 003.0 288.6  32.3 110.0883 49.48035 13.48558 shoemake 2024-08-16 11:40:05 
TT 100 137.4   6.5 137.4   6.5 2.29E-02 003.7 291.9  32.4 139.9338 54.11696 12.28504 shoemake 2024-08-28 13:02:44 
TT 130 135.7   8.0 135.7   8.0 2.26E-02 003.5 289.3  32.2 127.0276 52.03334 12.38550 shoemake 2024-08-30 16:30:34 
TT 160 136.1   7.3 136.1   7.3 2.21E-02 001.8 290.2  32.1 61.76255 29.84079 11.26181 shoemake 2024-09-06 15:24:59 
TT 190 133.7   9.7 133.7   9.7 2.14E-02 003.4 286.2  32.0 122.5000 40.17195 11.96895 shoemake 2024-09-10 16:38:52 
TT 210 137.7   4.5 137.7   4.5 1.57E-02 003.7 293.9  31.2 90.55167 45.55409 12.78702 shoemake 2024-10-16 20:06:38 
TT 240 141.7  -0.3 141.7  -0.3 6.48E-03 003.6 301.0  30.3 34.16611 22.81565 3.489234 shoemake 2024-10-30 15:47:48 
TT 270 141.2   0.8 141.2   0.8 6.25E-03 005.6 299.8  30.8 52.43747 30.83959 5.656938 shoemake 2024-11-11 22:46:09 
TT 300 142.3  -0.4 142.3  -0.4 6.06E-03 004.2 301.7  30.6 36.69241 23.95377 7.010457 shoemake 2024-11-16 11:54:40 
TT 330 144.8  -2.1 144.8  -2.1 5.63E-03 002.2 305.2  30.9 16.63358 13.79407 6.234677 shoemake 2024-11-17 00:48:00 
TT 360 144.0  -1.3 144.0  -1.3 3.95E-03 007.9 303.8  31.0 45.63054 29.74351 6.567409 shoemake 2024-11-24 15:47:05 
TT 390 147.2  -4.6 147.2  -4.6 2.47E-03 007.5 309.2  30.3 25.53003 19.97374 4.579920 shoemake 2024-11-26 12:02:04 
TT 420 165.3 -26.0 165.3 -26.0 5.93E-05 005.2 337.1  19.4 0.244126 0.459054 0.174199 shoemake 2024-11-28 00:17:59 
TT 420 189.1 -49.3 189.1 -49.3 5.35E-05 027.2 359.8  -0.3 0.137297 1.870953 2.015653 shoemake 2024-12-04 18:28:59 
TT 420 166.4 -25.9 166.4 -25.9 5.89E-05 008.9 338.1  19.8 0.378843 0.835911 0.133489 shoemake 2024-12-04 22:13:27 
TT 450 169.3 -15.6 169.3 -15.6 5.11E-05 003.4 337.4  30.4 0.159787 0.250766 0.093900 shoemake 2024-12-06 16:17:16 
TT 480 174.1 -26.8 174.1 -26.8 4.46E-05 005.7 345.4  20.7 0.340476 0.428175 0.047687 shoemake 2025-02-23 00:12:01 
TT 510 162.4  -9.3 162.4  -9.3 4.37E-05 006.8 327.3  33.9 0.394277 0.441976 0.056735 shoemake 2025-02-28 12:44:23 
