PKQA- 7 sun compass orientation
      0 355.9  57.0  -1.3   0.0   1.0
NRM    111.7  21.3 111.7  21.3 1.03E-01 006.0 208.0 -30.4 534.7844 935.1731 157.2225 shoemake 2024-07-15 21:30:44 
LT1 77 118.7  17.6 118.7  17.6 9.38E-02 004.3 216.8 -30.5 468.9743 522.9588 129.2067 shoemake 2024-07-29 23:27:11 
LT2 77 114.2  20.0 114.2  20.0 9.28E-02 001.5 211.1 -30.5 72.68726 218.7674 120.1658 shoemake 2024-08-11 20:53:39 
TT  70 113.8  20.8 113.8  20.8 7.14E-02 006.4 210.3 -30.0 355.5351 705.1319 128.5420 shoemake 2024-08-16 12:42:43 
TT 100 117.6  18.7 117.6  18.7 7.14E-02 006.0 215.1 -30.1 386.7336 637.8740 121.3334 shoemake 2024-08-28 13:44:45 
TT 130 120.5  18.6 120.5  18.6 5.42E-02 001.5 217.8 -28.7 44.76314 88.95702 111.6214 shoemake 2024-08-30 17:12:26 
TT 160 118.3  20.9 118.3  20.9 4.14E-02 004.2 214.5 -27.8 152.4681 261.3637 60.05138 shoemake 2024-09-06 16:06:54 
TT 190 117.0  22.3 117.0  22.3 3.57E-02 004.4 212.5 -27.2 120.4019 240.6558 55.30907 shoemake 2024-09-10 17:20:58 
TT 210 116.4  24.1 116.4  24.1 1.60E-02 002.1 211.0 -25.9 14.42251 49.53538 32.06555 shoemake 2024-10-16 20:49:45 
TT 240 118.9  23.1 118.9  23.1 1.58E-02 003.0 213.8 -25.7 39.09201 72.01746 14.57781 shoemake 2024-10-30 16:29:56 
TT 270 117.9  23.5 117.9  23.5 1.55E-02 002.1 212.7 -25.8 21.06453 49.22860 26.40694 shoemake 2024-11-11 23:41:59 
TT 300 119.4  22.7 119.4  22.7 1.54E-02 003.0 214.4 -25.8 35.23953 68.34636 26.57977 shoemake 2024-11-16 12:37:09 
TT 330 116.8  24.3 116.8  24.3 1.51E-02 001.7 211.3 -25.6 17.61253 32.10233 27.93343 shoemake 2024-11-17 02:45:56 
TT 360 118.0  24.0 118.0  24.0 1.41E-02 004.0 212.5 -25.3 42.66959 85.37696 30.61416 shoemake 2024-11-24 16:29:18 
TT 390 120.1  23.2 120.1  23.2 1.25E-02 001.8 214.8 -25.0 21.96604 21.48513 27.59172 shoemake 2024-11-26 12:47:18 
TT 420 122.6  22.4 122.6  22.4 9.87E-03 002.8 217.4 -24.5 31.51260 25.88892 25.75815 shoemake 2024-11-28 00:59:54 
TT 450 119.5  24.6 119.5  24.6 8.92E-03 001.7 213.5 -24.1 13.76630 15.97549 19.16099 shoemake 2024-12-06 16:59:27 
TT 480 118.4  25.9 118.4  25.9 8.54E-03 001.0 211.8 -23.5 8.777153 13.92788 7.158276 shoemake 2025-02-23 02:25:50 
TT 510 122.0  24.2 122.0  24.2 7.29E-03 002.6 215.8 -23.3 15.97618 29.66601 5.240590 shoemake 2025-02-28 13:51:53 
