PKQA- 5 sun compass orientation
      0 279.4  49.0  -1.3   0.0   1.0
NRM    125.6  25.1 125.6  25.1 6.23E-02 004.9 265.9  35.5 518.4723 95.51812 82.09871 shoemake 2024-07-15 20:28:25 
LT1 77 127.5  22.3 127.5  22.3 5.54E-02 000.8 269.9  35.3 71.03270 47.11934 22.70610 shoemake 2024-07-29 21:58:38 
LT2 77 130.8  18.0 130.8  18.0 5.40E-02 000.7 276.5  35.2 46.20427 45.52043 31.71644 shoemake 2024-08-11 19:38:37 
TT  70 132.4  15.3 132.4  15.3 3.35E-02 002.1 280.2  34.7 115.5049 42.80513 20.45811 shoemake 2024-08-16 11:17:56 
TT 100 134.3  13.3 134.3  13.3 3.35E-02 005.3 283.5  34.8 302.8705 80.13244 17.62193 shoemake 2024-08-28 12:40:34 
TT 130 131.8  15.8 131.8  15.8 3.35E-02 004.3 279.3  34.6 247.7705 56.02142 16.96197 shoemake 2024-08-30 16:08:21 
TT 160 133.5  14.2 133.5  14.2 2.99E-02 003.4 282.1  34.8 171.1272 46.29574 14.85321 shoemake 2024-09-06 15:02:48 
TT 190 133.4  14.3 133.4  14.3 2.72E-02 006.1 281.9  34.8 284.2539 65.63568 14.64058 shoemake 2024-09-10 16:16:40 
TT 210 144.0   3.5 144.0   3.5 1.66E-02 007.8 300.2  34.7 196.7567 114.4383 9.991595 shoemake 2024-10-16 19:44:37 
TT 210 138.6   8.1 138.6   8.1 1.67E-02 003.3 291.6  34.4 87.43599 38.02010 9.639838 shoemake 2024-10-17 11:43:24 
TT 240 138.6  10.0 138.6  10.0 1.06E-02 005.0 289.9  35.7 86.18922 34.32555 5.298564 shoemake 2024-10-30 15:25:29 
TT 270 137.6  11.0 137.6  11.0 1.04E-02 002.4 288.2  35.7 39.43348 17.66912 7.807636 shoemake 2024-11-11 22:24:05 
TT 300 138.1  10.5 138.1  10.5 1.01E-02 003.4 289.1  35.7 55.40886 23.64402 10.62443 shoemake 2024-11-16 11:32:11 
TT 330 139.2   9.5 139.2   9.5 9.55E-03 002.1 290.9  35.8 30.38846 16.99342 8.882353 shoemake 2024-11-17 00:25:46 
TT 360 140.8   7.8 140.8   7.8 6.93E-03 001.9 293.7  35.7 17.30124 12.33358 11.41205 shoemake 2024-11-24 15:15:25 
TT 390 143.6   4.8 143.6   4.8 4.52E-03 001.5 298.8  35.4 7.559159 6.873866 7.821021 shoemake 2024-11-26 11:39:49 
TT 420 150.7  -2.3 150.7  -2.3 2.16E-04 002.5 310.9  34.2 0.356086 0.614502 0.730335 shoemake 2024-11-27 23:55:42 
TT 420 182.7 -48.7 182.7 -48.7 1.30E-04 054.8 355.6   0.1 1.222488 13.55209 12.64957 shoemake 2024-12-04 18:05:44 
TT 420 148.3  -0.8 148.3  -0.8 2.17E-04 003.6 307.5  34.0 1.051855 0.701956 0.656007 shoemake 2024-12-04 21:51:21 
TT 450 149.9  -3.0 149.9  -3.0 1.79E-04 002.0 310.6  33.2 0.366853 0.344720 0.441548 shoemake 2024-12-06 15:54:57 
TT 480 162.4  -8.4 162.4  -8.4 1.48E-04 002.5 326.9  34.7 0.558501 0.524729 0.175325 shoemake 2025-02-22 23:40:57 
TT 510 154.8  -6.8 154.8  -6.8 1.57E-04 003.0 318.0  32.6 0.682740 0.585529 0.180362 shoemake 2025-02-28 02:22:21 
