PKQA- 4 sun compass orientation
      0 310.4  42.0  -1.3   0.0   1.0
NRM    306.1  77.9 306.1  77.9 1.67E-02 001.7 162.0  47.5 32.69236 35.27184 18.44898 shoemake 2024-07-15 20:16:13 
LT1 77 313.8  77.8 313.8  77.8 1.58E-02 001.6 162.4  45.9 27.52028 29.56868 16.47537 shoemake 2024-07-29 21:43:46 
LT2 77 314.3  76.8 314.3  76.8 1.56E-02 005.2 161.1  45.5 34.80252 136.9316 17.78618 shoemake 2024-08-11 19:26:13 
TT  70 309.1  74.2 309.1  74.2 1.30E-02 002.3 157.0  46.0 11.58841 49.49215 14.74294 shoemake 2024-08-16 11:05:35 
TT 100 310.0  74.3 310.0  74.3 1.29E-02 001.3 157.2  45.8 14.66463 18.58617 16.66306 shoemake 2024-08-28 12:30:38 
TT 130 308.1  74.4 308.1  74.4 1.26E-02 001.8 157.1  46.3 10.28899 34.80038 15.47084 shoemake 2024-08-30 15:58:25 
TT 160 302.9  74.0 302.9  74.0 1.11E-02 001.1 156.1  47.6 7.771555 18.72541 10.10585 shoemake 2024-09-06 14:53:02 
TT 190 305.8  72.3 305.8  72.3 1.05E-02 002.0 153.9  46.4 7.127343 33.33205 12.58036 shoemake 2024-09-10 16:06:44 
TT 210 306.7  76.4 306.7  76.4 6.63E-03 002.2 159.9  47.1 5.567615 23.64334 6.968251 shoemake 2024-10-16 19:34:48 
TT 240 305.2  74.2 305.2  74.2 5.57E-03 003.7 156.5  47.0 11.41122 33.76304 3.776426 shoemake 2024-10-30 15:15:28 
TT 270 303.8  72.8 303.8  72.8 5.52E-03 001.4 154.4  47.1 7.934397 10.85800 5.218655 shoemake 2024-11-11 22:14:11 
TT 300 308.0  77.4 308.0  77.4 5.44E-03 001.9 161.4  47.0 8.700270 14.70660 6.508656 shoemake 2024-11-16 11:22:12 
TT 330 299.5  73.1 299.5  73.1 5.12E-03 001.5 154.6  48.4 8.425224 9.348669 5.327315 shoemake 2024-11-17 00:15:46 
TT 360 302.3  75.5 302.3  75.5 4.02E-03 002.7 158.3  48.0 8.062261 16.01764 7.042946 shoemake 2024-11-24 15:05:26 
TT 390 293.4  74.1 293.4  74.1 2.51E-03 002.2 155.8  50.2 5.322593 7.004162 4.356571 shoemake 2024-11-26 11:29:49 
TT 420 289.5  72.9 289.5  72.9 2.21E-04 003.3 154.0  51.3 0.948054 0.785402 0.805366 shoemake 2024-11-27 23:45:47 
TT 450 264.7  55.2 264.7  55.2 1.41E-04 002.9 121.7  62.1 0.595527 0.351353 0.410267 shoemake 2024-12-06 15:44:56 
TT 480 287.3  69.7 287.3  69.7 1.34E-04 007.8 148.8  52.0 1.356833 1.478472 0.252977 shoemake 2025-02-22 23:31:01 
TT 510 264.2  59.4 264.2  59.4 1.19E-04 009.8 130.7  62.3 1.474913 1.559817 0.219208 shoemake 2025-02-28 02:12:20 
