PKQA- 7 sun compass orientation
      0 355.9  57.0  -1.3   0.0   1.0
NRM    128.5  38.6 128.5  38.6 6.47E-02 002.8 212.3  -8.2 161.8714 251.4954 103.3321 shoemake 2024-07-15 21:43:03 
LT1 77 133.2  35.3 133.2  35.3 5.91E-02 005.7 217.3  -8.6 353.8316 475.1061 75.69789 shoemake 2024-07-29 23:45:03 
LT2 77 129.8  37.5 129.8  37.5 5.86E-02 001.2 213.8  -8.5 65.60537 76.64409 84.56988 shoemake 2024-08-11 21:08:32 
TT  70 131.3  40.4 131.3  40.4 3.72E-02 004.2 213.0  -5.5 151.0764 220.3690 54.93750 shoemake 2024-08-16 12:57:31 
TT 100 132.4  39.6 132.4  39.6 3.72E-02 001.8 214.2  -5.6 66.68104 89.83960 48.80978 shoemake 2024-08-28 13:59:25 
TT 130 136.4  39.1 136.4  39.1 3.16E-02 005.8 216.9  -4.1 196.3320 246.7579 55.21153 shoemake 2024-08-30 17:27:16 
TT 160 133.0  44.3 133.0  44.3 2.38E-02 008.8 211.6  -1.6 194.5962 313.7784 29.29491 shoemake 2024-09-06 16:21:41 
TT 190 128.1  48.8 128.1  48.8 2.04E-02 001.1 206.3  -0.0 13.33327 14.59339 34.98358 shoemake 2024-09-10 17:35:47 
TT 210 142.9  42.5 142.9  42.5 9.60E-03 002.8 218.2   1.8 28.20653 36.50397 12.85408 shoemake 2024-10-16 21:04:28 
TT 240 140.0  46.0 140.0  46.0 9.17E-03 004.6 214.3   2.9 42.47409 61.09392 8.184877 shoemake 2024-10-30 16:44:49 
TT 270 141.3  45.6 141.3  45.6 8.94E-03 000.9 215.2   3.2 6.182835 7.772755 12.87395 shoemake 2024-11-11 23:57:01 
TT 300 140.3  46.7 140.3  46.7 8.73E-03 001.5 214.0   3.5 12.09114 16.31856 13.02685 shoemake 2024-11-16 12:52:00 
TT 330 135.4  50.1 135.4  50.1 8.31E-03 007.0 209.3   3.9 50.77183 87.65503 12.37348 shoemake 2024-11-17 03:00:48 
TT 360 138.0  49.1 138.0  49.1 6.54E-03 002.6 211.2   4.3 13.38447 22.91333 13.36110 shoemake 2024-11-24 16:44:07 
TT 390 140.2  49.2 140.2  49.2 5.50E-03 002.4 212.2   5.3 11.07301 17.19965 10.95489 shoemake 2024-11-26 14:42:13 
TT 420 143.2  51.2 143.2  51.2 2.85E-03 003.6 212.2   8.1 8.498615 14.16112 7.610626 shoemake 2024-11-28 01:14:43 
TT 450 144.7  52.7 144.7  52.7 2.48E-03 003.0 211.7   9.8 5.748645 10.17665 5.713745 shoemake 2024-12-06 17:14:21 
TT 480 145.0  52.2 145.0  52.2 2.23E-03 001.9 212.2   9.6 3.660119 6.508121 1.497946 shoemake 2025-02-23 09:55:48 
TT 510 143.3  55.8 143.3  55.8 1.99E-03 000.7 208.9  11.3 1.544875 2.211907 1.270492 shoemake 2025-02-28 15:24:54 
