PKQA- 3 mag compass orientation (IGRF corrected)
      0 290.7  49.0  -1.3   0.0   1.0
NRM    311.3  71.0 311.3  71.0 1.89E-02 003.7 158.9  32.3 55.16082 108.5430 26.29955 shoemake 2024-07-15 20:01:37 
LT1 77 316.1  69.9 316.1  69.9 1.81E-02 003.3 158.9  30.3 37.75851 99.36623 9.825873 shoemake 2024-07-29 21:23:07 
LT2 77 315.8  69.7 315.8  69.7 1.79E-02 003.7 158.7  30.3 45.66281 106.3175 13.54803 shoemake 2024-08-11 19:08:42 
TT  70 316.7  70.6 316.7  70.6 1.59E-02 002.5 159.7  30.6 26.26960 63.74102 10.58535 shoemake 2024-08-16 10:48:17 
TT 100 319.7  72.1 319.7  72.1 1.59E-02 003.8 161.8  30.8 33.94540 98.75857 9.768906 shoemake 2024-08-28 12:15:55 
TT 130 319.6  72.7 319.6  72.7 1.43E-02 000.7 162.3  31.2 9.829356 14.14306 9.646851 shoemake 2024-08-30 15:43:35 
TT 160 313.6  72.2 313.6  72.2 1.23E-02 005.5 160.5  32.3 39.88949 111.0939 7.109134 shoemake 2024-09-06 14:38:16 
TT 190 317.0  73.5 317.0  73.5 1.18E-02 001.7 162.5  32.3 10.19015 32.77360 7.742742 shoemake 2024-09-10 15:52:04 
TT 210 306.6  70.0 306.6  70.0 7.01E-03 000.9 156.9  33.1 5.986023 8.498566 5.330437 shoemake 2024-10-16 17:35:47 
TT 240 324.8  76.5 324.8  76.5 6.90E-03 000.7 166.7  32.6 5.587599 7.495659 3.161318 shoemake 2024-10-30 15:00:37 
TT 270 314.7  74.2 314.7  74.2 6.80E-03 001.4 162.7  33.2 8.226623 13.61312 5.360059 shoemake 2024-11-11 21:59:30 
TT 300 309.3  72.5 309.3  72.5 6.69E-03 002.5 160.0  33.6 12.05648 25.56401 7.137246 shoemake 2024-11-16 11:05:18 
TT 330 304.9  69.6 304.9  69.6 6.44E-03 002.8 156.1  33.4 13.97553 27.81424 6.498688 shoemake 2024-11-17 00:01:00 
TT 360 314.7  74.9 314.7  74.9 5.69E-03 001.7 163.4  33.6 9.924536 10.81305 8.878742 shoemake 2024-11-24 14:50:44 
TT 390 307.2  71.6 307.2  71.6 5.00E-03 003.0 158.7  33.7 12.56458 21.76360 7.424972 shoemake 2024-11-26 02:12:08 
TT 420 301.2  70.9 301.2  70.9 1.72E-03 002.3 156.9  35.1 4.599533 3.845385 4.416101 shoemake 2024-11-27 23:12:46 
TT 450 295.2  69.4 295.2  69.4 1.46E-03 003.6 154.2  36.4 5.881528 6.337849 3.607517 shoemake 2024-12-06 15:30:05 
TT 480 305.7  73.1 305.7  73.1 1.39E-03 005.4 160.0  34.8 5.834630 11.74641 1.302103 shoemake 2025-02-22 10:55:17 
TT 510 301.3  74.7 301.3  74.7 1.29E-03 001.2 161.2  36.6 1.902580 2.288334 1.335749 shoemake 2025-02-27 22:01:32 
