PKQA- 1 sun compass orientation
      0 337.5  72.0  -1.3   0.0   1.0
NRM    289.0  71.3 289.0  71.3 2.15E-02 002.8 165.6  31.4 34.82772 81.87067 55.02421 shoemake 2024-07-15 19:32:35 
LT1 77 300.1  64.6 300.1  64.6 2.03E-02 002.4 156.4  31.8 16.54123 71.76771 47.97119 shoemake 2024-07-29 20:41:48 
LT2 77 302.8  62.0 302.8  62.0 2.01E-02 004.0 153.0  31.8 32.75273 125.5083 51.66551 shoemake 2024-08-11 18:31:13 
TT  70 306.1  54.6 306.1  54.6 1.96E-02 010.9 144.1  32.6 192.5056 321.1090 45.16546 shoemake 2024-08-16 10:13:52 
TT  70 301.8  62.3 301.8  62.3 2.00E-02 002.7 153.5  32.1 17.46504 81.40181 46.83031 shoemake 2024-08-19 13:10:43 
TT 100 305.3  56.5 305.3  56.5 1.88E-02 003.5 146.4  32.5 29.29519 100.7147 46.92652 shoemake 2024-08-28 11:43:45 
TT 130 292.8  65.9 292.8  65.9 1.46E-02 002.3 159.6  33.7 19.55750 42.33306 36.69769 shoemake 2024-08-30 15:11:35 
TT 160 304.0  51.4 304.0  51.4 1.23E-02 001.5 140.8  34.7 20.36981 8.701417 24.36886 shoemake 2024-09-06 14:06:18 
TT 190 296.7  60.7 296.7  60.7 1.12E-02 001.9 153.1  35.0 11.57717 22.37963 27.80742 shoemake 2024-09-10 15:19:45 
TT 210 292.3  62.1 292.3  62.1 5.32E-03 002.4 155.9  36.1 5.304474 16.51316 13.65164 shoemake 2024-10-16 17:03:43 
TT 240 293.9  59.9 293.9  59.9 5.37E-03 002.2 153.1  36.6 14.26273 8.336695 12.62109 shoemake 2024-10-30 14:28:22 
TT 270 293.0  60.1 293.0  60.1 5.30E-03 002.7 153.6  36.9 6.404893 20.74624 13.07058 shoemake 2024-11-11 21:27:24 
TT 300 290.7  61.6 290.7  61.6 5.28E-03 007.5 155.9  37.0 20.04662 65.08985 13.54278 shoemake 2024-11-16 10:33:00 
TT 330 292.2  60.3 292.2  60.3 5.25E-03 002.4 154.1  37.1 7.647617 17.21105 12.83289 shoemake 2024-11-16 23:29:00 
TT 360 293.5  59.5 293.5  59.5 5.24E-03 004.3 152.8  37.0 11.07058 35.24966 14.86385 shoemake 2024-11-24 14:18:36 
TT 390 285.2  64.0 285.2  64.0 5.08E-03 004.2 160.3  37.4 8.488402 33.32102 14.17117 shoemake 2024-11-26 00:43:23 
TT 420 287.0  63.4 287.0  63.4 4.71E-03 002.7 159.1  37.2 15.34363 9.426613 13.73423 shoemake 2024-11-27 22:12:35 
TT 450 292.0  60.0 292.0  60.0 4.34E-03 002.7 153.8  37.4 8.712012 14.55275 12.60940 shoemake 2024-12-06 14:57:48 
TT 480 292.6  60.9 292.6  60.9 3.54E-03 002.1 154.6  36.6 5.129245 10.15572 7.622150 shoemake 2025-02-22 01:35:37 
TT 510 290.7  59.6 290.7  59.6 2.34E-03 002.7 153.9  38.1 3.104234 9.621028 5.010826 shoemake 2025-02-27 15:45:54 
