PKQA- 8 sun compass orientation
      0 338.3  50.0  -1.3   0.0   1.0
NRM    117.7  48.5 117.7  48.5 1.43E-01 003.5 210.6   8.7 649.3711 743.7273 224.1834 shoemake 2024-07-15 22:13:41 
LT1 77 128.1  42.1 128.1  42.1 1.35E-01 000.9 220.4   8.3 147.6237 122.3619 133.9093 shoemake 2024-07-29 23:59:42 
LT2 77 124.1  44.6 124.1  44.6 1.33E-01 004.8 216.5   8.3 692.4254 871.5634 153.0814 shoemake 2024-08-11 21:21:10 
TT  70 125.7  44.1 125.7  44.1 8.30E-02 002.5 217.7   8.7 247.2127 245.0136 112.3481 shoemake 2024-08-16 13:09:42 
TT 100 121.2  46.9 121.2  46.9 8.29E-02 004.4 213.5   8.8 373.8158 506.3630 94.09708 shoemake 2024-08-28 14:09:23 
TT 130 125.8  44.1 125.8  44.1 7.85E-02 005.3 217.8   8.7 484.7904 542.7169 102.2262 shoemake 2024-08-30 17:37:08 
TT 160 121.5  47.1 121.5  47.1 6.54E-02 003.4 213.5   9.1 232.1288 313.5266 63.75284 shoemake 2024-09-06 16:31:26 
TT 190 128.8  42.9 128.8  42.9 5.71E-02 001.2 220.2   9.3 78.46135 64.26015 69.57095 shoemake 2024-09-10 17:45:47 
TT 210 126.4  44.6 126.4  44.6 3.01E-02 006.6 217.8   9.4 217.5067 272.5935 31.56161 shoemake 2024-10-16 21:14:17 
TT 240 127.8  44.2 127.8  44.2 2.50E-02 001.7 218.8   9.8 48.86747 56.25738 19.33386 shoemake 2024-10-30 16:54:51 
TT 270 125.6  45.9 125.6  45.9 2.42E-02 002.0 216.5  10.0 51.60543 63.92274 28.11246 shoemake 2024-11-12 00:07:03 
TT 300 128.4  44.4 128.4  44.4 2.35E-02 001.8 219.0  10.2 46.42029 51.60949 30.59637 shoemake 2024-11-16 13:02:01 
TT 330 128.3  44.3 128.3  44.3 2.21E-02 005.6 219.0  10.1 142.1605 164.5843 28.07859 shoemake 2024-11-17 03:10:53 
TT 360 131.7  42.5 131.7  42.5 1.71E-02 006.0 222.1  10.4 123.2031 130.2531 31.29500 shoemake 2024-11-24 16:54:08 
TT 390 125.3  47.0 125.3  47.0 1.38E-02 004.8 215.6  10.7 68.10676 89.86283 26.03056 shoemake 2024-11-26 14:52:13 
TT 420 129.1  48.2 129.1  48.2 4.19E-03 002.1 216.7  13.3 5.615872 8.378670 12.20707 shoemake 2024-11-28 01:24:45 
TT 450 126.6  50.5 126.6  50.5 3.23E-03 001.8 213.9  13.9 3.795726 5.593904 8.205079 shoemake 2024-12-06 17:24:24 
TT 480 128.0  48.5 128.0  48.5 2.94E-03 006.8 216.0  13.0 21.62544 28.09542 2.586266 shoemake 2025-02-23 10:05:51 
TT 510 132.5  47.2 132.5  47.2 2.54E-03 003.6 219.1  14.2 10.76022 12.03809 2.292731 shoemake 2025-02-28 15:34:55 
