PKQA- 5 sun compass orientation
      0 279.4  49.0  -1.3   0.0   1.0
NRM    137.2  13.8 137.2  13.8 4.93E-02 022.4 285.3  37.3 1939.195 588.6748 60.76744 shoemake 2024-07-15 20:34:44 
NRM    129.1  18.8 129.1  18.8 5.22E-02 004.8 274.5  34.4 415.3982 103.9263 88.25274 shoemake 2024-07-16 10:44:16 
LT1 77 128.4  19.0 128.4  19.0 4.62E-02 004.8 273.8  34.0 382.9898 52.72678 34.62238 shoemake 2024-07-29 22:07:25 
LT2 77 127.6  19.9 127.6  19.9 4.53E-02 002.5 272.4  33.9 190.3556 47.12301 36.96718 shoemake 2024-08-11 19:46:14 
TT  70 132.5  13.2 132.5  13.2 2.76E-02 003.0 282.2  33.4 138.2540 38.29699 21.66353 shoemake 2024-08-16 11:25:17 
TT 100 132.9  12.9 132.9  12.9 2.74E-02 006.2 282.8  33.5 288.4950 76.82184 17.19208 shoemake 2024-08-28 12:47:51 
TT 130 127.7  18.5 127.7  18.5 2.74E-02 001.5 273.8  33.2 70.06565 21.51263 18.76496 shoemake 2024-08-30 16:15:50 
TT 160 134.1  11.0 134.1  11.0 2.56E-02 000.8 285.4  33.2 28.21498 21.10522 15.70355 shoemake 2024-09-06 15:10:09 
TT 190 136.4   8.5 136.4   8.5 2.33E-02 007.9 289.5  33.1 302.5395 110.0019 13.78971 shoemake 2024-09-10 16:23:58 
TT 210 141.0   4.2 141.0   4.2 1.51E-02 003.4 296.9  33.2 80.39176 38.88792 13.55380 shoemake 2024-10-16 19:52:02 
TT 240 138.4   6.8 138.4   6.8 8.22E-03 003.2 292.5  33.3 41.45343 21.07150 5.831527 shoemake 2024-10-30 15:32:55 
TT 270 138.4   7.2 138.4   7.2 8.02E-03 001.4 292.3  33.6 15.76093 11.08735 7.978931 shoemake 2024-11-11 22:31:24 
TT 300 139.9   5.6 139.9   5.6 7.85E-03 003.1 294.9  33.5 36.79622 20.25456 6.686487 shoemake 2024-11-16 11:39:42 
TT 330 140.4   5.7 140.4   5.7 7.44E-03 003.0 295.2  33.9 32.69278 19.64664 8.732600 shoemake 2024-11-17 00:33:10 
TT 360 138.5   7.1 138.5   7.1 5.05E-03 002.4 292.4  33.6 17.11748 10.08059 9.161297 shoemake 2024-11-24 15:22:48 
TT 390 142.1   3.9 142.1   3.9 2.79E-03 003.8 298.2  33.7 14.82283 9.672828 5.546943 shoemake 2024-11-26 11:47:16 
TT 420 163.0 -24.1 163.0 -24.1 6.76E-05 003.2 334.3  20.4 0.116861 0.302849 0.213267 shoemake 2024-11-28 00:03:04 
TT 420 184.1 -48.6 184.1 -48.6 5.84E-05 032.1 356.5   0.3 0.221154 2.820463 2.331802 shoemake 2024-12-04 18:14:13 
TT 420 161.4 -24.3 161.4 -24.3 6.73E-05 005.8 333.0  19.7 0.346883 0.560922 0.186574 shoemake 2024-12-04 21:58:41 
TT 450 154.9 -10.3 154.9 -10.3 5.92E-05 003.6 320.1  29.6 0.273866 0.240686 0.114806 shoemake 2024-12-06 16:02:23 
TT 480 174.8 -23.5 174.8 -23.5 5.05E-05 005.0 345.3  24.1 0.329026 0.415258 0.042788 shoemake 2025-02-22 23:57:09 
TT 510 160.1  -9.5 160.1  -9.5 5.23E-05 006.3 325.0  32.8 0.421419 0.490302 0.038037 shoemake 2025-02-28 12:29:31 
