PKQA- 8 sun compass orientation
      0 338.3  50.0  -1.3   0.0   1.0
NRM    126.8  55.3 126.8  55.3 7.90E-02 004.3 210.6  17.5 298.5334 487.0006 146.4318 shoemake 2024-07-15 22:24:05 
LT1 77 132.6  51.7 132.6  51.7 7.44E-02 005.4 215.8  17.4 408.6460 566.3133 36.07958 shoemake 2024-07-30 00:14:53 
LT2 77 130.0  53.5 130.0  53.5 7.24E-02 007.0 213.3  17.5 500.8333 732.6932 54.88752 shoemake 2024-08-11 21:33:34 
TT  70 134.4  52.9 134.4  52.9 4.15E-02 007.0 215.7  19.0 312.7820 399.4975 29.51506 shoemake 2024-08-16 13:22:09 
TT 100 135.7  51.9 135.7  51.9 4.15E-02 005.2 217.0  18.9 237.5500 298.6755 25.82005 shoemake 2024-08-28 14:21:35 
TT 130 133.0  53.8 133.0  53.8 4.17E-02 003.1 214.4  19.0 142.7705 172.1410 30.31638 shoemake 2024-08-30 19:05:57 
TT 160 136.1  52.9 136.1  52.9 3.56E-02 005.9 216.4  19.8 222.9002 290.9888 20.30339 shoemake 2024-09-06 16:43:50 
TT 190 132.1  56.9 132.1  56.9 3.04E-02 010.6 211.6  20.7 304.1737 479.7485 21.03609 shoemake 2024-09-10 17:58:02 
TT 210 134.8  56.2 134.8  56.2 1.66E-02 004.0 213.2  21.4 57.75947 100.1148 11.69748 shoemake 2024-10-16 22:10:51 
TT 240 132.8  58.1 132.8  58.1 1.04E-02 003.8 210.9  21.8 36.79664 59.17701 4.974451 shoemake 2024-10-30 17:07:13 
TT 270 137.2  55.9 137.2  55.9 1.00E-02 003.7 214.4  22.2 37.86444 53.39288 7.884520 shoemake 2024-11-12 00:19:30 
TT 300 132.6  59.1 132.6  59.1 9.64E-03 001.2 210.0  22.4 11.12415 15.03468 9.327066 shoemake 2024-11-16 13:14:21 
TT 330 137.0  56.7 137.0  56.7 9.01E-03 002.9 213.7  22.6 26.69751 36.57489 8.527194 shoemake 2024-11-17 03:25:09 
TT 360 132.8  60.7 132.8  60.7 6.92E-03 003.9 208.8  23.5 24.39490 39.67356 11.03449 shoemake 2024-11-24 17:06:41 
TT 390 136.2  60.2 136.2  60.2 4.69E-03 002.6 210.4  24.5 11.92483 15.95234 7.785657 shoemake 2024-11-26 15:04:31 
TT 420 144.1  71.1 144.1  71.1 4.40E-04 003.9 202.0  33.2 1.700023 2.196367 1.396654 shoemake 2024-11-28 01:37:06 
TT 450 156.6  74.4 156.6  74.4 2.88E-04 002.2 199.9  37.8 0.645621 0.637213 0.789576 shoemake 2024-12-06 17:36:43 
TT 480 158.2  75.2 158.2  75.2 2.57E-04 002.8 199.0  38.4 0.680623 1.058088 0.308540 shoemake 2025-02-23 10:55:31 
TT 510 163.7  77.2 163.7  77.2 2.31E-04 004.7 196.7  40.0 0.801994 1.724078 0.300313 shoemake 2025-02-28 15:53:05 
