PKQA- 6 sun compass orientation
      0 280.7  54.0  -1.3   0.0   1.0
NRM    123.8   5.4 123.8   5.4 6.03E-02 006.3 279.5  21.8 647.3940 129.3141 101.3304 shoemake 2024-07-15 21:12:05 
LT1 77 128.3  -0.2 128.3  -0.2 5.31E-02 000.7 287.2  21.9 58.73030 34.08061 27.14734 shoemake 2024-07-29 23:00:36 
LT2 77 124.9   4.3 124.9   4.3 5.25E-02 000.7 281.1  22.0 52.78316 38.86543 30.37526 shoemake 2024-08-11 20:31:14 
TT  70 125.6   3.4 125.6   3.4 4.84E-02 006.8 282.4  22.0 559.4970 132.8726 35.58891 shoemake 2024-08-16 12:09:35 
TT 100 127.5   0.9 127.5   0.9 4.82E-02 001.1 285.8  22.0 83.35746 39.29907 31.93812 shoemake 2024-08-28 13:27:25 
TT 130 128.1   0.9 128.1   0.9 3.46E-02 001.1 286.2  22.4 58.32374 29.89506 25.36100 shoemake 2024-08-30 16:55:17 
TT 160 130.1  -0.8 130.1  -0.8 2.92E-02 002.7 289.0  22.9 128.4364 53.16782 15.39396 shoemake 2024-09-06 15:49:38 
TT 190 134.9  -5.4 134.9  -5.4 2.57E-02 003.6 296.2  23.4 142.8750 73.92997 14.68138 shoemake 2024-09-10 17:03:36 
TT 210 137.5  -6.1 137.5  -6.1 1.48E-02 002.0 298.7  24.8 44.57724 24.88778 10.95825 shoemake 2024-10-16 20:32:41 
TT 240 139.0  -7.0 139.0  -7.0 1.47E-02 005.5 300.6  25.2 121.1735 72.28705 8.051223 shoemake 2024-10-30 16:12:36 
TT 270 138.8  -6.7 138.8  -6.7 1.46E-02 003.5 300.2  25.3 76.85786 43.61628 9.647540 shoemake 2024-11-11 23:24:46 
TT 300 138.1  -5.8 138.1  -5.8 1.45E-02 002.9 298.9  25.4 64.90031 36.61770 11.67685 shoemake 2024-11-16 12:19:31 
TT 330 139.9  -7.4 139.9  -7.4 1.43E-02 002.5 301.6  25.5 51.54966 34.61099 16.41603 shoemake 2024-11-17 02:28:32 
TT 360 139.9  -7.0 139.9  -7.0 1.40E-02 005.3 301.3  25.8 110.4895 67.92911 23.48663 shoemake 2024-11-24 16:11:58 
TT 390 139.2  -6.1 139.2  -6.1 1.33E-02 006.2 300.0  26.0 126.7046 68.38024 19.39111 shoemake 2024-11-26 12:26:53 
TT 420 137.4  -5.2 137.4  -5.2 1.13E-02 006.3 297.9  25.4 108.8000 57.87181 24.81371 shoemake 2024-11-28 00:42:42 
TT 450 136.9  -5.4 136.9  -5.4 1.03E-02 001.2 297.7  24.9 10.50789 12.96347 15.15564 shoemake 2024-12-06 16:42:05 
TT 480 135.1  -4.1 135.1  -4.1 8.90E-03 006.4 295.3  24.4 91.04116 43.01015 3.294186 shoemake 2025-02-23 01:07:34 
TT 510 138.4  -6.4 138.4  -6.4 6.50E-03 010.0 299.6  25.2 99.34792 56.86229 2.558909 shoemake 2025-02-28 13:28:13 
