PKQA- 7 sun compass orientation
      0 355.9  57.0  -1.3   0.0   1.0
NRM    121.5  30.3 121.5  30.3 7.97E-02 001.3 212.0 -18.3 97.18988 110.9990 126.0309 shoemake 2024-07-15 21:36:51 
LT1 77 126.0  27.9 126.0  27.9 7.28E-02 004.9 216.8 -18.2 387.1246 496.4944 44.18855 shoemake 2024-07-29 23:36:03 
LT2 77 124.0  29.2 124.0  29.2 7.18E-02 002.2 214.5 -18.1 154.9638 222.5197 55.06465 shoemake 2024-08-11 21:01:07 
TT  70 130.4  27.1 130.4  27.1 5.07E-02 002.2 220.6 -16.5 132.9262 143.6604 42.91595 shoemake 2024-08-16 12:50:03 
TT 100 124.9  30.6 124.9  30.6 5.06E-02 003.4 214.4 -16.5 176.6941 245.5549 33.85252 shoemake 2024-08-28 13:52:03 
TT 130 130.3  29.0 130.3  29.0 4.01E-02 000.6 219.3 -15.1 35.43100 26.79139 30.24863 shoemake 2024-08-30 17:19:57 
TT 160 125.7  33.7 125.7  33.7 3.05E-02 004.3 213.2 -13.5 129.3542 188.6482 20.11456 shoemake 2024-09-06 16:14:11 
TT 190 124.7  35.6 124.7  35.6 2.63E-02 004.5 211.5 -12.4 108.0252 176.0941 11.83951 shoemake 2024-09-10 17:28:22 
TT 210 132.5  32.8 132.5  32.8 1.20E-02 006.6 218.4 -10.9 84.60581 109.0356 10.32530 shoemake 2024-10-16 20:57:13 
TT 240 128.5  36.0 128.5  36.0 1.17E-02 001.5 213.8 -10.3 17.35748 25.79139 6.545437 shoemake 2024-10-30 16:37:27 
TT 270 131.6  34.0 131.6  34.0 1.14E-02 005.8 217.1 -10.4 68.08880 93.88621 11.71682 shoemake 2024-11-11 23:49:28 
TT 300 127.7  36.5 127.7  36.5 1.12E-02 004.7 213.0 -10.3 48.50743 77.21303 13.42939 shoemake 2024-11-16 12:44:40 
TT 330 129.0  36.1 129.0  36.1 1.10E-02 001.8 214.1 -10.0 19.15381 26.81468 13.16452 shoemake 2024-11-17 02:53:27 
TT 360 126.4  38.0 126.4  38.0 9.37E-03 003.4 211.3  -9.6 29.98609 44.86017 15.25642 shoemake 2024-11-24 16:36:46 
TT 390 130.2  36.4 130.2  36.4 8.11E-03 001.9 214.7  -9.2 13.06403 20.51001 13.45356 shoemake 2024-11-26 12:54:48 
TT 420 131.1  38.0 131.1  38.0 5.50E-03 003.1 214.3  -7.5 16.64915 21.36911 12.53415 shoemake 2024-11-28 01:07:24 
TT 450 131.3  38.9 131.3  38.9 4.84E-03 003.0 213.9  -6.7 12.95572 20.22437 8.628466 shoemake 2024-12-06 17:06:58 
TT 480 135.4  36.8 135.4  36.8 4.35E-03 004.4 217.8  -6.3 19.92906 27.00257 2.035382 shoemake 2025-02-23 02:46:35 
TT 510 132.2  39.3 132.2  39.3 3.80E-03 003.4 214.2  -5.9 12.44403 19.19229 1.692321 shoemake 2025-02-28 13:59:24 
