PKQA- 8 sun compass orientation
      0 338.3  50.0  -1.3   0.0   1.0
NRM    133.4  56.5 133.4  56.5 8.13E-02 003.1 212.4  21.0 185.3449 388.6730 121.5032 shoemake 2024-07-15 22:28:18 
LT1 77 136.9  53.8 136.9  53.8 7.64E-02 002.5 216.0  20.7 202.3797 267.8461 55.07737 shoemake 2024-07-30 00:20:51 
LT2 77 134.8  55.2 134.8  55.2 7.44E-02 001.0 214.0  20.7 88.31339 77.85592 65.72862 shoemake 2024-08-11 21:38:38 
TT  70 134.0  59.4 134.0  59.4 4.23E-02 006.1 210.3  23.1 257.3398 371.4251 45.33116 shoemake 2024-08-16 13:27:00 
TT 100 134.0  59.2 134.0  59.2 4.22E-02 001.9 210.5  23.0 92.01358 107.9231 37.49391 shoemake 2024-08-28 14:26:35 
TT 130 140.5  55.0 140.5  55.0 4.24E-02 001.0 216.4  23.1 59.48442 35.55427 42.44042 shoemake 2024-08-30 19:10:47 
TT 160 138.1  58.3 138.1  58.3 3.70E-02 001.3 212.7  24.1 59.40661 59.29946 29.50343 shoemake 2024-09-06 16:48:47 
TT 190 132.6  63.0 132.6  63.0 3.18E-02 004.5 206.8  25.0 124.8408 216.6125 23.26408 shoemake 2024-09-10 18:03:04 
TT 210 146.3  56.9 146.3  56.9 1.72E-02 005.2 216.8  26.8 104.0646 117.5362 21.17895 shoemake 2024-10-16 22:15:42 
TT 240 137.3  64.0 137.3  64.0 9.17E-03 004.3 207.4  27.2 34.55083 60.64348 5.390748 shoemake 2024-10-30 17:12:12 
TT 270 147.7  57.5 147.7  57.5 8.86E-03 002.7 216.7  27.8 27.44636 32.02707 8.432380 shoemake 2024-11-12 00:32:58 
TT 300 139.9  64.1 139.9  64.1 8.51E-03 007.3 208.1  28.2 53.53989 94.09873 9.238022 shoemake 2024-11-16 13:19:19 
TT 330 143.5  62.2 143.5  62.2 8.08E-03 002.2 210.9  28.5 18.79999 24.62262 8.506015 shoemake 2024-11-17 03:30:07 
TT 360 146.4  62.3 146.4  62.3 6.04E-03 002.0 211.6  29.7 13.20909 13.91869 10.30686 shoemake 2024-11-24 17:11:40 
TT 390 148.2  64.7 148.2  64.7 3.68E-03 006.1 209.6  31.6 21.75985 32.70560 6.715855 shoemake 2024-11-26 15:09:27 
TT 420 201.6  86.0 201.6  86.0 1.84E-04 003.5 184.0  42.7 0.619780 0.859286 0.580434 shoemake 2024-11-28 01:42:05 
TT 450 239.8  72.7 239.8  72.7 1.08E-04 002.2 184.6  57.0 0.290836 0.292399 0.224176 shoemake 2024-12-06 17:41:43 
TT 480 290.4  73.2 290.4  73.2 9.45E-05 003.4 162.0  51.2 0.241509 0.516839 0.117472 shoemake 2025-02-23 11:00:28 
TT 510 250.7  68.2 250.7  68.2 1.01E-04 003.2 178.1  61.8 0.283958 0.495764 0.130479 shoemake 2025-02-28 15:58:03 
