PKQA- 4 sun compass orientation
      0 310.4  42.0  -1.3   0.0   1.0
NRM    309.9  77.0 309.9  77.0 1.67E-02 002.4 160.9  46.5 33.00288 60.36240 16.64394 shoemake 2024-07-15 20:20:16 
LT1 77 318.8  77.8 318.8  77.8 1.59E-02 000.8 162.9  44.9 15.69447 12.68407 11.67853 shoemake 2024-07-29 21:49:41 
LT2 77 316.1  75.3 316.1  75.3 1.57E-02 001.3 159.3  44.6 21.10544 25.85105 13.03442 shoemake 2024-08-11 19:31:11 
TT  70 321.0  77.9 321.0  77.9 1.27E-02 003.0 163.2  44.5 15.66445 63.11971 10.26764 shoemake 2024-08-16 11:10:28 
TT 100 316.6  75.4 316.6  75.4 1.27E-02 004.5 159.4  44.5 34.76036 93.84666 12.13488 shoemake 2024-08-28 12:35:38 
TT 130 314.6  74.9 314.6  74.9 1.24E-02 007.8 158.5  44.8 54.78794 159.8400 8.359503 shoemake 2024-08-30 16:03:20 
TT 160 312.4  73.8 312.4  73.8 1.13E-02 003.2 156.8  45.0 25.09264 58.05092 6.052608 shoemake 2024-09-06 14:57:57 
TT 190 309.0  72.4 309.0  72.4 1.06E-02 003.6 154.5  45.5 25.44861 62.01224 6.971867 shoemake 2024-09-10 16:11:44 
TT 210 302.1  71.8 302.1  71.8 6.60E-03 001.5 152.8  47.4 8.984542 13.83428 4.106982 shoemake 2024-10-16 19:39:39 
TT 240 302.7  72.2 302.7  72.2 5.44E-03 001.6 153.5  47.3 9.290319 12.89192 1.817881 shoemake 2024-10-30 15:20:26 
TT 270 302.3  73.1 302.3  73.1 5.34E-03 002.8 154.8  47.6 11.42872 23.06121 3.635764 shoemake 2024-11-11 22:19:06 
TT 300 304.5  74.2 304.5  74.2 5.26E-03 001.6 156.5  47.2 8.672415 11.32575 4.571919 shoemake 2024-11-16 11:27:09 
TT 330 301.0  71.6 301.0  71.6 5.09E-03 001.3 152.4  47.7 8.063075 7.944570 4.166668 shoemake 2024-11-17 00:20:44 
TT 360 303.5  76.1 303.5  76.1 3.89E-03 003.0 159.2  47.8 8.178913 18.28886 5.816328 shoemake 2024-11-24 15:10:24 
TT 390 294.8  73.6 294.8  73.6 2.46E-03 001.9 155.1  49.8 5.475851 5.123268 4.124126 shoemake 2024-11-26 11:34:46 
TT 420 295.7  71.1 295.7  71.1 1.87E-04 004.7 151.3  49.3 1.197873 0.929435 0.654060 shoemake 2024-11-27 23:50:43 
TT 450 225.3  70.0 225.3  70.0 8.32E-05 004.9 175.5  67.9 0.402069 0.581483 0.281008 shoemake 2024-12-06 15:49:55 
TT 480 283.4  63.7 283.4  63.7 9.68E-05 011.5 138.8  53.2 1.456092 1.536998 0.205929 shoemake 2025-02-22 23:35:57 
TT 510 248.8  64.9 248.8  64.9 7.64E-05 015.8 148.5  67.3 1.527429 1.590938 0.193264 shoemake 2025-02-28 02:17:18 
