PKQA- 6 sun compass orientation
      0 280.7  54.0  -1.3   0.0   1.0
NRM    128.1   0.5 128.1   0.5 5.73E-02 001.3 286.5  22.2 96.06575 53.20391 73.32102 shoemake 2024-07-15 21:16:11 
LT1 77 126.9   2.3 126.9   2.3 4.99E-02 003.5 284.2  22.4 293.2718 83.04839 31.26522 shoemake 2024-07-29 23:06:27 
LT2 77 127.0   2.5 127.0   2.5 4.93E-02 000.8 284.1  22.5 49.44418 36.22839 37.15018 shoemake 2024-08-11 20:36:13 
TT  70 128.1   0.9 128.1   0.9 4.44E-02 002.9 286.2  22.4 216.8082 69.25599 35.20232 shoemake 2024-08-16 12:14:26 
TT 100 130.1  -1.5 130.1  -1.5 4.39E-02 008.5 289.6  22.4 620.9127 218.4187 37.94243 shoemake 2024-08-28 13:32:17 
TT 130 136.3  -7.6 136.3  -7.6 3.12E-02 004.6 298.9  22.9 219.8463 122.0093 33.00772 shoemake 2024-08-30 17:00:14 
TT 160 140.6 -11.0 140.6 -11.0 2.60E-02 005.6 304.9  23.4 209.6325 148.2327 17.41775 shoemake 2024-09-06 15:54:33 
TT 190 139.7  -9.5 139.7  -9.5 2.30E-02 004.6 303.0  23.9 155.5421 96.19920 19.92242 shoemake 2024-09-10 17:08:28 
TT 210 142.1 -10.0 142.1 -10.0 1.28E-02 000.8 305.3  25.1 12.93572 12.31059 9.412925 shoemake 2024-10-16 20:37:35 
TT 240 145.1 -12.5 145.1 -12.5 1.29E-02 000.6 309.6  25.2 8.650788 11.09392 5.887016 shoemake 2024-10-30 16:17:29 
TT 270 144.7 -11.6 144.7 -11.6 1.27E-02 006.2 308.6  25.6 111.2819 82.28421 9.693933 shoemake 2024-11-11 23:29:38 
TT 300 145.1 -12.0 145.1 -12.0 1.27E-02 001.8 309.2  25.6 32.19448 22.90458 12.00736 shoemake 2024-11-16 12:24:45 
TT 330 144.7 -11.5 144.7 -11.5 1.25E-02 002.5 308.5  25.7 43.73063 32.10552 11.69215 shoemake 2024-11-17 02:33:29 
TT 360 144.5 -11.0 144.5 -11.0 1.22E-02 001.3 308.0  25.9 14.13649 16.87722 19.75328 shoemake 2024-11-24 16:16:54 
TT 390 143.1 -10.0 143.1 -10.0 1.15E-02 003.2 306.1  25.8 53.80783 34.18480 16.18800 shoemake 2024-11-26 12:31:48 
TT 420 142.7 -10.2 142.7 -10.2 9.55E-03 001.8 305.9  25.4 21.66787 14.86203 17.61456 shoemake 2024-11-28 00:47:35 
TT 450 143.9 -11.3 143.9 -11.3 8.83E-03 001.3 307.7  25.3 9.203707 13.49337 12.83575 shoemake 2024-12-06 16:47:01 
TT 480 143.1 -11.3 143.1 -11.3 8.06E-03 003.2 307.1  24.8 36.26360 26.49825 3.772224 shoemake 2025-02-23 01:25:54 
TT 510 143.7 -11.3 143.7 -11.3 6.37E-03 000.7 307.6  25.2 7.047483 6.101319 2.506003 shoemake 2025-02-28 13:39:29 
