PKQA- 5 sun compass orientation
      0 279.4  49.0  -1.3   0.0   1.0
NRM    128.8  20.2 128.8  20.2 3.54E-02 001.4 272.9  35.1 56.19422 52.38653 48.20072 shoemake 2024-07-15 20:55:26 
LT1 77 132.6  14.8 132.6  14.8 3.17E-02 002.0 280.8  34.5 106.5688 24.46252 20.22192 shoemake 2024-07-29 22:36:56 
LT2 77 131.6  16.2 131.6  16.2 3.10E-02 004.4 278.8  34.7 233.2769 40.91836 22.07595 shoemake 2024-08-11 20:11:22 
TT  70 130.8  16.6 130.8  16.6 3.04E-02 003.7 277.8  34.4 191.4888 32.34252 20.72379 shoemake 2024-08-16 11:49:52 
TT 100 130.3  16.8 130.3  16.8 2.86E-02 002.4 277.2  34.1 117.8062 24.36365 19.64504 shoemake 2024-08-28 13:12:30 
TT 130 135.7   9.8 135.7   9.8 2.32E-02 005.4 287.8  33.5 207.3063 64.99919 21.44788 shoemake 2024-08-30 16:40:27 
TT 160 139.3   5.9 139.3   5.9 2.29E-02 000.6 294.1  33.3 17.96247 15.26055 14.50047 shoemake 2024-09-06 15:34:53 
TT 190 134.5  10.6 134.5  10.6 2.21E-02 005.8 286.1  33.2 216.6115 58.54340 15.48220 shoemake 2024-09-10 16:48:39 
TT 210 138.7   5.7 138.7   5.7 1.74E-02 004.9 293.7  32.7 136.6867 57.24749 14.46262 shoemake 2024-10-16 20:17:59 
TT 240 147.1  -3.1 147.1  -3.1 7.07E-03 004.8 308.0  31.5 47.63953 35.62019 4.458243 shoemake 2024-10-30 15:57:38 
TT 270 144.8  -1.0 144.8  -1.0 6.82E-03 004.0 304.4  31.7 39.89104 24.91472 6.806105 shoemake 2024-11-11 23:09:52 
TT 300 144.9  -1.1 144.9  -1.1 6.44E-03 007.2 304.5  31.7 68.21450 44.88861 7.638917 shoemake 2024-11-16 12:04:34 
TT 330 144.2  -0.8 144.2  -0.8 5.90E-03 004.1 303.7  31.5 35.41154 22.24392 7.003313 shoemake 2024-11-17 00:57:51 
TT 360 147.6  -3.5 147.6  -3.5 4.54E-03 003.1 308.8  31.4 19.15238 13.88287 7.836452 shoemake 2024-11-24 15:56:59 
TT 390 151.1  -6.1 151.1  -6.1 3.58E-03 006.9 313.9  31.3 32.28765 28.73711 6.428999 shoemake 2024-11-26 12:11:55 
TT 420 161.9 -14.1 161.9 -14.1 2.80E-04 005.8 329.1  29.3 1.747513 2.076521 0.949933 shoemake 2024-11-28 00:27:49 
TT 420 192.6 -49.0 192.6 -49.0 2.22E-04 040.0 002.1  -0.0 0.614603 12.28262 14.01552 shoemake 2024-12-04 18:38:43 
TT 420 160.3 -13.7 160.3 -13.7 2.82E-04 002.2 327.3  29.0 0.554473 0.568967 0.823435 shoemake 2024-12-04 22:23:15 
TT 450 163.5 -15.9 163.5 -15.9 2.34E-04 002.7 331.5  28.2 0.739786 0.622446 0.644058 shoemake 2024-12-06 16:27:07 
TT 480 158.4 -15.9 158.4 -15.9 2.15E-04 005.3 326.5  26.3 1.302540 1.567657 0.192630 shoemake 2025-02-23 00:52:30 
TT 510 165.3 -16.1 165.3 -16.1 1.66E-04 007.3 333.4  28.7 1.151779 1.851478 0.133307 shoemake 2025-02-28 13:13:14 
