PKQA- 1 sun compass orientation
      0 337.5  72.0  -1.3   0.0   1.0
NRM    300.6  60.6 300.6  60.6 1.78E-02 008.0 152.0  33.3 124.4784 216.8669 23.29140 shoemake 2024-07-15 19:28:22 
LT1 77 300.1  61.2 300.1  61.2 1.69E-02 003.3 152.8  33.3 46.11764 84.32491 9.385232 shoemake 2024-07-29 20:35:53 
LT2 77 303.0  58.5 303.0  58.5 1.67E-02 000.9 149.1  33.0 17.01363 19.16458 12.04939 shoemake 2024-08-11 18:26:14 
TT  70 300.2  61.1 300.2  61.1 1.64E-02 001.8 152.6  33.3 29.53293 40.61860 12.54724 shoemake 2024-08-16 10:08:52 
TT 100 301.7  58.3 301.7  58.3 1.55E-02 002.5 149.2  33.7 29.91720 59.36413 9.625520 shoemake 2024-08-28 11:38:51 
TT 130 299.0  59.5 299.0  59.5 1.23E-02 001.1 151.2  34.5 10.58517 20.69821 7.423447 shoemake 2024-08-30 15:06:42 
TT 160 300.0  56.2 300.0  56.2 1.07E-02 000.6 147.2  35.4 7.324098 7.246148 7.026846 shoemake 2024-09-06 14:01:16 
TT 190 298.4  57.4 298.4  57.4 9.49E-03 007.0 149.0  35.7 59.75486 99.37015 5.383434 shoemake 2024-09-10 15:14:50 
TT 210 296.5  57.4 296.5  57.4 5.03E-03 004.4 149.6  36.6 20.63909 33.14080 4.000366 shoemake 2024-10-16 16:58:50 
TT 240 294.0  59.2 294.0  59.2 5.08E-03 001.3 152.3  36.9 5.552850 10.09609 2.565159 shoemake 2024-10-30 14:23:29 
TT 270 296.6  56.5 296.6  56.5 5.01E-03 001.2 148.5  37.0 6.561163 8.075493 4.623410 shoemake 2024-11-11 21:22:34 
TT 300 294.2  58.6 294.2  58.6 5.03E-03 001.8 151.6  37.1 9.710317 11.24082 6.200683 shoemake 2024-11-16 10:28:05 
TT 330 294.7  57.9 294.7  57.9 4.99E-03 001.5 150.7  37.2 8.214335 8.556036 5.988034 shoemake 2024-11-16 23:24:10 
TT 360 293.9  58.8 293.9  58.8 4.99E-03 003.0 151.9  37.2 13.69067 21.15763 7.477762 shoemake 2024-11-24 14:13:41 
TT 390 293.4  59.2 293.4  59.2 4.95E-03 001.7 152.5  37.2 9.145397 8.974725 7.469698 shoemake 2024-11-26 00:38:28 
TT 420 293.7  58.7 293.7  58.7 4.88E-03 004.4 151.9  37.3 19.17198 31.32068 9.032413 shoemake 2024-11-27 22:07:46 
TT 450 292.1  60.2 292.1  60.2 4.75E-03 001.8 154.0  37.2 9.665989 9.945486 7.100841 shoemake 2024-12-06 14:52:55 
TT 480 294.8  57.5 294.8  57.5 4.16E-03 006.0 150.2  37.4 21.79002 38.09024 1.557494 shoemake 2025-02-22 01:30:44 
TT 510 292.5  58.7 292.5  58.7 2.67E-03 002.8 152.3  37.8 6.263879 11.47413 1.058216 shoemake 2025-02-27 15:11:09 
