PKQA- 9 sun compass orientation
      0 341.0  56.5  -1.3   0.0   1.0
NRM    157.9  51.2 157.9  51.2 1.76E-01 004.8 223.1  23.7 1018.759 1076.237 286.1068 shoemake 2024-07-15 22:40:46 
LT1 77 160.8  44.6 160.8  44.6 1.71E-01 003.1 230.5  22.7 713.5879 568.5865 168.0687 shoemake 2024-07-30 00:38:55 
LT2 77 161.1  44.2 161.1  44.2 1.67E-01 002.6 231.0  22.7 612.5590 427.2595 135.2098 shoemake 2024-08-11 21:53:37 
TT  70 159.8  46.3 159.8  46.3 1.24E-01 006.1 228.5  22.8 1029.597 826.1599 86.49876 shoemake 2024-08-16 13:41:48 
TT 100 163.1  40.8 163.1  40.8 1.25E-01 001.7 235.0  22.6 332.4115 165.0964 98.41293 shoemake 2024-08-28 14:38:48 
TT 130 161.7  43.1 161.7  43.1 1.24E-01 001.0 232.3  22.6 206.6855 98.78635 82.74429 shoemake 2024-08-30 19:23:08 
TT 160 161.7  44.3 161.7  44.3 1.04E-01 005.6 231.1  23.1 816.7587 615.7005 62.59853 shoemake 2024-09-06 17:01:02 
TT 190 160.5  46.2 160.5  46.2 9.03E-02 006.4 228.8  23.2 783.2413 633.7085 70.10230 shoemake 2024-09-10 18:15:16 
TT 210 162.2  45.7 162.2  45.7 5.50E-02 002.4 229.9  24.0 153.3000 168.6322 59.09095 shoemake 2024-10-16 22:28:03 
TT 240 162.0  47.7 162.0  47.7 2.02E-02 000.7 227.8  24.7 18.43114 18.83487 13.16700 shoemake 2024-10-30 17:24:43 
TT 270 163.3  46.6 163.3  46.6 1.95E-02 003.6 229.3  25.1 97.29763 75.47424 16.69005 shoemake 2024-11-12 02:09:31 
TT 300 161.7  49.6 161.7  49.6 1.86E-02 004.2 225.8  25.3 104.1753 87.33096 20.97552 shoemake 2024-11-16 13:31:46 
TT 330 164.0  45.9 164.0  45.9 1.74E-02 001.3 230.2  25.3 27.66904 20.61060 21.18816 shoemake 2024-11-17 03:42:39 
TT 360 164.1  47.1 164.1  47.1 1.24E-02 003.9 229.0  25.8 65.28224 48.89773 23.16701 shoemake 2024-11-24 22:07:30 
TT 390 165.3  47.3 165.3  47.3 7.20E-03 002.2 229.1  26.6 14.04787 19.51572 15.00301 shoemake 2024-11-26 15:21:57 
TT 420 185.2  63.2 185.2  63.2 1.65E-04 004.5 212.6  40.3 0.813067 0.977513 0.420200 shoemake 2024-11-28 01:54:32 
TT 450 181.4  67.3 181.4  67.3 1.53E-04 002.7 207.5  38.4 0.450488 0.484346 0.322027 shoemake 2024-12-06 17:54:20 
TT 480 179.2  64.6 179.2  64.6 1.40E-04 002.1 210.9  37.6 0.379167 0.420012 0.136879 shoemake 2025-02-23 14:28:54 
TT 510 185.9  65.3 185.9  65.3 1.28E-04 002.3 209.9  40.4 0.315939 0.457140 0.132207 shoemake 2025-02-28 16:16:26 
