PKQA- 0 mag compass orientation (IGRF corrected)
      0 310.7  76.0  -1.3   0.0   1.0
NRM    178.5  46.7 178.5  46.7 1.58E-01 002.0 218.3  42.0 347.8164 401.9526 232.3845 shoemake 2024-07-15 23:01:31 
LT1 77 184.3  51.8 184.3  51.8 1.45E-01 004.8 209.7  42.3 597.7410 1069.361 144.3808 shoemake 2024-07-30 01:08:49 
LT2 77 183.9  51.7 183.9  51.7 1.41E-01 003.5 210.1  42.2 489.4413 707.3190 94.09733 shoemake 2024-08-11 22:18:32 
TT  70 182.1  49.8 182.1  49.8 1.32E-01 004.0 213.1  42.4 559.6478 724.2697 84.37889 shoemake 2024-08-16 14:04:01 
TT 100 181.4  49.3 181.4  49.3 1.30E-01 002.3 214.0  42.3 361.6970 360.4105 85.21120 shoemake 2024-08-28 14:58:38 
TT 130 181.8  49.2 181.8  49.2 1.05E-01 002.4 213.9  42.6 299.0279 341.2242 47.53133 shoemake 2024-08-30 19:42:45 
TT 160 184.9  51.8 184.9  51.8 1.04E-01 001.7 209.4  42.6 217.7815 213.3503 67.58004 shoemake 2024-09-06 17:20:47 
TT 190 185.0  51.7 185.0  51.7 1.02E-01 000.7 209.5  42.7 80.52056 65.99740 104.7422 shoemake 2024-09-10 18:35:00 
TT 210 182.3  49.1 182.3  49.1 6.92E-02 007.8 213.8  42.9 543.5931 775.6475 40.38116 shoemake 2024-10-16 22:47:38 
TT 210 184.1  51.0 184.1  51.0 6.97E-02 003.0 210.7  42.7 205.7867 295.7951 43.27705 shoemake 2024-10-17 12:24:32 
TT 240 182.8  49.9 182.8  49.9 2.33E-02 004.5 212.5  42.7 108.3823 147.7600 11.52077 shoemake 2024-10-30 17:44:35 
TT 270 185.5  51.8 185.5  51.8 2.24E-02 002.1 209.1  42.9 47.54125 66.98033 20.68881 shoemake 2024-11-12 02:29:30 
TT 300 187.3  53.0 187.3  53.0 2.14E-02 001.6 206.9  42.9 42.64607 42.82597 18.24169 shoemake 2024-11-16 13:51:35 
TT 330 190.8  55.0 190.8  55.0 1.96E-02 002.7 203.0  42.9 35.14213 83.72767 19.79539 shoemake 2024-11-17 04:02:38 
TT 360 187.7  53.1 187.7  53.1 1.53E-02 002.7 206.6  43.0 44.03192 52.51454 26.50833 shoemake 2024-11-24 22:27:14 
TT 390 190.9  54.9 190.9  54.9 1.26E-02 002.6 203.0  43.0 33.56372 43.18181 21.68075 shoemake 2024-11-26 16:14:22 
TT 420 195.2  57.2 195.2  57.2 3.76E-03 003.2 198.5  42.7 7.368115 17.91935 8.815598 shoemake 2024-11-28 02:14:22 
TT 450 196.8  58.4 196.8  58.4 2.87E-03 003.1 196.6  42.1 4.716932 13.97894 5.723477 shoemake 2024-12-06 18:14:14 
TT 480 196.5  58.4 196.5  58.4 2.47E-03 002.6 196.8  42.0 5.107028 10.18373 1.828541 shoemake 2025-02-23 19:25:45 
TT 510 210.5  61.6 210.5  61.6 1.27E-03 004.3 186.5  41.8 2.244467 9.336348 0.627899 shoemake 2025-02-28 17:03:35 
