PKQA- 7 sun compass orientation
      0 355.9  57.0  -1.3   0.0   1.0
NRM    132.6  39.5 132.6  39.5 6.02E-02 002.0 214.4  -5.6 106.1757 155.7987 109.0233 shoemake 2024-07-15 21:45:11 
LT1 77 134.1  38.5 134.1  38.5 5.57E-02 001.4 215.9  -5.6 80.25629 106.3210 48.14355 shoemake 2024-07-29 23:47:59 
LT2 77 131.3  40.2 131.3  40.2 5.48E-02 001.3 213.1  -5.6 70.22299 95.29940 61.05946 shoemake 2024-08-11 21:11:04 
TT  70 137.0  41.6 137.0  41.6 3.39E-02 001.2 215.6  -1.8 34.64690 50.29494 42.10684 shoemake 2024-08-16 12:59:59 
TT 100 127.9  46.4 127.9  46.4 3.36E-02 005.9 207.5  -2.0 162.9463 302.9930 33.44055 shoemake 2024-08-28 14:01:56 
TT 130 141.3  40.6 141.3  40.6 2.92E-02 002.9 218.7  -0.4 101.0632 105.1359 34.04260 shoemake 2024-08-30 17:29:42 
TT 160 135.0  48.2 135.0  48.2 2.23E-02 003.3 210.3   2.3 68.06837 110.6665 18.32987 shoemake 2024-09-06 16:24:09 
TT 190 125.0  54.9 125.0  54.9 1.88E-02 004.7 201.3   4.1 57.82136 142.1764 23.70791 shoemake 2024-09-10 17:38:19 
TT 210 141.3  49.4 141.3  49.4 9.00E-03 004.2 212.6   5.9 35.63933 55.36085 8.638297 shoemake 2024-10-16 21:06:53 
TT 240 141.3  51.0 141.3  51.0 8.19E-03 001.0 211.5   7.1 7.650108 12.00698 5.387661 shoemake 2024-10-30 16:47:17 
TT 270 141.3  51.8 141.3  51.8 7.94E-03 002.0 210.9   7.7 14.37365 22.96780 8.887647 shoemake 2024-11-11 23:59:29 
TT 300 135.9  55.0 135.9  55.0 7.74E-03 001.0 206.3   7.9 6.440025 8.165166 10.06980 shoemake 2024-11-16 12:54:29 
TT 330 139.2  53.6 139.2  53.6 7.30E-03 005.5 208.7   8.1 34.67706 60.35747 9.323108 shoemake 2024-11-17 03:03:18 
TT 360 141.1  53.2 141.1  53.2 5.68E-03 001.8 209.8   8.6 6.977362 13.41877 10.29843 shoemake 2024-11-24 16:46:34 
TT 390 143.1  54.3 143.1  54.3 4.74E-03 002.2 209.9  10.2 8.080917 13.75581 8.800391 shoemake 2024-11-26 14:44:41 
TT 420 137.2  61.6 137.2  61.6 2.20E-03 002.2 202.4  13.3 2.624042 5.862391 5.767103 shoemake 2024-11-28 01:17:11 
TT 450 147.6  60.4 147.6  60.4 1.90E-03 004.1 206.9  16.1 6.789358 11.04954 3.955250 shoemake 2024-12-06 17:16:49 
TT 480 145.7  60.9 145.7  60.9 1.67E-03 003.6 205.9  15.7 5.104935 9.289570 0.958179 shoemake 2025-02-23 09:58:17 
TT 510 150.0  60.9 150.0  60.9 1.53E-03 001.7 207.3  17.3 2.113378 4.212483 0.776739 shoemake 2025-02-28 15:27:22 
