PKQA- 8 sun compass orientation
      0 338.3  50.0  -1.3   0.0   1.0
NRM    128.7  56.7 128.7  56.7 1.21E-01 004.8 210.4  19.2 447.1798 898.0069 202.2289 shoemake 2024-07-15 22:26:12 
LT1 77 132.1  54.7 132.1  54.7 1.13E-01 006.5 213.3  19.2 743.2715 1045.796 204.0420 shoemake 2024-07-30 00:17:52 
LT2 77 132.8  54.1 132.8  54.1 1.10E-01 002.5 214.1  19.1 175.4996 393.2064 217.3309 shoemake 2024-08-11 21:36:06 
TT  70 130.2  58.2 130.2  58.2 6.30E-02 002.4 209.8  20.9 176.1449 163.8879 113.9405 shoemake 2024-08-16 13:24:36 
TT 100 136.4  54.3 136.4  54.3 6.26E-02 003.7 215.4  20.8 272.9962 288.9363 103.0052 shoemake 2024-08-28 14:24:06 
TT 130 130.3  58.7 130.3  58.7 6.21E-02 010.4 209.5  21.2 620.1555 949.7694 125.1420 shoemake 2024-08-30 19:08:22 
TT 160 139.5  53.6 139.5  53.6 5.39E-02 005.8 217.2  21.8 290.0484 451.8530 87.29540 shoemake 2024-09-06 16:46:20 
TT 190 135.9  57.6 135.9  57.6 4.67E-02 006.4 212.5  22.7 313.9061 417.2689 82.04746 shoemake 2024-09-10 18:00:32 
TT 210 136.2  59.1 136.2  59.1 2.52E-02 003.0 211.3  23.8 83.72694 95.55225 45.92460 shoemake 2024-10-16 22:13:16 
TT 240 136.2  59.9 136.2  59.9 1.47E-02 001.7 210.7  24.3 28.40392 29.71201 18.76752 shoemake 2024-10-30 17:09:42 
TT 270 135.8  60.8 135.8  60.8 1.42E-02 001.8 209.8  24.7 15.53464 36.00734 22.52031 shoemake 2024-11-12 00:21:59 
TT 300 132.5  63.1 132.5  63.1 1.36E-02 002.9 206.7  25.0 23.98791 61.47166 22.85650 shoemake 2024-11-16 13:16:50 
TT 330 137.6  60.5 137.6  60.5 1.28E-02 001.4 210.6  25.2 13.35643 23.74354 20.21673 shoemake 2024-11-17 03:27:37 
TT 360 140.9  60.1 140.9  60.1 9.68E-03 002.0 212.0  26.3 20.82611 18.33289 21.34380 shoemake 2024-11-24 17:09:09 
TT 390 141.0  62.5 141.0  62.5 6.25E-03 004.1 209.9  27.7 16.34482 39.34211 15.30418 shoemake 2024-11-26 15:06:58 
TT 420 154.7  79.7 154.7  79.7 4.33E-04 003.0 193.2  38.6 1.453298 0.963764 1.639816 shoemake 2024-11-28 01:39:34 
TT 450 180.8  74.8 180.8  74.8 3.24E-04 004.3 199.8  44.2 0.589833 2.215670 1.025863 shoemake 2024-12-06 17:39:12 
TT 480 192.5  83.3 192.5  83.3 2.87E-04 001.6 187.6  43.5 0.571773 0.581831 0.400779 shoemake 2025-02-23 10:57:58 
TT 510 194.9  80.0 194.9  80.0 2.80E-04 004.7 191.4  45.4 0.385679 2.268782 0.402289 shoemake 2025-02-28 15:55:33 
