PKQA- 2 sun compass orientation
      0 304.9  72.0  -1.3   0.0   1.0
NRM    305.5  66.2 305.5  66.2 1.79E-02 008.0 155.2  16.2 103.4187 228.1173 25.82522 shoemake 2024-07-15 19:34:43 
LT1 77 313.4  79.7 313.4  79.7 1.70E-02 008.3 169.4  16.2 44.35293 243.6205 22.65867 shoemake 2024-07-29 20:44:43 
LT2 77 308.5  70.7 308.5  70.7 1.69E-02 001.5 160.0  15.8 13.92511 36.50635 25.70375 shoemake 2024-08-11 18:33:45 
TT  70 305.9  65.3 305.9  65.3 1.67E-02 004.1 154.3  15.9 45.76535 108.3536 22.26420 shoemake 2024-08-16 10:16:19 
TT 100 306.8  70.3 306.8  70.3 1.57E-02 005.4 159.5  16.3 42.07088 139.1109 26.47722 shoemake 2024-08-28 11:46:14 
TT 130 305.8  69.4 305.8  69.4 1.19E-02 003.8 158.5  16.5 37.36499 68.11667 18.07337 shoemake 2024-08-30 15:14:01 
TT 160 303.1  65.8 303.1  65.8 9.91E-03 001.7 154.6  17.1 15.01352 23.78631 10.83290 shoemake 2024-09-06 14:08:48 
TT 190 302.0  66.2 302.0  66.2 8.96E-03 003.0 155.0  17.6 17.72809 42.47129 10.55662 shoemake 2024-09-10 15:22:15 
TT 210 298.5  64.0 298.5  64.0 4.05E-03 003.5 152.6  18.9 9.908154 22.30271 5.060230 shoemake 2024-10-16 17:06:10 
TT 240 298.5  63.4 298.5  63.4 4.10E-03 003.5 151.9  18.9 10.93502 22.84199 2.996809 shoemake 2024-10-30 14:30:49 
TT 270 297.8  63.0 297.8  63.0 4.04E-03 000.9 151.5  19.2 3.859107 4.215241 4.553284 shoemake 2024-11-11 21:29:50 
TT 300 298.5  66.3 298.5  66.3 4.04E-03 004.1 155.0  19.0 11.52828 26.23875 5.767850 shoemake 2024-11-16 10:35:28 
TT 330 297.9  64.4 297.9  64.4 4.00E-03 001.5 153.0  19.2 4.528379 8.599964 5.356051 shoemake 2024-11-16 23:31:25 
TT 360 298.2  65.3 298.2  65.3 3.97E-03 003.0 153.9  19.1 8.543830 17.95605 7.560365 shoemake 2024-11-24 14:21:03 
TT 390 296.8  65.9 296.8  65.9 3.82E-03 003.6 154.6  19.7 8.878537 21.66948 7.019924 shoemake 2024-11-26 00:45:50 
TT 420 298.3  66.7 298.3  66.7 3.44E-03 004.1 155.4  19.1 9.212535 21.63685 7.485849 shoemake 2024-11-27 22:15:01 
TT 450 296.7  60.6 296.7  60.6 3.17E-03 003.2 149.0  19.6 10.51057 13.40116 6.114404 shoemake 2024-12-06 15:00:14 
TT 480 297.0  52.8 297.0  52.8 2.73E-03 010.8 140.7  19.0 33.87887 39.91788 1.414001 shoemake 2025-02-22 01:38:02 
TT 510 295.3  61.4 295.3  61.4 1.88E-03 007.6 149.8  20.3 11.96303 22.04728 0.986403 shoemake 2025-02-27 15:48:21 
