PKQA- 6 sun compass orientation
      0 280.7  54.0  -1.3   0.0   1.0
NRM    130.9  -3.7 130.9  -3.7 6.43E-02 002.8 291.9  21.6 263.7660 133.8097 112.2531 shoemake 2024-07-15 21:05:45 
LT1 77 130.6  -2.9 130.6  -2.9 5.61E-02 002.1 291.0  21.9 190.7782 81.58459 27.71701 shoemake 2024-07-29 22:51:49 
LT2 77 129.9  -1.9 129.9  -1.9 5.53E-02 002.0 289.8  22.0 174.5915 72.38574 43.59940 shoemake 2024-08-11 20:23:40 
TT  70 129.7  -1.7 129.7  -1.7 5.30E-02 009.5 289.5  22.0 837.3955 300.5365 36.46587 shoemake 2024-08-16 12:02:13 
TT  70 130.4  -2.8 130.4  -2.8 5.36E-02 004.5 290.8  21.8 394.7012 158.2774 35.32135 shoemake 2024-08-19 13:28:25 
TT 100 127.4   0.7 127.4   0.7 5.12E-02 003.6 285.9  21.8 305.8581 99.98032 29.94676 shoemake 2024-08-28 13:20:01 
TT 130 132.6  -5.0 132.6  -5.0 3.92E-02 003.6 294.2  22.0 221.0035 107.1333 26.31982 shoemake 2024-08-30 16:47:46 
TT 160 134.8  -6.8 134.8  -6.8 3.42E-02 002.3 297.2  22.4 119.4676 62.17883 22.10183 shoemake 2024-09-06 15:42:21 
TT 190 133.7  -5.4 133.7  -5.4 3.03E-02 007.7 295.3  22.6 369.5125 175.2126 19.42860 shoemake 2024-09-10 16:56:10 
TT 210 136.8  -6.7 136.8  -6.7 1.84E-02 004.1 298.7  23.9 113.9606 65.96969 13.40611 shoemake 2024-10-16 20:25:15 
TT 240 142.1 -11.3 142.1 -11.3 1.84E-02 002.7 306.3  24.2 70.92725 51.85684 11.41967 shoemake 2024-10-30 16:05:00 
TT 270 138.2  -7.5 138.2  -7.5 1.81E-02 006.5 300.3  24.3 179.5053 102.7570 18.01940 shoemake 2024-11-11 23:17:15 
TT 300 138.8  -7.9 138.8  -7.9 1.81E-02 005.8 301.1  24.4 157.4488 94.30167 21.95034 shoemake 2024-11-16 12:12:00 
TT 330 139.0  -8.1 139.0  -8.1 1.80E-02 004.6 301.4  24.4 123.4080 76.78772 20.85396 shoemake 2024-11-17 01:05:15 
TT 360 140.6  -9.5 140.6  -9.5 1.77E-02 003.9 303.8  24.5 99.21412 65.75278 29.99748 shoemake 2024-11-24 16:04:25 
TT 390 141.4  -9.7 141.4  -9.7 1.68E-02 009.9 304.5  24.9 243.2948 165.1188 29.42783 shoemake 2024-11-26 12:19:19 
TT 420 139.7  -8.4 139.7  -8.4 1.56E-02 002.4 302.2  24.7 44.65321 32.42940 34.54037 shoemake 2024-11-28 00:35:12 
TT 450 143.0 -11.7 143.0 -11.7 1.44E-02 002.1 307.3  24.5 38.76999 28.99419 26.29745 shoemake 2024-12-06 16:34:32 
TT 480 138.0  -8.6 138.0  -8.6 1.19E-02 007.5 301.0  23.4 135.2573 80.15118 5.628245 shoemake 2025-02-23 00:59:56 
TT 510 140.1 -10.6 140.1 -10.6 9.33E-03 005.2 304.2  23.4 70.44179 47.82800 4.825104 shoemake 2025-02-28 13:20:38 
