PKQA- 5 sun compass orientation
      0 279.4  49.0  -1.3   0.0   1.0
NRM    130.1  17.0 130.1  17.0 4.17E-02 001.7 276.9  34.1 86.89893 71.19164 60.25120 shoemake 2024-07-15 20:51:18 
LT1 77 128.4  18.1 128.4  18.1 3.72E-02 000.7 274.7  33.5 39.86140 25.45331 18.03343 shoemake 2024-07-29 22:31:05 
LT2 77 129.1  17.2 129.1  17.2 3.64E-02 001.7 276.0  33.5 101.3723 29.68588 24.08401 shoemake 2024-08-11 20:06:18 
TT  70 133.0  10.7 133.0  10.7 2.43E-02 004.2 284.8  32.2 171.0361 45.69054 20.41365 shoemake 2024-08-16 11:45:01 
TT 100 131.4  12.5 131.4  12.5 2.43E-02 004.9 282.0  32.2 204.4059 39.42970 17.98299 shoemake 2024-08-28 13:07:35 
TT 130 131.9  11.9 131.9  11.9 2.40E-02 003.6 282.9  32.1 148.7661 31.99984 20.09171 shoemake 2024-08-30 16:35:34 
TT 160 133.5   9.9 133.5   9.9 2.37E-02 001.2 285.9  32.0 48.63599 14.78795 14.67383 shoemake 2024-09-06 15:29:52 
TT 190 132.3  10.9 132.3  10.9 2.33E-02 000.7 284.1  31.8 19.54072 17.54105 15.70575 shoemake 2024-09-10 16:43:44 
TT 210 138.4   4.4 138.4   4.4 1.79E-02 008.2 294.5  31.6 237.7697 99.52242 16.19415 shoemake 2024-10-16 20:11:36 
TT 210 136.4   6.1 136.4   6.1 1.80E-02 004.9 291.5  31.4 144.5910 49.42968 15.53172 shoemake 2024-10-17 12:06:34 
TT 240 137.9   3.1 137.9   3.1 7.25E-03 000.8 295.2  30.3 8.225242 7.239588 3.395324 shoemake 2024-10-30 15:52:45 
TT 270 140.9   0.9 140.9   0.9 7.03E-03 003.4 299.4  30.7 37.12821 17.78074 7.063124 shoemake 2024-11-11 23:05:00 
TT 300 141.7   0.2 141.7   0.2 6.83E-03 003.5 300.7  30.7 36.87324 19.40270 8.215015 shoemake 2024-11-16 11:59:39 
TT 330 140.3   0.9 140.3   0.9 6.40E-03 001.0 298.9  30.3 6.589582 7.679885 7.366038 shoemake 2024-11-17 00:52:57 
TT 360 145.3  -2.8 145.3  -2.8 4.74E-03 003.1 306.1  30.6 21.25083 12.98099 8.438690 shoemake 2024-11-24 15:52:03 
TT 390 144.6  -3.4 144.6  -3.4 3.45E-03 005.2 305.9  29.7 26.39518 16.49547 6.360996 shoemake 2024-11-26 12:07:02 
TT 420 157.4 -18.6 157.4 -18.6 1.45E-04 003.6 326.8  23.4 0.616376 0.555821 0.470867 shoemake 2024-11-28 00:22:56 
TT 420 189.7 -48.9 189.7 -48.9 1.17E-04 038.6 000.2   0.1 0.391231 7.360495 5.790078 shoemake 2024-12-04 18:33:52 
TT 420 157.3 -19.1 157.3 -19.1 1.47E-04 003.6 327.0  22.9 0.611065 0.582508 0.411445 shoemake 2024-12-04 22:18:21 
TT 450 166.8 -15.9 166.8 -15.9 8.45E-05 003.0 334.9  29.4 0.261376 0.309926 0.208147 shoemake 2024-12-06 16:22:13 
TT 480 160.3 -20.4 160.3 -20.4 8.00E-05 008.6 330.3  22.9 0.714020 1.050386 0.048710 shoemake 2025-02-23 00:47:36 
TT 510 164.6 -11.0 164.6 -11.0 7.50E-05 004.3 330.5  33.2 0.440210 0.495847 0.038748 shoemake 2025-02-28 13:08:18 
