PKQA- 5 sun compass orientation
      0 279.4  49.0  -1.3   0.0   1.0
NRM    124.9  23.5 124.9  23.5 4.55E-02 001.2 267.1  34.0 55.85047 62.52610 54.49421 shoemake 2024-07-15 20:36:47 
LT1 77 127.2  20.1 127.2  20.1 3.99E-02 004.4 271.9  33.8 307.2415 25.74204 20.95873 shoemake 2024-07-29 22:10:20 
LT2 77 125.7  22.3 125.7  22.3 3.91E-02 005.5 268.8  33.9 377.5955 33.55303 26.46013 shoemake 2024-08-11 19:48:46 
TT  70 131.4  14.2 131.4  14.2 2.35E-02 007.9 280.5  33.3 318.7337 63.57684 19.92463 shoemake 2024-08-16 11:27:42 
TT  70 132.1  13.4 132.1  13.4 2.36E-02 008.7 281.7  33.3 352.6562 68.95487 17.53622 shoemake 2024-08-19 13:16:00 
TT  70 131.8  13.7 131.8  13.7 2.36E-02 009.0 281.2  33.3 367.7140 72.23287 17.18561 shoemake 2024-08-20 10:50:34 
TT 100 132.3  13.2 132.3  13.2 2.35E-02 008.7 282.0  33.3 353.4179 73.02166 17.54391 shoemake 2024-08-28 12:50:17 
TT 130 128.3  17.3 128.3  17.3 2.36E-02 001.4 275.3  32.9 52.47273 15.98731 17.69521 shoemake 2024-08-30 16:18:16 
TT 160 133.8  11.0 133.8  11.0 2.21E-02 005.6 285.2  32.9 207.9159 55.54404 13.42634 shoemake 2024-09-06 15:12:40 
TT 190 131.4  13.5 131.4  13.5 2.06E-02 005.1 281.1  32.8 180.7504 31.88958 14.06264 shoemake 2024-09-10 16:26:25 
TT 210 140.6   4.0 140.6   4.0 1.34E-02 007.0 296.7  32.8 152.2796 64.30648 10.63021 shoemake 2024-10-16 19:54:26 
TT 210 138.3   5.7 138.3   5.7 1.34E-02 004.3 293.4  32.5 94.19184 34.18665 16.79253 shoemake 2024-10-17 11:45:55 
TT 240 135.3   9.6 135.3   9.6 6.93E-03 001.8 287.6  33.1 20.96786 7.182272 3.773781 shoemake 2024-10-30 15:35:22 
TT 270 137.2   7.7 137.2   7.7 6.79E-03 001.6 290.8  33.1 16.34318 7.405710 6.836881 shoemake 2024-11-11 22:33:49 
TT 300 135.9   8.7 135.9   8.7 6.57E-03 001.6 288.9  32.9 15.16216 7.831451 8.011715 shoemake 2024-11-16 11:42:09 
TT 330 138.1   6.9 138.1   6.9 6.19E-03 001.5 292.2  33.2 13.43260 7.684699 7.382041 shoemake 2024-11-17 00:35:37 
TT 360 139.2   4.8 139.2   4.8 4.19E-03 004.2 294.9  32.5 27.87153 11.79185 7.874802 shoemake 2024-11-24 15:25:14 
TT 390 143.2   2.5 143.2   2.5 2.32E-03 005.1 300.2  33.4 17.76528 9.579670 4.760092 shoemake 2024-11-26 11:49:42 
TT 420 173.4 -30.1 173.4 -30.1 3.73E-05 005.3 345.5  17.4 0.122294 0.295171 0.147680 shoemake 2024-11-28 00:05:32 
TT 420 197.9 -48.1 197.9 -48.1 3.50E-05 022.8 005.7   0.6 0.099230 1.047865 1.031688 shoemake 2024-12-04 18:16:38 
TT 420 163.1 -29.0 163.1 -29.0 3.78E-05 004.4 336.2  15.9 0.143800 0.218651 0.134270 shoemake 2024-12-04 22:01:07 
TT 450 154.0 -12.6 154.0 -12.6 4.81E-05 002.4 320.5  27.2 0.060313 0.123938 0.157426 shoemake 2024-12-06 16:04:51 
TT 480 168.7 -27.8 168.7 -27.8 4.48E-05 004.4 340.7  18.6 0.296898 0.325962 0.028051 shoemake 2025-02-22 23:59:35 
TT 510 160.0  -9.4 160.0  -9.4 5.09E-05 007.6 324.8  32.8 0.473944 0.559360 0.036370 shoemake 2025-02-28 12:31:58 
