PKQA- 5 sun compass orientation
      0 279.4  49.0  -1.3   0.0   1.0
NRM    128.2  19.2 128.2  19.2 3.21E-02 001.4 273.5  34.0 46.27075 46.23330 45.20788 shoemake 2024-07-15 20:44:57 
LT1 77 130.2  16.3 130.2  16.3 2.89E-02 001.4 277.7  33.7 65.40432 16.28565 23.44365 shoemake 2024-07-29 22:22:15 
LT2 77 132.4  13.6 132.4  13.6 2.81E-02 003.7 281.8  33.6 179.1281 30.88020 30.74807 shoemake 2024-08-11 19:58:45 
TT  70 135.6   8.2 135.6   8.2 1.72E-02 001.4 289.1  32.3 32.38457 19.71484 20.80418 shoemake 2024-08-16 11:37:34 
TT 100 137.3   6.4 137.3   6.4 1.72E-02 003.0 292.0  32.3 83.24229 26.74867 20.90873 shoemake 2024-08-28 13:00:17 
TT 130 134.1   9.7 134.1   9.7 1.70E-02 005.8 286.6  32.3 165.5907 41.91173 22.51135 shoemake 2024-08-30 16:28:04 
TT 160 136.8   6.4 136.8   6.4 1.65E-02 002.2 291.5  31.9 57.80965 15.54773 20.03159 shoemake 2024-09-06 15:22:32 
TT 190 134.6   8.5 134.6   8.5 1.58E-02 003.1 288.0  31.8 81.44432 18.28847 18.32040 shoemake 2024-09-10 16:36:25 
TT 210 141.3   1.5 141.3   1.5 1.12E-02 010.9 299.3  31.4 191.7072 97.31779 16.67211 shoemake 2024-10-16 20:04:09 
TT 210 143.0  -0.1 143.0  -0.1 1.13E-02 007.6 302.0  31.3 131.4045 74.75054 19.32036 shoemake 2024-10-17 12:04:02 
TT 210 142.8   0.1 142.8   0.1 1.13E-02 008.8 301.7  31.3 151.7838 84.23491 16.11368 shoemake 2024-10-17 17:45:20 
TT 240 141.0   0.8 141.0   0.8 4.74E-03 002.2 299.6  30.7 16.46265 6.953729 5.816401 shoemake 2024-10-30 15:45:17 
TT 270 141.7   0.9 141.7   0.9 4.61E-03 007.7 300.2  31.2 55.78599 28.02362 6.708784 shoemake 2024-11-11 22:43:39 
TT 300 141.8   0.8 141.8   0.8 4.46E-03 005.6 300.3  31.2 39.02027 19.19441 7.776688 shoemake 2024-11-16 11:52:08 
TT 330 145.8  -3.3 145.8  -3.3 2.08E-03 059.6 306.9  30.5 115.3657 153.4941 113.0306 shoemake 2024-11-17 00:45:29 
TT 330 322.9  -9.0 322.9  -9.0 4.90E-10 057.6 114.6 -38.0 0.000050 0.000052 0.000024 shoemake 2024-11-17 20:50:27 
TT 330 144.1  -1.0 144.1  -1.0 4.17E-03 001.7 303.7  31.3 9.067691 5.323174 6.703671 shoemake 2024-11-17 21:16:42 
TT 360 139.2   4.5 139.2   4.5 1.44E-03 034.9 295.1  32.2 55.34628 117.9192 82.01391 shoemake 2024-11-24 15:35:09 
TT 360 030.3  29.1 030.3  29.1 7.81E-10 055.4 199.1 -17.3 0.000057 0.000079 0.000043 shoemake 2024-11-25 00:08:49 
TT 360 144.4  -1.5 144.4  -1.5 2.88E-03 002.7 304.4  31.1 10.44037 5.739173 6.896848 shoemake 2024-11-25 00:36:10 
TT 390 152.3  -7.9 152.3  -7.9 7.99E-04 042.6 316.2  30.4 53.19369 51.02559 43.24270 shoemake 2024-11-26 11:59:34 
TT 390 148.4  -4.5 148.4  -4.5 1.59E-03 002.1 310.2  31.1 3.948541 3.174002 3.417154 shoemake 2024-11-26 17:43:45 
TT 420 165.2 -30.8 165.2 -30.8 3.81E-05 006.9 338.6  14.8 0.190216 0.394545 0.160044 shoemake 2024-11-28 00:15:28 
TT 420 171.4 -34.4 171.4 -34.4 1.91E-05 058.4 344.8  12.8 1.922301 0.523702 0.453906 shoemake 2024-12-04 18:26:29 
TT 420 189.9  43.6 189.9  43.6 2.40E-08 020.4 172.0  87.4 0.000051 0.000055 0.002885 shoemake 2024-12-04 22:10:56 
TT 420 246.1 -30.3 246.1 -30.3 4.30E-09 075.6 046.2   1.5 0.002523 0.001690 0.000046 shoemake 2024-12-05 00:03:12 
TT 420 318.3  14.8 318.3  14.8 6.05E-10 059.6 128.1 -16.9 0.000051 0.000059 0.000065 shoemake 2024-12-05 00:13:07 
TT 420 162.0 -30.1 162.0 -30.1 3.84E-05 002.3 335.7  14.5 0.052495 0.079068 0.129851 shoemake 2024-12-05 00:24:57 
TT 450 224.4  39.4 224.4  39.4 2.17E-08 071.9 098.1  63.4 0.004286 0.002920 0.002538 shoemake 2024-12-06 16:14:46 
TT 450 258.0 -64.4 258.0 -64.4 1.58E-05 056.7 027.2 -28.2 1.320551 0.679740 0.796024 shoemake 2024-12-06 21:15:23 
TT 450 159.0 -14.0 159.0 -14.0 1.58E-05 014.0 326.2  28.2 1.233151 0.823372 0.795349 shoemake 2024-12-06 21:25:22 
TT 450 266.2 -58.5 266.2 -58.5 1.54E-05 018.5 035.2 -28.0 1.186436 0.836859 0.772396 shoemake 2024-12-06 21:33:11 
TT 450 162.2 -13.9 162.2 -13.9 3.10E-05 004.4 329.3  29.6 0.087825 0.206177 0.085642 shoemake 2024-12-06 21:43:32 
TT 480 010.2  23.7 010.2  23.7 1.81E-09 078.2 180.8 -25.3 0.000202 0.000349 0.000735 shoemake 2025-02-23 00:09:31 
TT 480 194.6 -26.8 194.6 -26.8 1.31E-05 056.7 005.0  22.0 1.306497 0.208027 0.525970 shoemake 2025-02-24 10:13:24 
TT 480 176.7 -25.6 176.7 -25.6 2.58E-05 006.9 347.6  22.4 0.240683 0.297414 0.012305 shoemake 2025-02-24 10:35:53 
TT 510 232.5  35.4 232.5  35.4 2.59E-08 024.3 094.8  56.0 0.000621 0.000290 0.001256 shoemake 2025-02-28 12:41:52 
