PKQA- 3 mag compass orientation (IGRF corrected)
      0 290.7  49.0  -1.3   0.0   1.0
NRM    311.2  68.7 311.2  68.7 1.57E-02 005.7 156.6  31.0 64.67782 141.9229 20.48284 shoemake 2024-07-15 19:57:33 
LT1 77 315.5  68.9 315.5  68.9 1.53E-02 000.9 157.9  29.9 11.32433 14.53713 18.54537 shoemake 2024-07-29 21:17:11 
LT2 77 310.7  66.1 310.7  66.1 1.50E-02 004.1 154.0  29.7 51.10033 92.73900 15.94168 shoemake 2024-08-11 19:03:45 
TT  70 322.7  72.7 322.7  72.7 1.38E-02 002.1 163.0  30.5 21.24821 45.77124 13.50988 shoemake 2024-08-16 10:43:23 
TT 100 313.0  69.3 313.0  69.3 1.38E-02 002.1 157.6  30.8 13.84764 46.70253 17.19206 shoemake 2024-08-28 12:10:56 
TT 130 316.7  71.4 316.7  71.4 1.21E-02 003.7 160.5  31.1 19.12992 73.98663 15.60702 shoemake 2024-08-30 15:38:39 
TT 160 306.1  66.8 306.1  66.8 1.06E-02 006.4 153.5  31.6 48.22030 108.6206 12.50189 shoemake 2024-09-06 14:33:24 
TT 190 310.5  69.4 310.5  69.4 1.01E-02 003.5 157.1  31.6 19.58535 57.18482 12.07358 shoemake 2024-09-10 15:47:03 
TT 210 320.7  76.4 320.7  76.4 5.62E-03 004.9 165.9  33.3 10.12992 46.38384 5.523531 shoemake 2024-10-16 17:30:50 
TT 240 317.9  74.5 317.9  74.5 5.60E-03 005.1 163.6  32.7 16.50557 47.18656 4.010198 shoemake 2024-10-30 14:55:35 
TT 270 314.1  74.1 314.1  74.1 5.52E-03 002.3 162.5  33.3 10.55005 19.67636 5.483714 shoemake 2024-11-11 21:54:29 
TT 300 315.2  74.4 315.2  74.4 5.51E-03 001.3 163.0  33.2 8.055212 8.028194 6.589331 shoemake 2024-11-16 11:00:18 
TT 330 309.4  71.4 309.4  71.4 5.44E-03 001.2 158.9  33.0 7.782293 7.648072 5.947470 shoemake 2024-11-16 23:55:59 
TT 360 314.2  74.9 314.2  74.9 4.89E-03 005.6 163.3  33.7 18.00165 43.54791 8.323691 shoemake 2024-11-24 14:45:46 
TT 390 310.5  73.7 310.5  73.7 4.52E-03 006.4 161.4  33.9 20.04365 45.80262 7.463729 shoemake 2024-11-26 02:07:08 
TT 420 310.6  74.1 310.6  74.1 2.37E-03 005.5 161.9  34.1 11.00536 19.42653 5.958263 shoemake 2024-11-27 23:07:49 
TT 450 304.9  71.5 304.9  71.5 2.01E-03 004.0 158.2  34.3 8.169540 10.65549 4.669879 shoemake 2024-12-06 15:25:02 
TT 480 262.3  45.0 262.3  45.0 1.51E-03 042.8 116.7  45.9 126.1140 60.54843 1.407370 shoemake 2025-02-22 10:50:18 
TT 480 306.9  69.8 306.9  69.8 2.00E-03 002.2 156.8  32.9 4.682435 6.022095 1.684163 shoemake 2025-02-24 10:08:09 
TT 510 316.9  78.1 316.9  78.1 1.79E-03 003.5 167.0  35.0 4.779206 9.964191 1.720863 shoemake 2025-02-27 21:56:33 
