PKQA- 2 sun compass orientation
      0 304.9  72.0  -1.3   0.0   1.0
NRM    306.2  77.7 306.2  77.7 2.00E-02 004.5 167.1  17.3 39.68075 151.0507 29.58509 shoemake 2024-07-15 19:44:59 
LT1 77 305.5  70.1 305.5  70.1 1.89E-02 001.2 159.2  16.7 16.87141 35.41456 15.84960 shoemake 2024-07-29 20:59:28 
LT2 77 305.0  68.0 305.0  68.0 1.86E-02 003.6 157.0  16.6 50.35930 106.0084 18.96665 shoemake 2024-08-11 18:48:46 
TT  70 305.6  71.4 305.6  71.4 1.74E-02 004.1 160.5  16.8 37.47843 119.5115 13.69280 shoemake 2024-08-16 10:28:32 
TT 100 302.7  60.5 302.7  60.5 1.70E-02 004.2 149.1  16.7 59.20977 108.9278 13.14411 shoemake 2024-08-28 11:58:37 
TT 130 302.5  67.4 302.5  67.4 1.24E-02 002.7 156.3  17.5 18.45008 54.30664 11.69551 shoemake 2024-08-30 15:26:26 
TT 160 300.4  67.7 300.4  67.7 1.04E-02 001.8 156.5  18.3 13.52101 28.65508 6.830514 shoemake 2024-09-06 14:20:59 
TT 190 299.3  67.0 299.3  67.0 9.41E-03 006.3 155.8  18.7 41.86772 95.42645 6.669627 shoemake 2024-09-10 15:34:41 
TT 210 296.5  65.0 296.5  65.0 3.96E-03 004.9 153.6  19.8 15.14500 30.65200 3.131701 shoemake 2024-10-16 17:18:34 
TT 240 295.8  65.1 295.8  65.1 4.00E-03 002.7 153.7  20.1 8.682590 17.06384 2.076514 shoemake 2024-10-30 14:43:21 
TT 270 295.1  62.7 295.1  62.7 3.94E-03 002.4 151.2  20.4 9.021287 13.91921 2.639693 shoemake 2024-11-11 21:42:16 
TT 300 295.8  64.8 295.8  64.8 3.96E-03 000.9 153.4  20.1 4.101284 4.556793 3.808720 shoemake 2024-11-16 10:48:01 
TT 330 294.2  64.3 294.2  64.3 3.87E-03 000.9 152.9  20.8 4.090299 4.262194 4.010799 shoemake 2024-11-16 23:43:50 
TT 360 295.1  62.0 295.1  62.0 3.72E-03 002.3 150.4  20.4 7.356913 11.89706 5.825506 shoemake 2024-11-24 14:33:32 
TT 390 294.0  66.1 294.0  66.1 3.39E-03 003.3 154.8  20.8 8.342839 17.48480 4.974592 shoemake 2024-11-26 01:54:52 
TT 420 294.9  63.8 294.9  63.8 2.85E-03 003.0 152.3  20.5 6.612684 12.26858 5.440145 shoemake 2024-11-27 22:55:42 
TT 450 293.1  63.8 293.1  63.8 2.66E-03 001.4 152.4  21.3 3.961452 3.498562 4.417324 shoemake 2024-12-06 15:12:45 
TT 480 295.5  59.9 295.5  59.9 2.57E-03 003.9 148.2  20.2 9.956107 14.69449 1.263571 shoemake 2025-02-22 04:53:10 
TT 510 293.8  62.3 293.8  62.3 2.18E-03 001.1 150.8  21.0 2.838359 3.639364 0.981004 shoemake 2025-02-27 17:53:11 
