PKQA- 5 sun compass orientation
      0 279.4  49.0  -1.3   0.0   1.0
NRM    124.3  25.1 124.3  25.1 4.64E-02 009.8 265.1  34.5 798.8964 90.07889 54.58993 shoemake 2024-07-15 20:38:49 
LT1 77 126.5  21.0 126.5  21.0 4.13E-02 000.7 270.6  33.8 43.35312 26.46929 19.75244 shoemake 2024-07-29 22:13:18 
LT2 77 125.9  21.9 125.9  21.9 4.04E-02 004.7 269.3  33.9 332.7663 34.31184 26.18645 shoemake 2024-08-11 19:51:15 
TT  70 132.3  12.7 132.3  12.7 2.44E-02 002.7 282.5  33.0 109.3713 37.47853 17.21992 shoemake 2024-08-16 11:30:08 
TT 100 130.6  14.8 130.6  14.8 2.45E-02 004.7 279.3  33.1 198.0902 41.13197 13.18371 shoemake 2024-08-28 12:52:46 
TT 130 128.3  17.3 128.3  17.3 2.44E-02 000.6 275.4  32.9 21.12819 18.60098 11.84042 shoemake 2024-08-30 16:20:42 
TT 160 129.5  15.6 129.5  15.6 2.29E-02 002.4 277.8  32.8 94.31352 22.91309 10.73687 shoemake 2024-09-06 15:15:10 
TT 190 131.9  12.8 131.9  12.8 2.16E-02 003.1 282.1  32.7 114.1639 27.50076 10.93440 shoemake 2024-09-10 16:28:54 
TT 210 138.4   6.2 138.4   6.2 1.43E-02 005.4 293.1  32.9 127.9714 48.21794 8.434227 shoemake 2024-10-16 19:56:51 
TT 240 136.8   9.1 136.8   9.1 7.03E-03 002.9 289.2  33.8 33.89273 12.90516 3.672407 shoemake 2024-10-30 15:37:48 
TT 270 139.5   6.2 139.5   6.2 6.88E-03 005.3 294.0  33.6 58.64514 25.90940 5.852717 shoemake 2024-11-11 22:36:14 
TT 300 138.9   6.6 138.9   6.6 6.61E-03 005.7 293.1  33.5 60.62354 25.84996 7.700828 shoemake 2024-11-16 11:44:36 
TT 330 139.0   6.4 139.0   6.4 6.33E-03 001.9 293.4  33.5 17.88057 9.686680 6.843332 shoemake 2024-11-17 00:38:03 
TT 360 140.2   4.0 140.2   4.0 4.30E-03 004.5 296.4  32.5 29.60196 14.35288 7.773183 shoemake 2024-11-24 15:27:41 
TT 390 142.8   2.8 142.8   2.8 2.30E-03 003.7 299.7  33.4 12.76707 6.869887 4.701152 shoemake 2024-11-26 11:52:09 
TT 420 171.2 -25.4 171.2 -25.4 4.64E-05 006.8 342.3  21.5 0.223944 0.468867 0.207886 shoemake 2024-11-28 00:07:58 
TT 420 192.8 -49.7 192.8 -49.7 4.27E-05 025.5 002.2  -0.7 0.108872 1.126386 1.698875 shoemake 2024-12-04 18:19:04 
TT 420 170.8 -24.7 170.8 -24.7 4.67E-05 007.2 341.8  22.1 0.239889 0.526112 0.151392 shoemake 2024-12-04 22:03:31 
TT 450 156.5 -15.5 156.5 -15.5 4.61E-05 002.0 324.5  25.8 0.094628 0.076562 0.107839 shoemake 2024-12-06 16:07:18 
TT 480 174.9 -33.7 174.9 -33.7 3.61E-05 006.2 347.6  14.1 0.304616 0.378416 0.030567 shoemake 2025-02-23 00:02:02 
TT 510 162.2  -9.3 162.2  -9.3 4.37E-05 006.7 327.1  33.8 0.368352 0.444207 0.034289 shoemake 2025-02-28 12:34:24 
