PKQA- 2 sun compass orientation
      0 304.9  72.0  -1.3   0.0   1.0
NRM    305.8  71.8 305.8  71.8 2.09E-02 001.6 161.0  16.8 23.91650 43.93152 29.50267 shoemake 2024-07-15 19:42:57 
LT1 77 305.6  68.9 305.6  68.9 1.96E-02 005.1 158.0  16.5 65.59040 160.9554 18.33000 shoemake 2024-07-29 20:56:29 
LT2 77 306.4  69.4 306.4  69.4 1.94E-02 004.0 158.5  16.3 54.34161 121.4711 21.89140 shoemake 2024-08-11 18:46:18 
TT  70 306.9  71.4 306.9  71.4 1.84E-02 001.3 160.6  16.4 22.31424 32.84017 18.12689 shoemake 2024-08-16 10:26:03 
TT 100 303.7  62.0 303.7  62.0 1.78E-02 003.5 150.7  16.4 48.19092 96.43171 15.62824 shoemake 2024-08-28 11:56:11 
TT 130 304.2  69.7 304.2  69.7 1.29E-02 001.1 158.7  17.1 15.97507 13.16613 16.60796 shoemake 2024-08-30 15:23:55 
TT 160 300.8  60.4 300.8  60.4 1.08E-02 000.7 148.9  17.6 7.809828 9.595943 7.458235 shoemake 2024-09-06 14:18:34 
TT 190 300.3  65.3 300.3  65.3 9.76E-03 002.6 154.0  18.2 18.23097 39.77294 9.162602 shoemake 2024-09-10 15:32:15 
TT 210 297.0  65.8 297.0  65.8 4.11E-03 003.6 154.5  19.6 10.67333 23.67322 4.166066 shoemake 2024-10-16 17:16:04 
TT 240 296.9  63.9 296.9  63.9 4.14E-03 000.6 152.5  19.6 2.746328 4.223303 1.923170 shoemake 2024-10-30 14:40:51 
TT 270 296.7  63.1 296.7  63.1 4.07E-03 000.8 151.6  19.7 3.872370 4.460788 3.022218 shoemake 2024-11-11 21:39:47 
TT 300 297.2  64.5 297.2  64.5 4.08E-03 001.2 153.1  19.5 4.501862 7.369496 4.064399 shoemake 2024-11-16 10:45:31 
TT 330 296.3  65.7 296.3  65.7 4.00E-03 002.0 154.4  19.9 6.183126 11.94161 4.363650 shoemake 2024-11-16 23:41:21 
TT 360 296.5  63.6 296.5  63.6 3.91E-03 002.1 152.1  19.8 7.638204 10.49272 6.462045 shoemake 2024-11-24 14:31:04 
TT 390 296.0  63.2 296.0  63.2 3.59E-03 003.8 151.7  20.0 10.90496 20.85608 5.566144 shoemake 2024-11-26 01:33:08 
TT 420 296.9  62.3 296.9  62.3 3.05E-03 002.2 150.7  19.6 6.558623 8.098158 6.016161 shoemake 2024-11-27 22:53:15 
TT 450 294.3  65.7 294.3  65.7 2.82E-03 001.4 154.4  20.7 3.943661 3.509314 5.035140 shoemake 2024-12-06 15:10:14 
TT 480 300.0  52.9 300.0  52.9 2.54E-03 013.6 141.0  17.2 39.18235 47.57704 0.876765 shoemake 2025-02-22 02:06:04 
TT 510 294.8  65.7 294.8  65.7 2.28E-03 001.5 154.4  20.5 2.530960 5.813180 0.857432 shoemake 2025-02-27 17:45:07 
