PKQA- 4 sun compass orientation
      0 310.4  42.0  -1.3   0.0   1.0
NRM    311.2  80.4 311.2  80.4 1.56E-02 004.3 165.9  47.0 38.67108 109.8108 11.72327 shoemake 2024-07-15 20:18:14 
LT1 77 332.9  83.5 332.9  83.5 1.48E-02 004.8 171.5  45.2 15.89600 122.8494 8.219232 shoemake 2024-07-29 21:46:43 
LT2 77 315.0  75.2 315.0  75.2 1.47E-02 001.9 158.9  44.8 16.76709 45.30377 10.63713 shoemake 2024-08-11 19:28:43 
TT  70 310.3  75.7 310.3  75.7 1.18E-02 001.4 159.2  46.1 17.33907 22.69560 9.128375 shoemake 2024-08-16 11:08:01 
TT 100 308.5  72.9 308.5  72.9 1.18E-02 001.8 155.1  45.8 10.82764 34.30262 9.740589 shoemake 2024-08-28 12:33:08 
TT 130 313.0  74.6 313.0  74.6 1.17E-02 003.8 157.9  45.1 20.89595 73.59600 8.361228 shoemake 2024-08-30 16:00:53 
TT 160 308.5  76.1 308.5  76.1 1.03E-02 002.4 159.5  46.6 15.45118 39.62939 4.672638 shoemake 2024-09-06 14:55:31 
TT 190 309.7  75.6 309.7  75.6 9.71E-03 004.5 158.9  46.2 24.60417 72.73131 6.118907 shoemake 2024-09-10 16:09:14 
TT 210 306.2  78.8 306.2  78.8 6.17E-03 002.4 163.3  47.6 9.550958 23.49261 4.191767 shoemake 2024-10-16 19:37:13 
TT 240 304.0  77.0 304.0  77.0 5.08E-03 003.9 160.6  47.8 13.78160 32.02898 1.728054 shoemake 2024-10-30 15:17:56 
TT 270 304.4  76.9 304.4  76.9 5.03E-03 002.6 160.5  47.7 11.00727 19.74374 3.249853 shoemake 2024-11-11 22:16:38 
TT 300 304.6  77.2 304.6  77.2 4.96E-03 003.0 160.9  47.7 12.58184 22.90594 4.051041 shoemake 2024-11-16 11:24:40 
TT 330 302.0  77.6 302.0  77.6 4.79E-03 002.2 161.3  48.3 10.00204 14.84442 3.890565 shoemake 2024-11-17 00:18:15 
TT 360 300.8  75.7 300.8  75.7 3.68E-03 001.9 158.5  48.4 7.981983 8.026462 5.355275 shoemake 2024-11-24 15:07:55 
TT 390 295.1  72.0 295.1  72.0 2.33E-03 003.3 152.7  49.6 8.275216 10.46657 3.356191 shoemake 2024-11-26 11:32:17 
TT 420 286.5  75.9 286.5  75.9 1.80E-04 005.0 158.8  51.9 1.100515 1.118860 0.650284 shoemake 2024-11-27 23:48:14 
TT 450 234.5  50.9 234.5  50.9 7.55E-05 003.8 112.8  80.4 0.446683 0.240122 0.264260 shoemake 2024-12-06 15:47:24 
TT 480 259.0  66.4 259.0  66.4 7.42E-05 016.8 146.8  62.9 1.608020 1.689918 0.176534 shoemake 2025-02-22 23:33:28 
TT 480 261.1  65.9 261.1  65.9 7.41E-05 016.9 145.1  62.3 1.628782 1.689593 0.174450 shoemake 2025-02-24 10:10:45 
TT 480 259.9  66.4 259.9  66.4 7.46E-05 016.7 146.4  62.6 1.605497 1.683723 0.185128 shoemake 2025-02-24 10:33:13 
TT 480 258.4  65.3 258.4  65.3 7.52E-05 016.5 144.6  63.6 1.589861 1.673701 0.125566 shoemake 2025-02-24 14:59:24 
TT 510 231.5  61.0 231.5  61.0 7.11E-05 018.8 158.2  75.5 1.706159 1.751733 0.137828 shoemake 2025-02-28 02:14:48 
