PKQA- 5 sun compass orientation
      0 279.4  49.0  -1.3   0.0   1.0
NRM    124.0  27.0 124.0  27.0 4.25E-02 007.9 263.0  35.3 576.8459 97.28499 53.58669 shoemake 2024-07-15 20:30:32 
LT1 77 127.4  21.6 127.4  21.6 3.77E-02 002.0 270.6  34.8 129.0334 25.36073 17.44478 shoemake 2024-07-29 22:01:35 
LT2 77 128.3  20.8 128.3  20.8 3.69E-02 003.7 272.0  35.0 236.9441 32.45938 23.17662 shoemake 2024-08-11 19:41:08 
TT  70 131.0  16.2 131.0  16.2 2.26E-02 001.4 278.3  34.3 51.45687 23.23849 14.09385 shoemake 2024-08-16 11:20:24 
TT 100 133.0  14.0 133.0  14.0 2.26E-02 003.7 281.9  34.3 143.0361 35.04928 13.31669 shoemake 2024-08-28 12:43:00 
TT 130 132.5  14.5 132.5  14.5 2.24E-02 006.8 281.0  34.3 262.9322 54.41283 14.20784 shoemake 2024-08-30 16:10:52 
TT 160 133.9  13.0 133.9  13.0 2.04E-02 005.7 283.5  34.3 198.0115 48.24372 9.807770 shoemake 2024-09-06 15:05:13 
TT 190 133.9  13.0 133.9  13.0 1.86E-02 005.9 283.5  34.3 188.9933 43.33167 11.01939 shoemake 2024-09-10 16:19:06 
TT 210 135.9  10.6 135.9  10.6 1.17E-02 000.6 287.2  34.2 8.645011 9.741563 6.938254 shoemake 2024-10-16 19:47:07 
TT 240 133.3  13.6 133.3  13.6 6.99E-03 004.6 282.5  34.3 54.73077 13.57231 2.999033 shoemake 2024-10-30 15:28:00 
TT 270 136.8  10.4 136.8  10.4 6.83E-03 002.7 288.1  34.7 29.91461 12.56916 4.671718 shoemake 2024-11-11 22:26:33 
TT 300 137.3  10.2 137.3  10.2 6.61E-03 003.9 288.7  34.9 41.27750 16.98364 6.216014 shoemake 2024-11-16 11:34:44 
TT 330 137.5  10.4 137.5  10.4 6.19E-03 001.0 288.7  35.2 6.542572 7.653566 5.491526 shoemake 2024-11-17 00:28:16 
TT 360 139.1   8.6 139.1   8.6 4.44E-03 003.0 291.6  35.1 20.11346 9.588344 7.364979 shoemake 2024-11-24 15:17:55 
TT 390 139.6   7.5 139.6   7.5 2.73E-03 003.6 293.0  34.7 15.53334 6.533268 4.843114 shoemake 2024-11-26 11:42:19 
TT 420 156.0 -10.7 156.0 -10.7 9.65E-05 007.0 321.5  29.8 0.841656 0.824775 0.245720 shoemake 2024-11-27 23:58:11 
TT 420 195.0 -48.4 195.0 -48.4 7.03E-05 045.7 003.7   0.5 0.418522 5.269164 4.893705 shoemake 2024-12-04 18:08:15 
TT 420 154.5 -10.9 154.5 -10.9 9.67E-05 002.7 320.1  28.9 0.350105 0.228015 0.242264 shoemake 2024-12-04 21:53:50 
TT 450 154.5  -5.6 154.5  -5.6 5.55E-05 008.0 316.9  33.5 0.578269 0.519505 0.113235 shoemake 2024-12-06 15:57:27 
TT 480 169.7 -17.6 169.7 -17.6 4.57E-05 005.1 338.5  28.6 0.282801 0.374417 0.029591 shoemake 2025-02-22 23:51:01 
TT 510 158.8  -9.7 158.8  -9.7 5.36E-05 007.5 323.7  32.0 0.481140 0.568274 0.046255 shoemake 2025-02-28 11:25:07 
