PKQA- 9 sun compass orientation
      0 341.0  56.5  -1.3   0.0   1.0
NRM    165.2  48.8 165.2  48.8 1.95E-01 007.2 227.6  27.1 2111.094 1402.129 278.6537 shoemake 2024-07-15 22:42:53 
LT1 77 163.5  42.4 163.5  42.4 2.06E-01 001.6 233.6  23.5 383.6925 456.0152 101.3208 shoemake 2024-07-30 00:41:52 
LT2 77 159.5  48.0 159.5  48.0 2.00E-01 002.2 226.7  23.3 580.9593 498.4962 136.0587 shoemake 2024-08-11 21:56:09 
TT  70 160.3  47.1 160.3  47.1 1.97E-01 007.8 227.9  23.4 2026.503 1769.424 129.8109 shoemake 2024-08-16 13:44:17 
TT  70 159.9  47.9 159.9  47.9 1.97E-01 006.2 227.0  23.5 1592.092 1441.376 134.4115 shoemake 2024-08-19 13:43:44 
TT 100 160.4  46.9 160.4  46.9 1.82E-01 002.9 228.1  23.4 731.1279 576.3888 112.8748 shoemake 2024-08-28 14:41:16 
TT 130 161.1  46.1 161.1  46.1 1.65E-01 000.7 229.1  23.5 127.8455 156.1860 94.09364 shoemake 2024-08-30 19:25:33 
TT 160 159.2  49.6 159.2  49.6 1.30E-01 002.9 225.1  23.8 490.8382 434.3687 77.01489 shoemake 2024-09-06 17:03:34 
TT 190 159.9  49.1 159.9  49.1 1.13E-01 004.9 225.8  24.0 722.2510 641.0445 71.64763 shoemake 2024-09-10 18:17:43 
TT 210 160.7  49.9 160.7  49.9 7.17E-02 000.6 225.2  24.8 39.97998 61.12962 52.55078 shoemake 2024-10-16 22:30:26 
TT 240 162.7  49.5 162.7  49.5 2.59E-02 003.3 226.2  25.8 111.7084 103.3754 12.95597 shoemake 2024-10-30 17:27:09 
TT 270 161.1  52.4 161.1  52.4 2.51E-02 000.8 222.8  26.0 27.80444 26.96174 14.14689 shoemake 2024-11-12 02:11:59 
TT 300 165.1  47.0 165.1  47.0 2.38E-02 007.7 229.4  26.4 251.5662 200.9511 23.99838 shoemake 2024-11-16 13:34:12 
TT 330 161.5  52.6 161.5  52.6 2.25E-02 001.6 222.6  26.3 44.02056 40.38605 24.51953 shoemake 2024-11-17 03:45:05 
TT 360 163.4  51.3 163.4  51.3 1.65E-02 004.4 224.5  26.9 92.06682 86.54847 28.68613 shoemake 2024-11-24 22:09:55 
TT 390 162.8  54.0 162.8  54.0 9.93E-03 002.1 221.5  27.5 23.78407 22.63050 17.51669 shoemake 2024-11-26 15:56:54 
TT 420 183.2  71.3 183.2  71.3 2.07E-04 001.9 202.3  38.6 0.346537 0.451045 0.531120 shoemake 2024-11-28 01:56:59 
TT 450 195.5  59.8 195.5  59.8 1.30E-04 002.6 216.4  45.6 0.404743 0.392899 0.222283 shoemake 2024-12-06 17:56:46 
TT 480 189.4  72.9 189.4  72.9 1.18E-04 006.0 199.8  40.1 0.542008 1.145323 0.087415 shoemake 2025-02-23 19:08:30 
TT 510 186.0  70.1 186.0  70.1 1.33E-04 003.0 203.6  39.7 0.440042 0.610061 0.074237 shoemake 2025-02-28 16:18:52 
