PKQA- 3 mag compass orientation (IGRF corrected)
      0 290.7  49.0  -1.3   0.0   1.0
NRM    307.5  67.5 307.5  67.5 1.74E-02 002.2 154.5  31.5 36.24635 53.32971 21.95640 shoemake 2024-07-15 19:59:35 
LT1 77 323.5  71.8 323.5  71.8 1.67E-02 001.5 162.4  29.7 13.39852 40.28175 11.85147 shoemake 2024-07-29 21:20:08 
LT2 77 312.6  66.8 312.6  66.8 1.65E-02 002.5 155.2  29.5 26.39739 65.34237 16.23687 shoemake 2024-08-11 19:06:14 
TT  70 318.1  70.2 318.1  70.2 1.48E-02 005.1 159.7  30.0 43.13051 124.1241 11.16679 shoemake 2024-08-16 10:45:49 
TT 100 327.2  73.6 327.2  73.6 1.49E-02 001.1 164.8  30.2 14.75404 21.15741 13.89309 shoemake 2024-08-28 12:13:26 
TT 130 325.5  73.9 325.5  73.9 1.30E-02 006.9 164.6  30.7 36.36268 152.1810 11.44410 shoemake 2024-08-30 15:41:07 
TT 160 309.0  68.4 309.0  68.4 1.13E-02 004.5 155.8  31.5 33.79228 82.98179 8.949547 shoemake 2024-09-06 14:35:51 
TT 190 303.0  64.3 303.0  64.3 1.08E-02 001.7 150.2  31.4 12.45365 28.94363 10.63766 shoemake 2024-09-10 15:49:34 
TT 210 309.9  71.1 309.9  71.1 6.25E-03 001.0 158.7  32.7 4.491601 9.496458 4.804691 shoemake 2024-10-16 17:33:18 
TT 240 318.6  74.3 318.6  74.3 6.21E-03 002.1 163.5  32.4 6.883539 21.71348 2.960185 shoemake 2024-10-30 14:58:05 
TT 270 310.9  71.8 310.9  71.8 6.10E-03 001.1 159.6  32.8 7.712297 8.162780 5.002226 shoemake 2024-11-11 21:56:59 
TT 300 311.3  72.3 311.3  72.3 6.04E-03 001.7 160.2  33.0 8.230987 15.01940 6.595101 shoemake 2024-11-16 11:02:48 
TT 330 318.3  74.8 318.3  74.8 5.94E-03 001.8 164.0  32.8 9.882438 15.76410 6.392359 shoemake 2024-11-16 23:58:28 
TT 360 321.8  76.4 321.8  76.4 5.27E-03 003.8 166.1  33.1 13.63066 31.73074 8.999997 shoemake 2024-11-24 14:48:15 
TT 390 307.9  71.0 307.9  71.0 4.70E-03 004.2 158.2  33.2 11.82269 31.64932 7.584351 shoemake 2024-11-26 02:09:38 
TT 420 312.1  74.9 312.1  74.9 1.91E-03 002.2 163.0  34.2 4.399695 3.892235 5.087254 shoemake 2024-11-27 23:10:16 
TT 450 304.5  74.2 304.5  74.2 1.45E-03 002.5 161.0  35.6 4.146809 3.500066 3.653724 shoemake 2024-12-06 15:27:32 
TT 480 290.5  61.6 290.5  61.6 1.36E-03 014.7 144.3  35.3 21.97626 28.09501 1.199064 shoemake 2025-02-22 10:52:47 
TT 510 304.1  75.4 304.1  75.4 1.26E-03 001.3 162.3  36.2 1.660208 2.603657 1.230713 shoemake 2025-02-27 21:59:02 
