NWFA- 2C 
        270.0  47.5   0.0   0.0   1.0
NRM    331.6  36.7 331.6  36.7 9.02E-03 005.6 157.6 -06.7 33.19889 82.12298 12.63234 shoemake 2024-07-01 12:28:34 
LN2    340.9  34.5 340.9  34.5 9.11E-03 007.1 164.3 -11.1 28.15877 108.6282 13.13046 shoemake 2024-07-08 16:52:37 
LN2    335.7  33.6 335.7  33.6 9.15E-03 002.5 159.8 -10.8 11.10330 37.11338 12.92496 shoemake 2024-07-11 14:17:20 
TT  70 341.6  34.6 341.6  34.6 9.11E-03 003.5 164.9 -11.2 15.87435 53.98205 6.658107 shoemake 2024-07-30 17:28:39 
TT 100 346.3  34.8 346.3  34.8 8.94E-03 002.4 168.8 -11.7 9.485295 36.31217 7.637432 shoemake 2024-08-01 10:35:10 
TT 130 350.6  34.2 350.6  34.2 8.88E-03 005.3 172.3 -12.9 12.16440 81.80435 7.604593 shoemake 2024-09-07 15:38:38 
TT 160 350.7  33.8 350.7  33.8 8.91E-03 001.9 172.3 -13.3 7.129509 28.62150 8.124587 shoemake 2024-09-12 12:14:25 
TT 190 357.0  32.8 357.0  32.8 8.91E-03 001.3 177.7 -14.7 7.577184 18.76269 6.065994 shoemake 2024-09-17 12:02:36 
TT 210 353.2  31.5 353.2  31.5 4.46E-03 044.1 174.2 -15.7 449.7306 33.90109 122.6119 shoemake 2024-10-10 18:42:13 
TT 210 349.7  32.0 349.7  32.0 8.81E-03 003.6 171.2 -15.0 9.252451 53.86602 9.852591 shoemake 2024-10-14 12:42:48 
TT 240 004.5  29.0 004.5  29.0 6.76E-03 005.3 184.4 -18.4 5.446293 62.73454 7.014657 shoemake 2024-10-18 09:40:36 
TT 270 359.1  29.2 359.1  29.2 5.85E-03 004.0 179.4 -18.3 5.285973 39.44893 8.340940 shoemake 2024-10-26 15:08:18 
TT 300 001.5  29.2 001.5  29.2 5.92E-03 001.2 181.7 -18.3 2.904195 11.58212 2.650184 shoemake 2024-11-06 15:46:14 
TT 330 005.8  28.8 005.8  28.8 5.82E-03 004.0 185.6 -18.5 6.859372 39.70253 6.929487 shoemake 2024-11-15 16:26:47 
TT 360 007.0  28.5 007.0  28.5 5.78E-03 001.0 186.7 -18.7 5.689206 6.660880 6.083427 shoemake 2024-11-18 15:43:36 
TT 360 003.0  28.8 003.0  28.8 5.78E-03 005.0 183.0 -18.7 6.329118 50.68751 4.609360 shoemake 2024-11-22 21:23:46 
TT 390 003.3  28.7 003.3  28.7 5.76E-03 003.1 183.4 -18.7 7.411008 29.20410 9.678723 shoemake 2024-11-25 07:54:11 
TT 420 007.6  28.2 007.6  28.2 5.56E-03 001.8 187.3 -18.9 6.743967 14.12572 9.403688 shoemake 2024-11-26 22:17:31 
TT 450 003.1  28.5 003.1  28.5 4.49E-03 007.5 183.2 -19.0 6.905400 58.79482 7.067868 shoemake 2024-12-05 05:20:45 
TT 450 003.9  28.5 003.9  28.5 4.56E-03 003.4 183.9 -18.9 5.569947 26.81635 2.967767 shoemake 2025-02-06 01:30:51 
TT 480 007.2  27.0 007.2  27.0 1.58E-04 003.9 187.1 -20.1 0.357699 1.050643 0.099755 shoemake 2025-04-09 10:33:56 
TT 510 011.7  28.4 011.7  28.4 1.48E-04 004.3 191.1 -18.2 0.373859 1.069701 0.080257 shoemake 2025-04-25 18:24:07 
