NWFA- 5B 
        306.0 110.0   0.0   0.0   1.0
NRM    352.0  19.4 352.0  19.4 1.81E-02 004.9 096.9 -49.0 148.9570 37.39528 14.76063 shoemake 2024-07-01 12:39:09 
LN2    354.2  16.2 354.2  16.2 8.16E-03 046.7 091.5 -50.5 36.95641 567.5611 628.7528 shoemake 2024-07-08 17:06:53 
LN2    353.0  17.5 353.0  17.5 1.60E-02 002.7 093.7 -49.6 68.69697 32.49473 14.91621 shoemake 2024-07-11 14:29:49 
TT  70 353.1  17.5 353.1  17.5 1.58E-02 004.4 093.8 -49.7 119.8327 9.218562 8.506261 shoemake 2024-07-30 17:43:17 
TT 100 353.1  17.5 353.1  17.5 1.53E-02 002.5 093.8 -49.7 65.72047 13.36422 9.379438 shoemake 2024-08-01 10:47:31 
TT 130 354.4  14.7 354.4  14.7 1.38E-02 003.0 089.1 -50.3 69.70853 13.12933 9.915801 shoemake 2024-09-07 15:50:55 
TT 160 354.2  17.7 354.2  17.7 1.33E-02 003.1 093.7 -50.8 70.72514 10.90505 8.231542 shoemake 2024-09-12 12:26:47 
TT 190 355.0  14.9 355.0  14.9 1.26E-02 000.9 089.2 -50.9 13.58350 11.71640 8.444566 shoemake 2024-09-17 12:14:51 
TT 210 356.6  09.8 356.6  09.8 1.25E-02 001.0 080.7 -51.0 18.54661 10.94117 7.864028 shoemake 2024-10-10 18:54:35 
TT 240 356.4  13.9 356.4  13.9 8.69E-03 002.8 087.1 -52.0 40.44552 10.28324 5.626926 shoemake 2024-10-18 09:52:59 
TT 270 357.6  12.8 357.6  12.8 7.22E-03 004.1 084.8 -52.8 49.23329 14.41759 8.925193 shoemake 2024-10-26 15:34:38 
TT 300 356.5  14.8 356.5  14.8 7.31E-03 002.1 088.5 -52.3 26.49148 6.854176 4.042299 shoemake 2024-11-06 15:58:41 
TT 330 356.8  15.8 356.8  15.8 7.24E-03 001.5 090.0 -52.8 11.95061 12.75891 7.866149 shoemake 2024-11-15 16:39:15 
TT 360 356.8  15.2 356.8  15.2 7.15E-03 001.7 089.0 -52.7 16.39401 12.81684 7.128700 shoemake 2024-11-18 15:56:04 
TT 360 357.6  14.4 357.6  14.4 3.58E-03 077.2 087.5 -53.2 11.87797 229.2518 306.8391 shoemake 2024-11-22 21:36:08 
TT 360 357.3  13.7 357.3  13.7 7.16E-03 001.5 086.4 -52.8 10.96544 13.49998 8.722655 shoemake 2024-11-23 20:22:50 
TT 390 357.3  15.8 357.3  15.8 6.83E-03 003.7 089.7 -53.3 41.19304 14.18265 10.56930 shoemake 2024-11-25 08:06:34 
TT 420 357.7  13.5 357.7  13.5 4.89E-03 003.9 085.9 -53.1 30.99506 10.85503 8.561467 shoemake 2024-11-26 22:29:53 
TT 450 358.6  12.7 358.6  12.7 2.92E-03 001.8 084.2 -53.7 6.449441 5.649851 5.372848 shoemake 2024-12-05 05:33:12 
TT 450 357.8  15.4 357.8  15.4 2.94E-03 001.5 088.9 -53.6 5.368979 5.013069 4.028130 shoemake 2025-02-06 01:43:18 
TT 480 357.1  15.5 357.1  15.5 2.53E-04 069.8 089.5 -53.0 0.493138 16.26016 21.57780 shoemake 2025-04-09 10:46:19 
TT 480 359.5  12.1 359.5  12.1 5.06E-04 002.3 082.8 -54.4 1.537765 1.363258 0.630369 shoemake 2025-04-15 14:59:55 
TT 510 000.0  10.8 000.0  10.8 2.85E-04 005.8 080.4 -54.5 2.733113 1.005842 0.226211 shoemake 2025-04-25 18:36:15 
