NWFA- 4B 
        246.0  60.0   0.0   0.0   1.0
NRM    345.0  36.5 345.0  36.5 2.81E-02 008.3 188.1 -22.9 54.39906 402.9740 30.74482 shoemake 2024-07-01 12:34:51 
LN2    336.3  37.3 336.3  37.3 2.76E-02 001.7 180.5 -22.7 35.34465 69.45840 31.22746 shoemake 2024-07-08 17:00:39 
LN2    333.6  36.9 333.6  36.9 2.76E-02 003.7 178.2 -23.0 32.94613 171.0502 35.30706 shoemake 2024-07-11 14:25:24 
TT  70 339.7  37.1 339.7  37.1 2.69E-02 004.7 183.5 -22.8 13.75206 218.8463 24.87824 shoemake 2024-07-30 17:37:22 
TT 100 343.5  36.3 343.5  36.3 2.48E-02 000.7 186.8 -23.3 17.03134 18.48409 25.91820 shoemake 2024-08-01 10:42:30 
TT 130 343.6  35.3 343.6  35.3 2.19E-02 004.0 187.0 -24.3 20.73584 149.8450 24.40167 shoemake 2024-09-07 15:45:59 
TT 160 350.3  33.8 350.3  33.8 2.13E-02 007.4 193.3 -24.7 58.73168 270.4103 23.40513 shoemake 2024-09-12 12:21:46 
TT 190 350.9  32.6 350.9  32.6 1.89E-02 001.2 194.2 -25.7 17.91237 31.32465 22.07495 shoemake 2024-09-17 12:09:53 
TT 210 349.2  32.4 349.2  32.4 1.82E-02 004.7 192.7 -26.3 20.75797 144.2579 35.55745 shoemake 2024-10-10 18:49:37 
TT 240 359.1  24.6 359.1  24.6 9.54E-03 000.8 204.8 -30.9 6.848942 10.94561 7.912209 shoemake 2024-10-18 09:48:05 
TT 270 360.0  24.6 360.0  24.6 7.74E-03 001.6 205.7 -30.6 14.51831 16.70615 6.942485 shoemake 2024-10-26 15:18:53 
TT 300 000.6  24.0 000.6  24.0 7.79E-03 002.1 206.6 -31.0 11.39977 26.06748 3.238814 shoemake 2024-11-06 15:53:40 
TT 330 003.8  22.0 003.8  22.0 7.68E-03 002.2 210.8 -31.4 15.34169 24.91826 8.526143 shoemake 2024-11-15 16:34:12 
TT 360 045.0  56.4 045.0  56.4 5.88E-10 063.8 212.3  12.2 0.000031 0.000089 0.000089 shoemake 2024-11-18 15:51:00 
TT 360 323.2 -31.3 323.2 -31.3 1.21E-09 058.4 080.2 -74.6 0.000076 0.000081 0.000116 shoemake 2024-11-19 08:10:36 
TT 360 008.1  19.8 008.1  19.8 3.82E-03 067.6 216.1 -31.2 281.7734 205.8177 211.7155 shoemake 2024-11-20 17:26:23 
TT 360 003.2  22.3 003.2  22.3 7.65E-03 001.4 210.0 -31.5 13.35264 13.22266 6.692320 shoemake 2024-11-22 21:31:08 
TT 390 001.0  23.1 001.0  23.1 7.46E-03 001.6 207.5 -31.6 12.65321 12.56877 11.71356 shoemake 2024-11-25 08:01:33 
TT 420 002.0  22.4 002.0  22.4 6.67E-03 003.6 208.8 -31.8 18.25592 36.98741 11.37510 shoemake 2024-11-26 22:24:55 
TT 450 001.7  23.3 001.7  23.3 4.29E-03 001.8 208.0 -31.2 8.835076 8.261737 7.341747 shoemake 2024-12-05 05:28:10 
TT 450 357.3  24.4 357.3  24.4 4.30E-03 008.5 203.2 -31.7 21.49790 61.41318 2.805325 shoemake 2025-02-06 01:38:15 
TT 480 004.8  16.7 004.8  16.7 2.55E-04 001.3 214.9 -35.6 0.494937 0.532819 0.211778 shoemake 2025-04-09 10:41:18 
TT 510 021.9  07.8 021.9  07.8 1.12E-04 080.1 237.2 -31.7 5.522142 8.567194 6.296587 shoemake 2025-04-25 18:31:23 
TT 510 012.5  16.9 012.5  16.9 2.26E-04 001.4 222.0 -31.2 0.540388 0.384617 0.170403 shoemake 2025-05-01 16:40:56 
