NWFA- 1G 
        245.0  59.0   0.0   0.0   1.0
NRM    007.9  08.0 007.9  08.0 1.10E-02 003.2 224.7 -39.7 45.49647 40.35434 13.02647 shoemake 2024-07-01 12:22:14 
LN2    006.3  12.4 006.3  12.4 5.49E-03 033.5 219.9 -37.0 359.5578 300.4578 353.3757 shoemake 2024-07-08 16:45:28 
LN2    007.3  11.4 007.3  11.4 1.09E-02 002.1 221.7 -37.3 30.36145 24.37064 14.68484 shoemake 2024-07-11 14:10:47 
TT  70 011.8  08.4 011.8  08.4 1.09E-02 002.4 228.3 -37.0 36.01300 29.58679 4.817438 shoemake 2024-07-30 17:19:51 
TT 100 008.6  11.7 008.6  11.7 1.06E-02 000.8 222.7 -36.3 10.83315 9.893777 5.192879 shoemake 2024-08-01 10:27:46 
TT 130 009.1  11.6 009.1  11.6 1.04E-02 002.6 223.2 -36.1 33.11542 33.26409 8.276746 shoemake 2024-09-07 15:31:10 
TT 160 011.0  10.9 011.0  10.9 1.03E-02 004.6 225.5 -35.5 58.24398 58.75355 6.465839 shoemake 2024-09-12 12:07:03 
TT 190 007.2  15.9 007.2  15.9 1.01E-02 001.1 218.3 -33.7 8.783745 18.00244 4.849520 shoemake 2024-09-17 11:55:14 
TT 210 008.6  15.5 008.6  15.5 1.00E-02 001.2 220.0 -33.3 14.53267 13.22933 10.84159 shoemake 2024-10-10 18:35:00 
TT 240 006.5  20.8 006.5  20.8 7.45E-03 004.4 214.6 -29.8 31.07481 48.83684 5.644555 shoemake 2024-10-18 09:33:14 
TT 270 007.5  20.3 007.5  20.3 6.58E-03 001.9 215.9 -29.8 13.96191 15.01533 8.250719 shoemake 2024-10-26 15:01:40 
TT 300 009.0  19.5 009.0  19.5 6.64E-03 000.5 217.7 -29.7 3.886468 5.609724 2.498454 shoemake 2024-11-06 15:38:37 
TT 330 009.7  18.7 009.7  18.7 6.57E-03 001.4 218.8 -30.0 9.178412 11.70099 7.553928 shoemake 2024-11-15 16:19:26 
TT 360 008.1  19.4 008.1  19.4 3.28E-03 043.0 217.0 -30.2 241.9515 182.0426 176.4976 shoemake 2024-11-18 15:36:13 
TT 360 001.4 -32.0 001.4 -32.0 6.29E-10 057.6 279.5 -59.4 0.000065 0.000051 0.000043 shoemake 2024-11-19 08:03:08 
TT 360 011.8  17.4 011.8  17.4 3.28E-03 042.0 221.6 -29.9 227.1244 201.7262 174.8422 shoemake 2024-11-20 17:18:52 
TT 360 007.2  20.3 007.2  20.3 6.57E-03 003.4 215.6 -29.9 25.72157 29.51280 5.827878 shoemake 2024-11-22 21:16:27 
TT 390 010.1  18.4 010.1  18.4 6.54E-03 002.4 219.5 -30.0 15.20876 21.44205 10.46621 shoemake 2024-11-25 07:46:51 
TT 420 011.7  17.3 011.7  17.3 6.48E-03 001.7 221.6 -30.0 11.06186 13.26986 10.53223 shoemake 2024-11-26 22:10:14 
TT 450 007.6  20.2 007.6  20.2 5.77E-03 001.7 216.0 -29.8 11.38316 10.45505 8.989258 shoemake 2024-12-05 05:13:24 
TT 450 008.9  19.3 008.9  19.3 5.83E-03 001.3 217.8 -29.9 11.51679 10.65914 3.665539 shoemake 2025-02-06 01:23:31 
TT 480 007.5  18.0 007.5  18.0 1.28E-04 004.3 217.3 -31.8 0.654968 0.947443 0.091385 shoemake 2025-04-09 10:26:32 
TT 510 012.9  22.5 012.9  22.5 1.06E-04 002.4 219.2 -25.2 0.367400 0.346640 0.073525 shoemake 2025-04-25 18:16:40 
