PKSG- 6C 
        340.0  82.0   0.0   0.0   1.0
NRM    140.0  03.4 140.0  03.4 4.20E-02 005.2 263.8 -17.9 375.3256 41.23559 61.77423 shoemake 2024-06-28 20:54:07 
LN2    140.4  09.2 140.4  09.2 3.78E-02 002.8 257.9 -16.5 159.2461 38.94807 81.71753 shoemake 2024-07-11 17:58:35 
LT2 77 141.9  00.2 141.9  00.2 3.68E-02 003.6 267.4 -16.6 225.3799 20.41834 50.61373 shoemake 2024-08-20 15:32:27 
TT  70 143.4  01.0 143.4  01.0 3.08E-02 003.6 266.8 -15.0 191.9571 36.69049 34.29737 shoemake 2024-08-22 20:57:08 
TT  70 143.4  00.9 143.4  00.9 3.08E-02 003.6 266.9 -15.0 189.1318 38.50189 33.00132 shoemake 2024-08-23 00:28:45 
TT 100 142.0  09.3 142.0  09.3 3.04E-02 003.2 258.1 -15.0 174.9422 19.17511 23.33098 shoemake 2024-08-29 13:41:07 
TT 130 143.3  05.6 143.3  05.6 2.73E-02 004.9 262.1 -14.4 239.0280 23.34627 20.81113 shoemake 2024-09-02 14:54:57 
TT 160 144.2  02.7 144.2  02.7 2.38E-02 010.3 265.2 -14.0 429.4977 23.06334 25.90952 shoemake 2024-09-04 19:26:31 
TT 190 144.0  05.1 144.0  05.1 2.41E-02 004.2 262.7 -13.7 178.1837 18.04337 18.11943 shoemake 2024-09-09 16:34:29 
TT 210 147.2  11.2 147.2  11.2 9.87E-03 004.8 257.2 -09.6 81.62729 13.01844 12.24887 shoemake 2024-09-16 12:02:33 
TT 240 149.0  04.6 149.0  04.6 9.31E-03 002.3 264.0 -08.9 34.81510 5.634199 12.37612 shoemake 2024-09-18 13:18:15 
TT 270 149.0  06.1 149.0  06.1 9.02E-03 002.1 262.5 -08.7 30.85505 6.258837 9.783029 shoemake 2024-10-04 20:27:27 
TT 300 150.2  04.7 150.2  04.7 8.22E-03 000.9 264.2 -07.7 4.995515 5.106248 11.57902 shoemake 2024-10-15 15:27:53 
TT 330 165.7  02.1 165.7  02.1 2.18E-03 014.4 268.9  07.3 55.56456 1.422887 4.830585 shoemake 2024-10-23 18:53:04 
TT 330 164.2  10.5 164.2  10.5 1.11E-03 077.9 260.3  06.9 19.93580 116.4457 14.19380 shoemake 2024-10-24 15:10:04 
TT 330 164.1  11.8 164.1  11.8 2.23E-03 001.4 259.0  06.9 4.397580 1.247201 3.426390 shoemake 2024-10-24 15:29:38 
TT 360 163.0  09.9 163.0  09.9 1.11E-03 054.6 260.8  05.5 19.02362 116.7390 11.49189 shoemake 2025-05-21 11:06:22 
TT 360 167.1  37.1 167.1  37.1 1.75E-03 040.3 233.6  11.5 92.63970 114.8880 14.44794 shoemake 2025-05-21 16:29:14 
TT 360 164.5  06.6 164.5  06.6 2.21E-03 004.7 264.3  06.6 17.57987 2.834127 4.293194 shoemake 2025-05-21 17:01:44 
TT 390 163.7  07.1 163.7  07.1 1.12E-03 039.0 263.6  05.9 13.27578 117.9193 12.22260 shoemake 2025-05-22 13:48:05 
TT 390 064.7 -08.2 064.7 -08.2 1.06E-08 025.2 087.4 -85.5 0.000415 0.000284 0.000044 shoemake 2025-05-22 17:08:29 
TT 390 163.0  12.8 163.0  12.8 2.23E-03 000.7 257.8  05.9 2.804591 2.415875 1.115303 shoemake 2025-05-23 10:49:21 
TT 420 162.8  12.2 162.8  12.2 1.11E-03 039.9 258.4  05.7 23.90370 116.0528 11.79101 shoemake 2025-05-25 16:01:11 
TT 420 163.6  05.8 163.6  05.8 2.23E-03 000.8 264.9  05.7 2.818599 2.062953 1.119180 shoemake 2025-05-26 17:56:36 
TT 420 162.4  30.1 162.4  30.1 1.11E-03 045.8 240.5  07.2 58.15114 102.7461 14.96937 shoemake 2025-06-18 16:25:29 
TT 420 164.2  08.8 164.2  08.8 2.22E-03 005.9 262.0  06.6 22.31020 4.025158 3.546384 shoemake 2025-06-19 16:01:51 
TT 450 176.2  16.6 176.2  16.6 9.11E-04 010.8 255.1  19.0 16.45255 5.175997 1.641953 shoemake 2025-06-30 13:01:41 
