PKSG- 3D 
        217.0  29.0   0.0   0.0   1.0
NRM    051.4 -18.2 051.4 -18.2 8.53E-03 003.7 292.3 -08.6 51.80679 19.36184 8.523849 shoemake 2024-06-28 20:29:08 
LN2    056.8 -21.2 056.8 -21.2 7.97E-03 001.1 298.3 -08.9 9.137088 5.367247 12.71471 shoemake 2024-07-11 17:31:00 
LT2 77 051.4 -18.6 051.4 -18.6 7.87E-03 003.1 292.6 -08.9 38.55756 18.53347 5.872835 shoemake 2024-08-20 15:02:00 
TT  70 059.1 -22.2 059.1 -22.2 5.38E-03 004.2 300.7 -08.8 30.79142 24.61032 4.014723 shoemake 2024-08-22 20:27:44 
TT  70 059.5 -22.3 059.5 -22.3 5.36E-03 003.7 301.1 -08.7 28.61222 20.10173 5.197707 shoemake 2024-08-22 23:59:05 
TT 100 060.4 -22.7 060.4 -22.7 5.32E-03 005.1 302.0 -08.7 37.42851 29.57259 4.545751 shoemake 2024-08-29 12:52:16 
TT 130 063.6 -22.7 063.6 -22.7 3.53E-03 009.6 304.7 -07.4 45.90510 38.64525 4.198353 shoemake 2024-09-02 14:25:27 
TT 160 065.0 -23.1 065.0 -23.1 3.55E-03 001.0 306.1 -07.2 2.884005 3.998352 4.585007 shoemake 2024-09-04 18:57:20 
TT 190 057.3 -18.9 057.3 -18.9 3.36E-03 002.2 297.7 -06.5 10.07631 9.164986 1.857393 shoemake 2024-09-09 16:04:57 
TT 210 067.5 -23.0 067.5 -23.0 3.20E-03 001.7 308.1 -06.1 4.228173 10.26907 2.770470 shoemake 2024-09-16 11:32:51 
TT 240 070.1 -24.3 070.1 -24.3 3.18E-03 004.1 310.9 -06.3 14.89046 17.04417 4.680284 shoemake 2024-09-18 12:48:32 
TT 270 109.0 -17.2 109.0 -17.2 9.39E-04 002.9 343.8  10.6 1.147152 4.568309 1.193162 shoemake 2024-10-04 19:58:05 
TT 300 128.1 -09.8 128.1 -09.8 7.12E-04 001.4 002.5  19.2 0.591115 1.622512 0.577574 shoemake 2024-10-15 14:58:15 
TT 330 136.4 -06.4 136.4 -06.4 7.18E-04 001.2 011.5  22.1 0.362820 1.446808 0.391968 shoemake 2024-10-23 18:23:49 
TT 360 149.3 -04.4 149.3 -04.4 5.80E-04 002.4 025.5  22.0 1.235076 2.185198 0.243671 shoemake 2025-05-21 10:36:41 
TT 390 152.2 -03.2 152.2 -03.2 5.30E-04 003.9 028.9  22.6 1.936050 3.076034 0.463084 shoemake 2025-05-22 13:18:24 
TT 420 150.8 -04.3 150.8 -04.3 5.35E-04 003.1 027.1  21.8 1.564440 2.508872 0.322564 shoemake 2025-05-25 15:31:37 
TT 420 153.2 -03.5 153.2 -03.5 5.36E-04 009.6 029.8  22.1 4.614642 7.806866 0.343896 shoemake 2025-06-18 15:57:22 
TT 450 194.9  39.9 194.9  39.9 1.77E-05 013.7 095.8  43.9 0.369112 0.333827 0.018579 shoemake 2025-06-30 12:32:08 
