PKSG- 1G 
        275.0  23.5   0.0   0.0   1.0
NRM    183.4  31.3 183.4  31.3 9.01E-03 002.6 359.5  54.8 26.11623 30.41856 13.34549 shoemake 2024-06-28 20:08:20 
LN2    182.7  30.2 182.7  30.2 8.68E-03 002.5 358.5  53.7 29.47232 22.10785 11.57664 shoemake 2024-07-11 17:06:09 
LT2 77 189.2  30.2 189.2  30.2 8.62E-03 003.2 008.0  53.5 16.90913 41.79283 19.08270 shoemake 2024-08-20 14:36:51 
TT  70 183.7  21.2 183.7  21.2 7.18E-03 001.0 000.1  44.7 9.023214 8.140101 4.880646 shoemake 2024-08-22 20:03:09 
TT  70 184.1  21.2 184.1  21.2 7.17E-03 000.9 000.5  44.7 9.096187 5.719558 4.909260 shoemake 2024-08-22 23:34:37 
TT  70 183.8  22.3 183.8  22.3 6.15E-03 002.3 000.2  45.8 15.00859 16.07565 12.41333 shoemake 2024-08-27 11:49:46 
TT 100 188.4  20.3 188.4  20.3 3.05E-03 049.1 006.2  43.7 234.5871 25.63288 225.4722 shoemake 2024-08-29 12:27:45 
TT 100 182.9  22.0 182.9  22.0 6.12E-03 002.1 359.0  45.5 15.42243 10.10690 12.70688 shoemake 2024-08-29 16:19:25 
TT 130 178.4  16.5 178.4  16.5 3.85E-03 004.2 353.4  39.8 10.79483 24.01228 10.03558 shoemake 2024-09-02 13:59:07 
TT 160 181.4  16.2 181.4  16.2 3.86E-03 003.9 357.1  39.7 9.456422 22.64323 9.471720 shoemake 2024-09-04 18:32:57 
TT 190 182.4  13.7 182.4  13.7 1.89E-03 046.0 358.4  37.2 161.1577 5.100281 122.4149 shoemake 2024-09-09 15:40:17 
TT 190 189.2  14.7 189.2  14.7 1.90E-03 066.2 006.7  38.1 158.5221 18.84184 124.9555 shoemake 2024-09-11 13:37:17 
TT 190 183.5  15.9 183.5  15.9 3.78E-03 003.5 359.7  39.4 7.222275 20.86521 7.736388 shoemake 2024-09-11 13:55:43 
TT 210 180.4  13.4 180.4  13.4 3.05E-03 006.0 356.0  36.8 7.679614 30.00298 7.696446 shoemake 2024-09-16 11:08:08 
TT 240 180.1  13.1 180.1  13.1 3.06E-03 003.4 355.6  36.6 6.045228 15.50567 6.793280 shoemake 2024-09-18 12:23:51 
TT 270 179.1  12.8 179.1  12.8 2.83E-03 002.1 354.4  36.2 6.079311 4.186989 7.511774 shoemake 2024-10-04 19:33:34 
TT 300 186.0  09.8 186.0  09.8 6.07E-04 055.8 002.8  33.2 54.23185 2.757260 35.59083 shoemake 2024-10-15 18:26:57 
TT 300 187.2  10.3 187.2  10.3 6.07E-04 063.0 004.1  33.8 53.76208 3.975118 36.04955 shoemake 2024-10-16 09:48:10 
TT 300 182.4  11.8 182.4  11.8 1.21E-03 003.2 358.5  35.3 2.317803 5.572114 2.916257 shoemake 2024-10-16 11:04:30 
TT 330 178.2  11.4 178.2  11.4 1.14E-03 002.1 353.4  34.7 2.175739 2.142476 3.022083 shoemake 2024-10-23 17:26:40 
TT 360 224.5 -54.2 224.5 -54.2 9.21E-10 084.4 027.7 -31.3 0.000408 0.000317 0.001551 shoemake 2025-05-21 10:12:03 
TT 360 180.0  11.0 180.0  11.0 1.14E-03 003.2 355.5  34.5 1.506002 5.912796 2.039075 shoemake 2025-05-21 16:19:11 
TT 390 034.4 -17.0 034.4 -17.0 9.74E-10 084.0 217.5 -33.3 0.000202 0.000227 0.001402 shoemake 2025-05-22 11:28:45 
TT 390 185.3  10.6 185.3  10.6 1.10E-03 000.9 001.9  34.1 1.684080 1.462699 0.320451 shoemake 2025-05-22 16:55:12 
TT 420 181.9  11.0 181.9  11.0 1.10E-03 003.3 357.8  34.5 1.937155 5.721081 2.101348 shoemake 2025-05-25 15:06:54 
TT 420 172.9  16.4 172.9  16.4 9.94E-04 026.8 346.6  39.4 37.89794 32.57211 1.880484 shoemake 2025-06-18 15:33:54 
TT 420 177.3  11.3 177.3  11.3 1.10E-03 001.5 352.4  34.6 1.943654 1.829482 1.478374 shoemake 2025-06-19 15:45:27 
TT 450 064.1 -13.4 064.1 -13.4 1.45E-08 075.1 247.6 -23.7 0.005880 0.004332 0.001311 shoemake 2025-06-30 12:07:19 
TT 450 185.8  58.3 185.8  58.3 1.99E-05 013.5 007.6  81.7 0.359137 0.324079 0.032268 shoemake 2025-06-30 17:55:00 
