PKSG- 5C 
        141.0  50.0   0.0   0.0   1.0
NRM    139.1  09.4 139.1  09.4 7.77E-03 003.4 096.8  06.4 44.40546 6.857446 8.640848 shoemake 2024-06-28 20:45:50 
LN2    139.5  14.0 139.5  14.0 6.92E-03 003.9 100.7  09.1 44.98291 11.35004 8.402054 shoemake 2024-07-11 17:48:25 
LT2 77 137.3  11.1 137.3  11.1 6.84E-03 000.8 097.1  08.9 8.800065 3.485953 2.683868 shoemake 2024-08-20 15:22:04 
TT  70 136.8  09.8 136.8  09.8 6.51E-03 004.9 095.8  08.5 54.62827 8.540714 3.973588 shoemake 2024-08-22 20:47:15 
TT  70 136.5  09.5 136.5  09.5 6.51E-03 005.4 095.3  08.5 60.41499 8.562028 3.969175 shoemake 2024-08-23 00:18:48 
TT 100 139.4  13.0 139.4  13.0 6.47E-03 005.0 099.9  08.6 54.81480 12.44815 4.617533 shoemake 2024-08-29 13:31:21 
TT 130 137.2  14.5 137.2  14.5 5.86E-03 008.2 099.7  11.1 83.06332 17.21236 4.444789 shoemake 2024-09-02 14:45:10 
TT 160 139.9  20.1 139.9  20.1 5.50E-03 002.9 105.8  12.6 25.89439 9.132062 3.812734 shoemake 2024-09-04 19:16:49 
TT 190 139.5  19.8 139.5  19.8 5.51E-03 003.8 105.3  12.8 34.91664 11.73207 3.447883 shoemake 2024-09-09 16:24:36 
TT 210 131.6  26.9 131.6  26.9 3.32E-03 008.6 106.8  22.8 48.19184 14.70378 1.856834 shoemake 2024-09-16 11:52:35 
TT 240 129.4  26.1 129.4  26.1 3.28E-03 001.4 104.8  23.9 7.663696 2.509994 1.638305 shoemake 2024-09-18 13:08:21 
TT 270 129.9  29.0 129.9  29.0 3.18E-03 006.3 107.7  25.2 33.62755 11.10658 2.151372 shoemake 2024-10-04 20:17:37 
TT 300 128.4  28.7 128.4  28.7 3.11E-03 003.0 106.7  26.1 15.28509 5.029257 2.311888 shoemake 2024-10-15 15:17:59 
TT 330 115.1  35.6 115.1  35.6 1.56E-03 002.0 107.1  39.3 5.548128 0.833827 0.307804 shoemake 2024-10-23 18:43:20 
TT 360 114.8  37.4 114.8  37.4 1.52E-03 006.6 109.1  40.3 16.59487 5.672369 0.669165 shoemake 2025-05-21 10:56:34 
TT 390 113.0  33.7 113.0  33.7 1.50E-03 008.1 103.9  40.0 20.71869 5.175696 0.817619 shoemake 2025-05-22 13:38:17 
TT 420 116.8  39.5 116.8  39.5 1.50E-03 004.2 112.5  39.7 10.18756 4.236465 0.842676 shoemake 2025-05-25 15:51:20 
TT 420 116.1  38.4 116.1  38.4 1.51E-03 002.0 110.8  39.7 4.703392 2.833889 0.688444 shoemake 2025-06-18 16:16:09 
TT 450 095.3  42.0 095.3  42.0 2.75E-04 005.4 108.6  55.9 2.493236 0.921431 0.341767 shoemake 2025-06-30 12:51:53 
