PKSG- 5D 
        141.0  50.0   0.0   0.0   1.0
NRM    136.1  07.7 136.1  07.7 6.08E-03 011.3 093.7  07.7 120.0099 5.915107 19.14764 shoemake 2024-06-28 20:47:56 
LN2    130.5  03.7 130.5  03.7 5.48E-03 002.0 086.9  09.4 6.082839 4.628645 18.10268 shoemake 2024-07-11 17:52:06 
LT2 77 132.9  06.6 132.9  06.6 5.37E-03 004.3 090.7  09.4 36.84258 3.829133 15.86578 shoemake 2024-08-20 15:24:59 
TT  70 135.5  08.5 135.5  08.5 5.17E-03 001.9 093.9  08.7 9.935030 3.405014 14.26020 shoemake 2024-08-22 20:49:45 
TT  70 136.0  06.9 136.0  06.9 2.58E-03 054.6 093.0  07.2 14.37860 273.2390 34.76390 shoemake 2024-08-23 00:21:19 
TT  70 136.1  09.1 136.1  09.1 5.19E-03 001.9 094.7  08.6 8.674188 3.850649 14.82568 shoemake 2024-08-23 11:16:58 
TT 100 131.1  03.7 131.1  03.7 5.14E-03 004.8 087.3  08.9 39.85225 4.028546 15.21299 shoemake 2024-08-29 13:33:46 
TT 130 132.9  08.7 132.9  08.7 4.79E-03 005.5 092.4  10.8 43.96092 3.051171 12.61929 shoemake 2024-09-02 14:47:38 
TT 160 128.8  06.8 128.8  06.8 4.39E-03 007.1 088.2  12.7 53.19989 4.794244 13.40380 shoemake 2024-09-04 19:19:17 
TT 190 133.0  12.2 133.0  12.2 4.42E-03 004.6 095.2  12.9 33.15018 3.793365 12.13958 shoemake 2024-09-09 16:27:07 
TT 210 123.7  18.4 123.7  18.4 2.63E-03 002.1 094.6  23.8 4.954839 3.386249 7.735133 shoemake 2024-09-16 11:55:02 
TT 240 120.5  16.2 120.5  16.2 2.59E-03 002.1 090.7  24.9 4.908208 3.292193 7.350369 shoemake 2024-09-18 13:10:47 
TT 270 123.0  21.3 123.0  21.3 2.57E-03 001.8 096.8  26.0 2.481123 2.644237 7.647732 shoemake 2024-10-04 20:20:07 
TT 300 122.1  23.0 122.1  23.0 2.49E-03 003.0 097.8  27.7 10.78234 2.512240 6.697064 shoemake 2024-10-15 15:20:29 
TT 330 114.3  35.1 114.3  35.1 1.16E-03 001.9 106.2  39.6 1.139365 2.813715 2.508151 shoemake 2024-10-23 18:45:48 
TT 360 110.9  32.8 110.9  32.8 1.14E-03 010.0 101.8  41.2 19.74695 2.124231 2.841394 shoemake 2025-05-21 10:59:02 
TT 390 111.9  33.0 111.9  33.0 1.14E-03 002.4 102.7  40.5 1.465323 3.187133 3.477486 shoemake 2025-05-22 13:40:44 
TT 420 115.6  34.8 115.6  34.8 5.69E-04 034.7 106.4  38.6 13.49756 45.60101 37.91551 shoemake 2025-05-25 15:53:50 
TT 420 113.8  32.0 113.8  32.0 1.14E-03 001.2 102.4  38.6 2.053751 2.002535 0.199070 shoemake 2025-05-26 17:49:47 
TT 420 115.1  34.7 115.1  34.7 5.72E-04 053.8 106.1  38.9 13.28413 45.80449 38.40242 shoemake 2025-06-18 16:18:31 
TT 420 113.4  35.4 113.4  35.4 1.14E-03 003.9 106.1  40.5 7.180809 2.125498 2.779540 shoemake 2025-06-19 15:57:12 
TT 450 095.6  34.2 095.6  34.2 2.89E-04 010.1 095.8  53.3 5.089370 0.864834 0.687243 shoemake 2025-06-30 12:54:23 
