PKSG- 4B 
        241.0  11.0   0.0   0.0   1.0
NRM    041.2 -19.4 041.2 -19.4 3.58E-03 005.0 255.6 -22.5 28.10344 8.856995 12.35629 shoemake 2024-06-28 20:33:15 
LN2    045.9 -27.1 045.9 -27.1 3.33E-03 002.8 262.0 -29.2 10.26451 5.126013 12.24655 shoemake 2024-07-11 17:35:18 
LT2 77 038.2 -26.1 038.2 -26.1 3.27E-03 004.2 254.1 -29.7 20.14462 7.487237 11.41558 shoemake 2024-08-20 15:06:58 
TT  70 054.9 -37.3 054.9 -37.3 2.69E-03 002.9 273.6 -37.4 10.68642 3.244173 11.29384 shoemake 2024-08-22 20:32:41 
TT  70 054.3 -37.2 054.3 -37.2 2.70E-03 003.3 273.0 -37.4 13.01559 3.501072 11.50340 shoemake 2024-08-23 00:04:06 
TT 100 056.4 -37.8 056.4 -37.8 2.71E-03 001.8 275.3 -37.6 4.020752 2.768034 11.03132 shoemake 2024-08-29 12:57:07 
TT 130 054.8 -40.9 054.8 -40.9 2.51E-03 002.7 274.7 -40.9 9.617336 3.100362 11.50846 shoemake 2024-09-02 14:30:20 
TT 160 055.0 -41.4 055.0 -41.4 2.44E-03 002.0 275.0 -41.4 5.069962 1.880438 8.529516 shoemake 2024-09-04 19:02:10 
TT 190 060.7 -42.6 060.7 -42.6 2.53E-03 001.8 280.9 -41.5 4.405323 1.803924 8.959002 shoemake 2024-09-09 16:09:53 
TT 210 069.9 -50.5 069.9 -50.5 1.96E-03 001.5 292.4 -47.3 1.896529 2.616031 7.721597 shoemake 2024-09-16 11:37:50 
TT 240 075.1 -52.9 075.1 -52.9 1.83E-03 004.9 298.1 -48.8 13.23328 7.303896 5.553118 shoemake 2024-09-18 12:53:29 
TT 270 092.6 -59.5 092.6 -59.5 1.44E-03 001.3 315.6 -52.5 1.409138 1.684349 3.400279 shoemake 2024-10-04 20:03:00 
TT 300 099.4 -60.9 099.4 -60.9 1.43E-03 001.4 321.6 -53.0 1.234823 1.674519 3.557129 shoemake 2024-10-15 15:03:13 
TT 330 149.1 -57.6 149.1 -57.6 9.68E-04 000.7 359.5 -46.6 0.448197 1.059727 0.519658 shoemake 2024-10-23 18:28:43 
TT 360 157.4 -55.6 157.4 -55.6 8.93E-04 007.9 006.1 -44.7 1.940958 12.35045 0.498474 shoemake 2025-05-21 10:41:35 
TT 390 159.7 -53.6 159.7 -53.6 8.38E-04 003.6 008.1 -42.7 1.634288 5.008062 0.528579 shoemake 2025-05-22 13:23:17 
TT 420 171.7 -52.9 171.7 -52.9 8.36E-04 001.0 017.8 -42.5 1.348011 1.007454 0.546600 shoemake 2025-05-25 15:36:30 
TT 420 161.8 -53.7 161.8 -53.7 8.40E-04 005.5 009.8 -42.9 2.246722 7.828767 0.472520 shoemake 2025-06-18 16:02:00 
TT 450 208.6 -00.4 208.6 -00.4 1.16E-04 007.8 059.3  05.3 1.375933 0.960260 0.271177 shoemake 2025-06-30 12:37:01 
