PKSG- 4D 
        241.0  11.0   0.0   0.0   1.0
NRM    052.7 -47.9 052.7 -47.9 3.91E-03 016.6 275.2 -48.1 115.2369 14.48257 5.442840 shoemake 2024-06-28 20:37:22 
NRM    061.2 -47.6 061.2 -47.6 4.04E-03 004.3 283.2 -46.2 28.70132 10.03307 5.289633 shoemake 2024-07-01 11:15:27 
LN2    063.7 -51.0 063.7 -51.0 3.28E-03 002.2 286.9 -49.0 9.775720 7.120338 4.351623 shoemake 2024-07-11 17:39:43 
LT2 77 067.1 -52.0 067.1 -52.0 3.21E-03 002.3 290.5 -49.4 11.68073 5.759490 2.349672 shoemake 2024-08-20 15:11:55 
TT  70 080.9 -57.3 080.9 -57.3 2.97E-03 002.9 304.9 -52.0 9.515729 12.99378 5.209225 shoemake 2024-08-22 20:37:31 
TT  70 080.8 -57.2 080.8 -57.2 2.98E-03 002.9 304.9 -52.0 9.294648 13.41015 5.510023 shoemake 2024-08-23 00:08:59 
TT 100 078.4 -56.7 078.4 -56.7 2.96E-03 000.8 302.6 -51.9 3.026341 5.329581 5.849665 shoemake 2024-08-29 13:02:06 
TT 130 079.7 -57.6 079.7 -57.6 2.87E-03 001.2 304.1 -52.5 2.714724 7.857926 6.199571 shoemake 2024-09-02 14:35:11 
TT 160 089.4 -59.5 089.4 -59.5 2.79E-03 001.2 313.0 -53.0 5.477141 3.031512 2.983608 shoemake 2024-09-04 19:06:58 
TT 190 095.2 -60.4 095.2 -60.4 2.87E-03 003.7 318.0 -53.0 9.768162 16.37645 3.643909 shoemake 2024-09-09 16:14:45 
TT 210 148.8 -60.1 148.8 -60.1 2.11E-03 001.1 359.3 -49.1 2.718031 3.784574 1.781651 shoemake 2024-09-16 11:42:49 
TT 240 153.0 -58.7 153.0 -58.7 2.06E-03 000.9 002.6 -47.7 1.611731 2.891945 0.859961 shoemake 2024-09-18 12:58:31 
TT 270 160.5 -55.7 160.5 -55.7 1.91E-03 000.8 008.6 -44.8 2.329112 1.520547 0.979033 shoemake 2024-10-04 20:07:49 
TT 300 167.6 -54.8 167.6 -54.8 1.89E-03 000.8 014.3 -44.3 1.385498 1.997318 1.276637 shoemake 2024-10-15 15:08:05 
TT 330 193.7 -29.8 193.7 -29.8 1.68E-03 003.1 040.5 -21.7 6.622824 6.228964 1.041646 shoemake 2024-10-23 18:33:32 
TT 360 191.4 -28.8 191.4 -28.8 1.64E-03 007.3 038.4 -20.3 13.28682 16.27303 0.750272 shoemake 2025-05-21 10:46:30 
TT 390 193.4 -26.6 193.4 -26.6 1.65E-03 001.0 040.6 -18.4 2.233637 2.285728 0.724261 shoemake 2025-05-22 13:28:11 
TT 420 199.6 -25.5 199.6 -25.5 1.66E-03 002.4 046.6 -18.1 5.381946 4.845429 0.745503 shoemake 2025-05-25 15:41:22 
TT 420 192.0 -26.8 192.0 -26.8 1.65E-03 008.6 039.3 -18.5 15.99028 19.13305 0.952230 shoemake 2025-06-18 16:06:39 
TT 450 196.9 -03.7 196.9 -03.7 8.53E-05 011.1 047.2  03.7 1.295536 1.207851 0.063964 shoemake 2025-06-30 12:41:54 
