PKSG- 7B 
        313.0  14.0   0.0   0.0   1.0
NRM    173.7  38.9 173.7  38.9 1.61E-02 008.6 301.4  47.3 212.0953 119.6947 9.206423 shoemake 2024-06-28 20:56:10 
LN2    172.7  37.8 172.7  37.8 1.47E-02 002.4 300.8  46.1 44.14923 41.28300 14.08191 shoemake 2024-07-11 18:00:47 
LT2 77 177.2  37.4 177.2  37.4 1.42E-02 010.3 305.9  46.6 216.9893 139.0349 11.93737 shoemake 2024-08-20 15:34:58 
TT  70 170.8  36.8 170.8  36.8 1.34E-02 003.2 299.1  44.7 68.09673 31.91577 12.96566 shoemake 2024-08-22 20:59:32 
TT  70 171.0  36.7 171.0  36.7 1.34E-02 003.1 299.3  44.7 64.71477 29.86288 12.26413 shoemake 2024-08-23 00:31:11 
TT 100 171.3  36.7 171.3  36.7 1.33E-02 002.4 299.6  44.7 49.98804 24.34480 13.78229 shoemake 2024-08-29 13:43:37 
TT 130 172.6  36.2 172.6  36.2 1.19E-02 003.6 301.2  44.5 65.05326 33.81699 13.57234 shoemake 2024-09-02 14:57:22 
TT 160 168.7  37.1 168.7  37.1 9.79E-03 001.2 296.7  44.5 17.66981 7.777428 7.285913 shoemake 2024-09-04 19:28:55 
TT 190 168.5  37.0 168.5  37.0 9.68E-03 006.9 296.5  44.4 107.1994 48.29221 9.445986 shoemake 2024-09-09 16:36:54 
TT 210 169.4  38.5 169.4  38.5 4.24E-03 004.0 296.8  46.0 28.14620 10.05729 2.990385 shoemake 2024-09-16 12:05:02 
TT 240 175.1  37.2 175.1  37.2 4.09E-03 007.6 303.7  46.0 47.41082 27.10005 3.845838 shoemake 2024-09-18 13:20:47 
TT 270 172.5  37.7 172.5  37.7 3.99E-03 002.7 300.6  45.9 14.05377 12.38581 3.507263 shoemake 2024-10-04 20:29:52 
TT 300 171.4  38.5 171.4  38.5 3.46E-03 000.8 299.1  46.5 3.004817 2.873810 2.588755 shoemake 2024-10-15 15:30:19 
TT 330 172.7  40.3 172.7  40.3 1.20E-03 001.2 299.7  48.4 2.061711 0.671199 1.305755 shoemake 2024-10-23 18:55:29 
TT 360 172.1  42.0 172.1  42.0 1.17E-03 009.1 298.4  50.0 16.85716 8.160384 1.186305 shoemake 2025-05-21 11:08:50 
TT 390 174.3  40.6 174.3  40.6 1.17E-03 005.8 301.5  49.1 10.61672 5.442223 1.231437 shoemake 2025-05-22 13:50:34 
TT 420 172.6  40.7 172.6  40.7 1.17E-03 005.2 299.4  48.8 9.632506 4.448275 1.271606 shoemake 2025-05-25 16:03:38 
TT 420 171.1  41.1 171.1  41.1 1.17E-03 004.1 297.7  48.9 7.769465 3.510716 1.305906 shoemake 2025-06-18 16:27:48 
TT 450 170.6  42.5 170.6  42.5 6.79E-04 003.6 296.4  50.1 3.749052 2.087802 0.656145 shoemake 2025-06-30 13:04:06 
