PKSG- 8C 
        301.0  44.0   0.0   0.0   1.0
NRM    122.0  18.4 122.0  18.4 9.70E-02 005.2 258.6  14.6 853.4032 193.3417 108.0814 shoemake 2024-06-28 21:02:26 
LN2    124.4  15.5 124.4  15.5 8.98E-02 001.1 262.3  14.3 38.90838 83.95371 162.7286 shoemake 2024-07-08 15:36:51 
LN2    124.9  15.6 124.9  15.6 9.03E-02 001.1 262.7  14.7 64.69317 82.71295 146.3068 shoemake 2024-07-11 18:07:21 
LT2 77 123.7  16.5 123.7  16.5 8.66E-02 009.0 261.1  14.5 1354.052 226.9152 67.13189 shoemake 2024-08-20 15:42:35 
TT  70 118.2  22.2 118.2  22.2 8.02E-02 006.2 253.1  14.8 859.7202 181.0380 74.35931 shoemake 2024-08-22 21:06:46 
TT  70 118.7  21.7 118.7  21.7 8.04E-02 005.4 253.9  14.7 755.5767 137.7072 73.70384 shoemake 2024-08-23 00:38:31 
TT 100 122.0  18.5 122.0  18.5 7.96E-02 005.9 258.4  14.8 820.9870 81.31150 77.17466 shoemake 2024-08-29 13:51:06 
TT 130 126.1  14.7 126.1  14.7 7.45E-02 004.8 264.1  14.9 631.6694 60.19149 100.0401 shoemake 2024-09-02 15:04:51 
TT 160 122.4  18.9 122.4  18.9 5.80E-02 016.0 258.5  15.3 1637.832 315.9672 48.36410 shoemake 2024-09-04 19:36:17 
TT 160 129.3  11.3 129.3  11.3 3.10E-02 060.4 268.9  14.7 71.44624 3199.987 841.5197 shoemake 2024-09-06 10:12:51 
TT 160 122.7  18.7 122.7  18.7 6.19E-02 000.7 258.9  15.4 56.97019 36.44735 40.64921 shoemake 2024-09-06 10:19:02 
TT 190 124.3  16.9 124.3  16.9 5.93E-02 006.7 261.3  15.2 689.4842 62.26268 53.27857 shoemake 2024-09-09 16:44:16 
TT 210 123.8  19.8 123.8  19.8 2.97E-02 007.4 258.7  16.8 375.9479 83.42590 22.08800 shoemake 2024-09-16 12:12:21 
TT 240 125.0  18.8 125.0  18.8 2.87E-02 005.0 260.3  17.0 247.3264 45.27124 17.93793 shoemake 2024-09-18 13:28:09 
TT 270 129.8  13.8 129.8  13.8 2.81E-02 001.5 267.4  16.9 67.42244 18.14737 25.88557 shoemake 2024-10-04 20:37:11 
TT 300 128.2  16.1 128.2  16.1 2.45E-02 006.4 264.5  17.4 274.0014 31.31577 24.19995 shoemake 2024-10-15 15:37:41 
TT 330 128.8  22.1 128.8  22.1 5.04E-03 007.7 260.3  21.8 67.36031 8.885145 3.042762 shoemake 2024-10-23 19:02:47 
TT 360 131.2  20.6 131.2  20.6 4.92E-03 012.8 263.2  22.5 110.9285 11.59535 3.003777 shoemake 2025-05-21 11:16:22 
TT 390 131.8  19.4 131.8  19.4 4.97E-03 007.0 264.5  22.2 61.01463 5.372382 3.110731 shoemake 2025-05-22 13:58:07 
TT 420 133.0  18.2 133.0  18.2 4.97E-03 003.6 266.3  22.1 30.80983 4.088802 3.429203 shoemake 2025-05-25 16:11:07 
TT 420 125.0  26.4 125.0  26.4 2.51E-03 049.3 254.4  22.2 67.24824 239.1993 101.3274 shoemake 2025-06-18 16:34:54 
TT 420 131.1  20.5 131.1  20.5 4.98E-03 005.4 263.1  22.3 47.22024 7.168776 3.772031 shoemake 2025-06-19 16:04:14 
TT 450 135.7  17.1 135.7  17.1 2.04E-03 065.4 269.1  23.2 5.426315 199.9355 85.80282 shoemake 2025-06-30 13:11:35 
TT 450 131.5  21.4 131.5  21.4 4.06E-03 005.8 262.7  23.2 41.45773 6.988686 3.108930 shoemake 2025-06-30 18:24:51 
