PKSG- 2C 
        184.5  39.0   0.0   0.0   1.0
NRM    165.0 -17.4 165.0 -17.4 1.15E-02 005.9 065.2 -02.6 108.3923 48.91090 10.69820 shoemake 2024-06-28 20:14:33 
LN2    165.4 -19.6 165.4 -19.6 1.10E-02 001.1 064.1 -04.6 15.12441 5.332356 16.51203 shoemake 2024-07-11 17:14:09 
LT2 77 165.6 -20.0 165.6 -20.0 1.08E-02 000.7 064.1 -05.0 11.80568 6.761462 7.558230 shoemake 2024-08-20 14:44:24 
TT  70 174.2 -23.0 174.2 -23.0 6.80E-03 001.9 068.5 -12.3 21.43316 7.222207 4.606444 shoemake 2024-08-22 20:10:36 
TT  70 173.4 -23.6 173.4 -23.6 6.80E-03 002.9 067.5 -12.3 32.65994 11.82075 4.697869 shoemake 2024-08-22 23:42:02 
TT 100 171.0 -25.8 171.0 -25.8 6.74E-03 000.8 064.4 -12.7 8.213779 4.325880 5.332626 shoemake 2024-08-29 12:35:04 
TT 130 174.0 -29.5 174.0 -29.5 4.77E-03 003.9 064.0 -17.1 29.44601 13.76290 3.231679 shoemake 2024-09-02 14:06:28 
TT 160 173.8 -30.1 173.8 -30.1 4.67E-03 008.9 063.5 -17.5 65.82631 32.12869 3.128170 shoemake 2024-09-04 18:40:15 
TT 190 176.1 -29.1 176.1 -29.1 4.62E-03 000.9 065.8 -18.1 6.761093 3.316992 2.869587 shoemake 2024-09-09 15:47:44 
TT 210 177.8 -31.1 177.8 -31.1 3.86E-03 007.1 065.6 -20.5 43.99909 19.04054 2.967117 shoemake 2024-09-16 11:15:37 
TT 240 176.7 -32.3 176.7 -32.3 3.87E-03 003.0 063.9 -20.8 18.32353 7.730486 3.035278 shoemake 2024-09-18 12:31:14 
TT 270 182.8 -30.2 182.8 -30.2 3.10E-03 001.1 069.6 -22.8 5.504537 2.518640 2.242199 shoemake 2024-10-04 19:40:58 
TT 300 179.3 -38.3 179.3 -38.3 8.20E-04 065.9 061.2 -26.6 37.81934 68.67157 39.27911 shoemake 2024-10-15 18:34:22 
TT 300 180.1 -38.0 180.1 -38.0 1.65E-03 001.6 061.8 -26.9 3.623574 2.542726 1.541156 shoemake 2024-10-16 09:50:41 
TT 330 177.6 -39.8 177.6 -39.8 1.57E-03 000.8 058.9 -26.8 1.358886 2.043330 0.791096 shoemake 2024-10-23 17:34:06 
TT 360 183.2 -37.3 183.2 -37.3 1.54E-03 001.0 064.4 -28.1 2.368613 1.550545 0.889735 shoemake 2025-05-21 10:19:22 
TT 390 182.6 -38.1 182.6 -38.1 1.48E-03 002.4 063.4 -28.3 5.625742 2.547341 0.992754 shoemake 2025-05-22 11:36:06 
TT 420 181.0 -39.4 181.0 -39.4 1.47E-03 001.3 061.4 -28.3 2.841208 1.861062 0.832520 shoemake 2025-05-25 15:14:18 
TT 420 178.7 -40.9 178.7 -40.9 1.47E-03 001.7 058.7 -28.1 3.792536 2.555879 0.827753 shoemake 2025-06-18 15:40:55 
TT 450 106.7 -04.4 106.7 -04.4 6.10E-06 042.6 016.2  33.4 0.392027 0.407338 0.051790 shoemake 2025-06-30 12:14:44 
TT 450 108.3 -02.1 108.3 -02.1 6.42E-06 040.4 018.6  35.3 0.389416 0.405626 0.019341 shoemake 2025-06-30 18:02:25 
TT 450 111.2  02.8 111.2  02.8 7.11E-06 037.4 023.5  39.5 0.387365 0.399652 0.070847 shoemake 2025-07-02 11:41:57 
