PKSG- 2D 
        184.5  39.0   0.0   0.0   1.0
NRM    167.8 -16.5 167.8 -16.5 1.23E-02 002.8 067.8 -03.5 55.99375 22.40720 10.48064 shoemake 2024-06-28 20:16:36 
LN2    166.4 -20.4 166.4 -20.4 1.15E-02 001.5 064.4 -05.8 23.67268 6.641809 17.96946 shoemake 2024-07-11 17:16:20 
LT2 77 170.6 -17.5 170.6 -17.5 1.14E-02 001.8 069.3 -05.9 32.98095 11.80379 7.777430 shoemake 2024-08-20 14:46:52 
TT  70 177.1 -22.3 177.1 -22.3 6.80E-03 002.2 071.0 -13.5 24.91907 8.130923 4.423638 shoemake 2024-08-22 20:13:04 
TT  70 177.5 -22.0 177.5 -22.0 6.80E-03 001.7 071.6 -13.5 18.72426 6.311401 4.443912 shoemake 2024-08-22 23:44:29 
TT 100 171.3 -27.0 171.3 -27.0 6.74E-03 000.8 063.8 -13.7 7.300017 4.421077 5.220324 shoemake 2024-08-29 12:37:32 
TT 130 178.2 -28.7 178.2 -28.7 4.78E-03 007.4 067.5 -18.9 57.62616 22.98017 2.890520 shoemake 2024-09-02 14:08:54 
TT 160 176.6 -30.1 176.6 -30.1 4.75E-03 005.1 065.4 -19.1 38.97716 17.05260 3.019456 shoemake 2024-09-04 18:42:39 
TT 190 171.4 -34.6 171.4 -34.6 4.59E-03 000.6 058.8 -19.6 4.150078 2.690853 2.710091 shoemake 2024-09-09 15:50:10 
TT 210 174.9 -34.7 174.9 -34.7 3.96E-03 006.3 061.0 -21.5 37.76739 21.79274 3.213210 shoemake 2024-09-16 11:18:08 
TT 240 178.7 -32.2 178.7 -32.2 3.93E-03 000.9 065.4 -21.9 5.652473 2.677590 2.675979 shoemake 2024-09-18 12:33:46 
TT 270 181.6 -33.7 181.6 -33.7 2.96E-03 003.7 066.2 -24.6 17.23575 8.810734 2.162243 shoemake 2024-10-04 19:43:22 
TT 300 179.3 -40.9 179.3 -40.9 8.25E-04 061.7 059.0 -28.5 39.88861 66.47265 42.08507 shoemake 2024-10-15 18:36:47 
TT 300 184.2 -37.3 184.2 -37.3 1.64E-03 003.1 065.0 -28.6 8.435090 3.265941 1.049678 shoemake 2024-10-16 09:53:08 
TT 330 183.5 -37.5 183.5 -37.5 1.61E-03 002.8 064.4 -28.4 6.284007 4.730720 0.852769 shoemake 2024-10-23 17:36:31 
TT 360 180.1 -40.9 180.1 -40.9 1.56E-03 001.8 059.6 -28.9 4.469652 2.258349 1.015349 shoemake 2025-05-21 10:21:47 
TT 390 183.5 -40.0 183.5 -40.0 1.43E-03 002.8 062.3 -30.2 6.226064 3.193831 0.934275 shoemake 2025-05-22 11:38:33 
TT 420 187.8 -36.5 187.8 -36.5 1.44E-03 001.1 068.0 -30.2 2.637091 1.457825 0.885087 shoemake 2025-05-25 15:16:44 
TT 420 188.0 -36.6 188.0 -36.6 1.43E-03 007.6 067.9 -30.4 17.64580 7.144925 1.162758 shoemake 2025-06-18 15:43:14 
TT 450 138.0  12.1 138.0  12.1 1.25E-05 021.3 059.4  36.9 0.373132 0.382727 0.166533 shoemake 2025-06-30 12:17:10 
TT 450 135.3  17.7 135.3  17.7 1.33E-05 019.3 060.7  42.9 0.368690 0.368162 0.026221 shoemake 2025-06-30 18:04:51 
TT 450 134.4  20.8 134.4  20.8 1.39E-05 018.4 062.3  45.9 0.359166 0.364756 0.086705 shoemake 2025-07-02 16:59:36 
