PKSG- 2F 
        184.5  39.0   0.0   0.0   1.0
NRM    168.3 -20.5 168.3 -20.5 1.13E-02 007.4 065.8 -06.9 129.5601 60.94797 24.84745 shoemake 2024-06-28 20:20:43 
LN2    162.7 -27.8 162.7 -27.8 1.01E-02 017.2 057.2 -09.6 264.0416 167.7795 22.84094 shoemake 2024-07-11 17:20:48 
LN2    173.9 -19.2 173.9 -19.2 1.04E-02 002.1 070.7 -09.2 25.82773 12.72518 26.95796 shoemake 2024-07-12 10:44:36 
LT2 77 168.6 -23.1 168.6 -23.1 1.03E-02 005.5 064.4 -09.1 86.96367 39.42889 25.57694 shoemake 2024-08-20 14:51:50 
TT  70 171.1 -29.4 171.1 -29.4 6.17E-03 001.9 062.1 -15.5 15.38518 4.641312 13.21970 shoemake 2024-08-22 20:17:55 
TT  70 172.2 -28.6 172.2 -28.6 6.18E-03 001.4 063.4 -15.5 4.973376 5.849879 12.97923 shoemake 2024-08-22 23:49:19 
TT 100 178.2 -24.4 178.2 -24.4 6.12E-03 001.3 070.5 -15.7 4.824969 5.719994 11.84925 shoemake 2024-08-29 12:42:31 
TT 130 171.4 -34.3 171.4 -34.3 4.43E-03 003.1 059.0 -19.4 19.73604 7.614999 11.25798 shoemake 2024-09-02 14:13:47 
TT 160 178.4 -29.4 178.4 -29.4 4.41E-03 001.5 067.2 -19.6 5.949804 3.444009 9.910462 shoemake 2024-09-04 18:47:28 
TT 190 174.5 -32.8 174.5 -32.8 4.20E-03 003.0 062.2 -19.9 15.93978 12.48347 9.494802 shoemake 2024-09-09 15:55:02 
TT 210 173.0 -34.9 173.0 -34.9 3.77E-03 002.5 059.6 -20.7 12.98221 3.952446 9.535172 shoemake 2024-09-16 11:23:06 
TT 240 174.2 -34.1 174.2 -34.1 3.76E-03 001.6 061.0 -20.8 3.685443 3.843005 9.465550 shoemake 2024-09-18 12:38:46 
TT 270 180.0 -34.8 180.0 -34.8 2.52E-03 001.8 064.3 -24.5 2.552738 4.152877 6.264800 shoemake 2024-10-04 19:48:11 
TT 300 171.5 -42.9 171.5 -42.9 7.66E-04 047.3 052.8 -25.8 44.57917 58.68072 35.68210 shoemake 2024-10-15 18:41:37 
TT 300 179.8 -38.7 179.8 -38.7 1.53E-03 004.4 061.2 -27.2 10.49250 4.215438 3.308645 shoemake 2024-10-16 09:55:36 
TT 330 182.6 -35.9 182.6 -35.9 1.53E-03 005.9 065.1 -26.8 13.63127 7.108071 4.244478 shoemake 2024-10-23 17:41:23 
TT 360 178.7 -40.6 178.7 -40.6 1.40E-03 002.4 058.9 -27.9 3.662362 3.785132 2.622745 shoemake 2025-05-21 10:26:42 
TT 390 179.0 -39.6 179.0 -39.6 1.26E-03 004.3 060.0 -27.4 8.490437 3.615756 2.535449 shoemake 2025-05-22 11:43:31 
TT 420 185.3 -34.5 185.3 -34.5 1.24E-03 001.6 068.0 -27.4 1.790823 1.846774 2.613210 shoemake 2025-05-25 15:21:37 
TT 420 180.9 -37.9 180.9 -37.9 1.24E-03 002.5 062.4 -27.2 4.939572 1.786452 2.107529 shoemake 2025-06-18 15:47:53 
TT 450 136.6  27.3 136.6  27.3 7.56E-06 029.7 070.8  49.7 0.324322 0.312142 0.075155 shoemake 2025-06-30 12:22:04 
TT 450 132.1  27.6 132.1  27.6 8.08E-06 027.2 066.2  52.6 0.310572 0.305646 0.017645 shoemake 2025-06-30 18:09:46 
TT 450 129.0  34.7 129.0  34.7 8.54E-06 026.6 071.6  59.5 0.302437 0.313855 0.098471 shoemake 2025-07-02 17:04:34 
