PKSG- 2B 
        184.5  39.0   0.0   0.0   1.0
NRM    164.6 -16.1 164.6 -16.1 7.86E-03 006.2 065.6 -01.3 78.02255 34.36381 6.923561 shoemake 2024-06-28 20:12:30 
LN2    161.0 -21.1 161.0 -21.1 7.62E-03 007.0 059.9 -03.3 82.24355 43.32409 12.34012 shoemake 2024-07-11 17:12:00 
LT2 77 162.8 -20.0 162.8 -20.0 7.51E-03 002.1 061.9 -03.4 24.87303 11.98049 5.783267 shoemake 2024-08-20 14:41:54 
TT  70 163.7 -27.2 163.7 -27.2 5.01E-03 001.3 058.2 -09.7 9.273417 5.839129 3.721907 shoemake 2024-08-22 20:08:08 
TT  70 163.1 -27.6 163.1 -27.6 5.01E-03 001.9 057.6 -09.8 13.86357 8.910252 3.644893 shoemake 2024-08-22 23:39:34 
TT 100 170.5 -22.7 170.5 -22.7 4.94E-03 003.8 066.0 -10.0 30.88804 11.12236 3.843950 shoemake 2024-08-29 12:32:36 
TT 130 170.8 -28.3 170.8 -28.3 3.37E-03 006.5 062.7 -14.5 34.51378 17.44194 2.674022 shoemake 2024-09-02 14:04:03 
TT 160 172.9 -27.1 172.9 -27.1 3.36E-03 002.7 064.9 -14.7 14.55141 6.637432 2.433399 shoemake 2024-09-04 18:37:50 
TT 190 173.0 -27.8 173.0 -27.8 3.28E-03 006.7 064.5 -15.3 34.55911 16.36273 2.229613 shoemake 2024-09-09 15:45:16 
TT 210 172.0 -30.9 172.0 -30.9 2.76E-03 004.9 061.7 -17.1 21.22114 10.60591 2.107851 shoemake 2024-09-16 11:13:06 
TT 240 174.2 -29.6 174.2 -29.6 2.73E-03 007.1 064.1 -17.3 30.85344 14.40477 1.938375 shoemake 2024-09-18 12:28:45 
TT 270 179.0 -29.2 179.0 -29.2 2.35E-03 000.7 067.7 -19.8 2.318724 1.646822 1.652591 shoemake 2024-10-04 19:38:31 
TT 300 177.4 -38.5 177.4 -38.5 1.25E-03 003.7 059.8 -25.7 6.995335 4.101131 1.037426 shoemake 2024-10-15 18:31:56 
TT 330 179.8 -36.1 179.8 -36.1 1.20E-03 003.0 063.2 -25.4 5.265241 3.503661 0.680194 shoemake 2024-10-23 17:31:39 
TT 360 180.0 -37.3 180.0 -37.3 1.17E-03 005.2 062.3 -26.3 9.425150 5.087142 0.545169 shoemake 2025-05-21 10:16:56 
TT 390 182.6 -35.4 182.6 -35.4 1.15E-03 005.3 065.5 -26.5 9.669432 4.692677 0.613812 shoemake 2025-05-22 11:33:41 
TT 420 181.4 -37.2 181.4 -37.2 1.15E-03 004.5 063.4 -27.0 8.091948 3.980731 0.647656 shoemake 2025-05-25 15:11:52 
TT 420 179.8 -37.9 179.8 -37.9 1.15E-03 002.8 061.8 -26.7 4.785038 3.015204 0.855941 shoemake 2025-06-18 15:38:36 
TT 450 108.3  59.4 108.3  59.4 6.55E-06 038.4 140.2  78.0 0.364778 0.373150 0.032587 shoemake 2025-06-30 12:12:17 
TT 450 096.7  60.6 096.7  60.6 3.04E-06 079.0 170.0  80.2 0.251277 0.252159 0.321195 shoemake 2025-06-30 17:59:58 
TT 450 069.3 -21.2 069.3 -21.2 3.07E-09 071.1 337.0  14.3 0.000296 0.000257 0.000810 shoemake 2025-07-02 11:39:29 
