PKSB- 1 sun compass orientation
   906  117.4  19.5  -1.3   0.0   1.0
NRM    193.0  -1.2 193.0  -1.2 8.72E-02 007.6 164.7 -20.1 309.1650 1117.737 138.3246 shoemake 2024-06-28 16:45:43 
LN2    195.2  -2.2 195.2  -2.2 8.95E-02 006.5 166.9 -21.2 218.6415 1001.347 93.33772 shoemake 2024-07-11 16:42:58 
TT  70 186.3  -5.3 186.3  -5.3 7.39E-02 002.1 157.0 -23.4 141.6789 221.6503 63.44470 shoemake 2024-07-30 16:17:57 
TT 100 190.1  -5.7 190.1  -5.7 3.66E-02 001.6 161.1 -24.3 33.58992 86.38001 52.09613 shoemake 2024-08-01 09:34:35 
TT 130 195.7  -5.9 195.7  -5.9 1.33E-02 012.0 167.1 -25.0 66.49020 275.7011 7.928262 shoemake 2024-09-07 19:14:23 
TT 160 196.1  -2.4 196.1  -2.4 1.16E-02 002.3 167.9 -21.5 17.96492 40.88433 13.95424 shoemake 2024-09-12 15:14:26 
TT 190 199.7  -3.3 199.7  -3.3 1.16E-02 003.2 171.7 -22.6 15.51591 61.75880 12.93788 shoemake 2024-09-17 16:49:44 
TT 210 197.0  -3.2 197.0  -3.2 1.11E-02 005.6 168.8 -22.4 14.00826 107.5057 15.05581 shoemake 2024-10-11 03:48:23 
TT 240 190.7  -9.7 190.7  -9.7 1.08E-02 001.0 161.2 -28.3 7.927851 14.70350 9.426819 shoemake 2024-10-18 12:41:01 
TT 270 193.1 -10.3 193.1 -10.3 9.63E-03 001.6 163.8 -29.1 16.90127 15.55822 16.58069 shoemake 2024-10-28 15:14:08 
TT 300 190.3  -8.9 190.3  -8.9 8.68E-03 002.8 160.9 -27.5 15.34291 40.15769 4.126746 shoemake 2024-11-06 18:52:31 
TT 330 192.5 -13.1 192.5 -13.1 6.29E-03 001.6 162.8 -31.9 9.785452 14.25598 7.395725 shoemake 2024-11-15 19:27:10 
TT 360 196.6 -14.6 196.6 -14.6 2.94E-03 001.4 167.4 -33.7 5.008533 4.190171 3.973816 shoemake 2024-11-18 19:01:57 
TT 360 208.8  19.4 208.8  19.4 2.42E-03 037.8 181.3  -0.1 2.686071 40.97322 182.9342 shoemake 2024-11-23 00:23:38 
TT 360 194.4 -15.4 194.4 -15.4 2.98E-03 003.1 164.8 -34.3 7.822892 13.97596 4.885720 shoemake 2024-11-23 22:11:22 
TT 390 191.9 -13.3 191.9 -13.3 2.11E-03 003.8 162.1 -32.0 6.147452 12.36047 3.405405 shoemake 2024-11-25 12:09:20 
TT 420 204.0 -27.0 204.0 -27.0 2.09E-04 002.8 175.6 -46.5 0.438852 0.580329 1.093314 shoemake 2024-11-27 01:17:52 
TT 450 199.1  -4.3 199.1  -4.3 3.76E-05 012.3 171.0 -23.6 0.071489 0.488921 0.774236 shoemake 2024-12-05 08:22:01 
TT 450 222.3  -2.0 222.3  -2.0 6.24E-05 001.6 196.0 -20.8 0.157238 0.130119 0.152525 shoemake 2024-12-09 17:52:55 
TT 450 346.4  54.6 346.4  54.6 7.65E-05 017.9 290.2  66.1 1.814022 1.818695 0.151946 shoemake 2025-02-06 06:21:06 
TT 450 033.8  -8.3 033.8  -8.3 3.92E-06 084.3 006.5  11.1 1.645764 3.694379 6.959570 shoemake 2025-02-07 01:19:11 
TT 450 167.0 -66.7 167.0 -66.7 4.07E-07 086.5 084.8 -75.1 1.713634 3.717290 6.260969 shoemake 2025-02-10 18:16:41 
TT 450 034.6  63.2 034.6  63.2 1.04E-04 013.7 024.5  82.2 1.774279 1.854817 0.506844 shoemake 2025-02-12 13:50:05 
TT 480 117.6 -80.2 117.6 -80.2 7.29E-05 021.7 027.4 -68.3 1.980900 1.863891 1.728683 shoemake 2025-04-09 23:05:49 
TT 480 198.4 -46.0 198.4 -46.0 4.49E-05 029.2 165.1 -65.1 1.868714 1.793493 0.202415 shoemake 2025-04-15 15:32:54 
