PKSB- 1 sun compass orientation
   906  117.4  19.5  -1.3   0.0   1.0
NRM    186.3  -1.4 186.3  -1.4 6.62E-02 001.8 157.6 -19.5 70.42882 161.0862 126.8149 shoemake 2024-06-28 16:43:36 
LN2    185.0  -2.8 185.0  -2.8 6.80E-02 001.3 156.0 -20.8 64.83462 129.2587 68.49664 shoemake 2024-07-11 16:40:48 
TT  70 189.8  -4.6 189.8  -4.6 5.22E-02 001.2 160.9 -23.1 57.41834 81.76520 61.49610 shoemake 2024-07-30 16:15:02 
TT 100 192.8  -4.8 192.8  -4.8 2.69E-02 001.3 164.1 -23.6 21.55315 47.46352 43.02243 shoemake 2024-08-01 09:32:08 
TT 130 192.5  -9.7 192.5  -9.7 1.22E-02 005.9 163.2 -28.5 37.97167 119.5817 14.62762 shoemake 2024-09-07 19:11:59 
TT 160 191.1 -11.6 191.1 -11.6 8.48E-03 003.3 161.4 -30.2 18.69612 44.30516 5.305030 shoemake 2024-09-12 15:12:01 
TT 190 193.0 -11.8 193.0 -11.8 8.23E-03 003.8 163.6 -30.6 19.65980 51.29199 6.587721 shoemake 2024-09-17 16:47:17 
TT 210 190.3 -12.2 190.3 -12.2 7.98E-03 001.1 160.5 -30.7 9.354369 7.280432 10.21582 shoemake 2024-10-11 03:45:55 
TT 240 184.9 -14.4 184.9 -14.4 8.78E-03 002.8 154.0 -32.2 18.26801 39.35130 6.155235 shoemake 2024-10-18 12:38:31 
TT 270 190.4 -13.7 190.4 -13.7 7.48E-03 007.5 160.4 -32.2 65.68472 65.37247 47.81776 shoemake 2024-10-27 11:45:47 
TT 300 189.6 -13.9 189.6 -13.9 6.98E-03 000.9 159.4 -32.3 5.221647 10.41413 2.253648 shoemake 2024-11-06 18:50:04 
TT 330 193.9 -15.8 193.9 -15.8 5.36E-03 001.9 164.2 -34.7 8.473295 14.82235 5.730925 shoemake 2024-11-15 19:24:45 
TT 360 191.6 -20.1 191.6 -20.1 2.45E-03 001.3 160.9 -38.7 4.139056 3.539358 2.362306 shoemake 2024-11-18 18:59:31 
TT 360 031.1 -19.3 031.1 -19.3 6.02E-04 075.5 003.5   0.2 12.10514 198.8020 166.8547 shoemake 2024-11-23 00:21:11 
TT 360 189.4 -20.0 189.4 -20.0 2.49E-03 001.7 158.3 -38.4 5.217346 4.766265 3.321687 shoemake 2024-11-23 22:08:56 
TT 390 194.2 -19.6 194.2 -19.6 1.75E-03 002.6 164.0 -38.5 4.379249 6.667689 2.489642 shoemake 2024-11-25 12:06:53 
TT 420 229.9 -50.6 229.9 -50.6 1.06E-04 006.6 219.5 -67.5 0.441933 1.051166 0.679920 shoemake 2024-11-27 01:15:27 
TT 450 261.0  17.6 261.0  17.6 2.57E-05 020.9 230.4   5.5 0.675713 0.442558 0.579533 shoemake 2024-12-05 08:19:35 
TT 450 243.1  -7.8 243.1  -7.8 4.45E-05 005.9 219.0 -23.4 0.149360 0.400703 0.311638 shoemake 2024-12-05 15:46:46 
TT 450 331.2  69.0 331.2  69.0 7.74E-05 014.6 247.3  71.2 1.463240 1.452624 0.084224 shoemake 2025-02-06 06:18:39 
TT 480 007.1 -72.3 007.1 -72.3 6.33E-05 023.5 349.8 -53.4 1.913550 1.551363 1.723152 shoemake 2025-04-09 23:03:23 
TT 480 184.2 -82.1 184.2 -82.1 5.12E-05 022.6 014.4 -77.4 1.533218 1.509427 0.149711 shoemake 2025-04-15 15:30:29 
