PKSB- 1 sun compass orientation
   906  117.4  19.5  -1.3   0.0   1.0
NRM    111.4  -2.3 111.4  -2.3 7.48E-02 003.3 158.6 -20.6 145.4177 401.3375 107.4702 shoemake 2024-06-28 16:52:13 
LN2    111.1  -3.3 111.1  -3.3 7.60E-02 002.6 158.1 -21.5 89.48885 327.4948 94.39514 shoemake 2024-07-11 16:50:55 
TT  70 112.9  -5.4 112.9  -5.4 6.31E-02 004.5 159.8 -23.8 204.7544 449.7808 32.78524 shoemake 2024-07-30 16:26:51 
TT 100 116.1  -4.9 116.1  -4.9 2.45E-02 000.9 163.3 -23.7 16.76877 35.36867 9.360257 shoemake 2024-08-01 09:42:06 
TT 130 112.3  -5.6 112.3  -5.6 9.69E-03 005.9 159.1 -23.9 34.41974 94.83473 6.163915 shoemake 2024-09-07 19:21:39 
TT 160 119.9  -3.7 119.9  -3.7 7.59E-03 010.3 167.5 -22.8 32.06482 134.2897 5.492749 shoemake 2024-09-12 15:21:48 
TT 190 117.6  -6.5 117.6  -6.5 8.00E-03 003.1 164.8 -25.4 11.26361 41.25122 4.380293 shoemake 2024-09-17 16:57:05 
TT 210 128.6  -3.3 128.6  -3.3 7.48E-03 014.0 177.0 -22.8 6.869518 186.3149 10.61732 shoemake 2024-10-11 03:55:55 
TT 210 110.5  -4.1 110.5  -4.1 3.77E-03 061.2 157.4 -22.2 359.4381 136.0113 165.0678 shoemake 2024-10-14 13:23:24 
TT 210 117.7  -2.9 117.7  -2.9 3.84E-03 034.6 165.2 -21.8 369.1091 97.49063 152.4027 shoemake 2024-10-14 14:30:37 
TT 210 116.9  -3.5 116.9  -3.5 7.68E-03 001.2 164.3 -22.3 8.321963 11.37389 8.898638 shoemake 2024-10-14 14:42:06 
TT 240 113.7  -1.9 113.7  -1.9 7.44E-03 001.2 161.1 -20.4 6.315237 12.78214 8.474273 shoemake 2024-10-18 12:48:28 
TT 270 114.1  -4.0 114.1  -4.0 7.54E-03 003.7 161.3 -22.6 21.12164 42.31348 13.70205 shoemake 2024-10-28 15:21:18 
TT 300 115.3  -8.7 115.3  -8.7 4.82E-03 004.6 162.0 -27.4 11.10517 37.44616 1.794567 shoemake 2024-11-06 18:59:58 
TT 330 118.2  -8.0 118.2  -8.0 3.26E-03 001.4 165.3 -26.9 3.897211 6.388396 4.059904 shoemake 2024-11-15 19:34:37 
TT 360 123.4  -9.3 123.4  -9.3 1.74E-03 004.1 171.0 -28.6 3.230608 11.84732 2.225849 shoemake 2024-11-18 19:09:22 
TT 360 132.6  19.6 132.6  19.6 1.52E-03 031.6 181.1   0.1 1.611197 20.99321 91.20782 shoemake 2024-11-23 00:31:10 
TT 360 116.4  -9.8 116.4  -9.8 1.75E-03 001.4 163.1 -28.6 2.247285 2.860904 2.865122 shoemake 2024-11-23 22:16:21 
TT 390 119.1  -8.8 119.1  -8.8 1.40E-03 001.4 166.2 -27.8 1.846719 2.160395 2.335379 shoemake 2024-11-25 12:16:48 
TT 420 124.6  -9.2 124.6  -9.2 5.87E-04 001.7 172.3 -28.5 1.006327 1.001033 1.293098 shoemake 2024-11-27 01:25:20 
TT 450 116.3  -1.1 116.3  -1.1 1.76E-04 001.9 163.9 -19.9 0.241576 0.415235 0.387334 shoemake 2024-12-05 08:29:30 
TT 450 111.1   1.8 111.1   1.8 1.03E-04 009.4 158.8 -16.5 1.289489 1.655176 0.297821 shoemake 2025-02-06 06:28:35 
TT 480 150.1 -80.1 150.1 -80.1 3.39E-05 034.1 342.6 -79.4 1.345327 1.408021 1.345761 shoemake 2025-04-09 23:13:15 
TT 480 142.1  -9.5 142.1  -9.5 3.32E-05 026.4 192.0 -28.6 1.345490 1.393652 0.170491 shoemake 2025-04-15 15:40:23 
