PKSB- 1 sun compass orientation
   906  117.4  19.5  -1.3   0.0   1.0
NRM    191.2  -1.3 191.2  -1.3 7.15E-02 005.1 162.7 -20.0 149.7052 614.7074 114.9458 shoemake 2024-06-28 16:50:03 
LN2    189.4  -2.4 189.4  -2.4 7.29E-02 002.6 160.7 -20.9 70.85011 325.5679 97.40688 shoemake 2024-07-11 16:48:47 
TT  70 189.3  -5.0 189.3  -5.0 6.00E-02 003.0 160.3 -23.5 147.6245 272.5451 79.44554 shoemake 2024-07-30 16:23:53 
TT 100 193.9  -5.2 193.9  -5.2 2.35E-02 001.5 165.2 -24.1 17.60289 47.45511 40.15295 shoemake 2024-08-01 09:39:35 
TT 130 191.8  -5.3 191.8  -5.3 8.56E-03 006.6 163.0 -24.0 32.17347 92.79059 15.97956 shoemake 2024-09-07 19:19:13 
TT 160 191.2  -2.9 191.2  -2.9 6.75E-03 001.3 162.6 -21.6 7.855352 9.939876 10.28519 shoemake 2024-09-12 15:19:19 
TT 190 193.1  -7.6 193.1  -7.6 7.11E-03 002.9 164.1 -26.4 8.300596 34.34568 8.543858 shoemake 2024-09-17 16:54:37 
TT 210 186.6  -9.3 186.6  -9.3 3.51E-03 035.7 156.7 -27.4 306.5152 132.2505 101.4462 shoemake 2024-10-11 03:53:24 
TT 210 191.8  -2.9 191.8  -2.9 3.38E-03 052.9 163.2 -21.6 317.9943 95.23522 138.8644 shoemake 2024-10-14 13:20:52 
TT 210 198.7  -0.8 198.7  -0.8 3.38E-03 044.2 170.7 -20.1 334.5964 54.69473 124.2114 shoemake 2024-10-14 14:28:05 
TT 210 199.2  -0.2 199.2  -0.2 3.34E-03 063.1 171.3 -19.5 336.5978 60.10613 129.2069 shoemake 2024-10-14 14:39:39 
TT 210 194.4  -2.2 194.4  -2.2 6.73E-03 004.9 166.0 -21.2 18.40469 52.87875 12.60264 shoemake 2024-10-14 14:48:35 
TT 240 191.0  -3.4 191.0  -3.4 6.86E-03 001.4 162.3 -22.1 7.373371 11.73755 10.61747 shoemake 2024-10-18 12:46:01 
TT 270 198.2  -8.5 198.2  -8.5 5.94E-03 007.3 169.7 -27.7 20.60581 72.31232 10.52725 shoemake 2024-10-28 15:18:56 
TT 270 196.6  -8.1 196.6  -8.1 5.94E-03 001.3 168.0 -27.2 7.446435 8.593584 9.254808 shoemake 2024-10-28 15:42:54 
TT 300 191.3  -9.2 191.3  -9.2 4.29E-03 001.3 162.0 -27.9 3.632898 9.116294 1.650528 shoemake 2024-11-06 18:57:28 
TT 330 194.5 -11.5 194.5 -11.5 2.89E-03 003.8 165.3 -30.4 6.757700 18.06470 3.337958 shoemake 2024-11-15 19:32:06 
TT 360 217.5 -71.3 217.5 -71.3 2.17E-08 066.7 287.5 -86.6 0.000232 0.000102 0.002966 shoemake 2024-11-18 19:06:52 
TT 360 076.7  -6.2 076.7  -6.2 6.60E-10 058.5 049.4   6.6 0.000073 0.000062 0.000030 shoemake 2024-11-19 09:10:53 
TT 360 205.0 -74.2 205.0 -74.2 2.21E-08 050.2 009.9 -86.2 0.000192 0.000105 0.002823 shoemake 2024-11-20 18:26:42 
TT 360 195.1 -13.4 195.1 -13.4 1.26E-03 003.3 165.8 -32.4 1.472409 7.077842 1.613478 shoemake 2024-11-23 00:28:38 
TT 390 191.9 -12.5 191.9 -12.5 1.01E-03 002.2 162.2 -31.2 2.143618 2.975621 1.540754 shoemake 2024-11-25 12:14:16 
TT 420 199.8 -18.9 199.8 -18.9 2.42E-04 002.4 170.8 -38.2 0.550067 0.721132 0.816181 shoemake 2024-11-27 01:22:50 
TT 450 191.8  11.1 191.8  11.1 6.70E-05 007.1 164.6  -7.7 0.250628 0.089868 0.810483 shoemake 2024-12-05 08:26:59 
TT 450 049.5  69.5 049.5  69.5 4.03E-05 027.3 092.9  82.4 1.428119 1.526070 0.154282 shoemake 2025-02-06 06:26:05 
TT 450 052.8  74.0 052.8  74.0 3.82E-05 028.3 125.8  81.6 1.423372 1.493076 0.126365 shoemake 2025-02-07 01:21:40 
TT 450 075.3  27.4 075.3  27.4 2.81E-04 004.6 058.2  39.2 1.645590 3.529230 1.899979 shoemake 2025-02-10 18:19:09 
TT 480 220.4 -53.2 220.4 -53.2 3.51E-05 033.4 205.4 -71.7 1.437689 1.506239 1.305402 shoemake 2025-04-09 23:10:45 
TT 480 211.5  -8.6 211.5  -8.6 5.11E-05 018.2 184.6 -28.0 1.440387 1.507425 0.032403 shoemake 2025-04-15 15:37:52 
