NWFB- 2 mag compass orientation (IGRF corrected)
      0 299.6  52.0   0.0   0.0   1.0
NRM    014.4 -25.8 014.4 -25.8 1.09E-02 002.0 132.2 -73.1 29.01434 23.94336 8.001328 shoemake 2024-07-01 14:03:36 
LN2    015.9 -24.8 015.9 -24.8 1.12E-02 001.6 138.1 -73.2 22.65959 23.10903 7.592253 shoemake 2024-07-11 14:57:30 
TT  70 014.8 -26.1 014.8 -26.1 1.12E-02 001.6 132.6 -73.6 21.80085 22.40380 2.200968 shoemake 2024-07-30 18:18:38 
TT 100 016.1 -25.2 016.1 -25.2 1.06E-02 001.3 137.6 -73.6 15.50427 17.79041 2.259536 shoemake 2024-08-01 11:17:16 
TT 130 015.6 -26.0 015.6 -26.0 7.64E-03 001.2 134.7 -74.0 12.19268 10.81268 1.981454 shoemake 2024-09-07 16:23:09 
TT 160 016.2 -25.8 016.2 -25.8 7.13E-03 002.3 136.7 -74.1 19.46973 20.44179 1.302687 shoemake 2024-09-12 12:56:28 
TT 190 015.1 -26.6 015.1 -26.6 7.10E-03 002.1 132.2 -74.1 20.57415 16.38947 1.841659 shoemake 2024-09-17 12:44:29 
TT 210 017.2 -24.4 017.2 -24.4 3.55E-03 009.5 142.1 -73.5 85.31405 66.38616 363.4579 shoemake 2024-10-10 21:46:34 
TT 210 016.7 -25.2 016.7 -25.2 7.10E-03 001.0 139.4 -73.9 9.678214 7.724432 2.800993 shoemake 2024-10-14 12:50:26 
TT 240 016.7 -25.9 016.7 -25.9 4.03E-03 002.5 137.9 -74.5 11.21952 13.73906 1.546550 shoemake 2024-10-18 10:22:34 
TT 270 017.2 -25.4 017.2 -25.4 3.67E-03 001.8 140.4 -74.3 7.448864 9.386491 1.508998 shoemake 2024-10-26 16:49:35 
TT 300 016.2 -26.1 016.2 -26.1 3.63E-03 001.2 136.2 -74.4 4.558970 6.123500 0.644743 shoemake 2024-11-06 16:28:30 
TT 330 016.3 -26.4 016.3 -26.4 3.33E-03 001.7 135.8 -74.7 6.546346 7.348635 1.434377 shoemake 2024-11-15 17:08:56 
TT 360 016.7 -26.0 016.7 -26.0 2.20E-03 001.6 137.6 -74.6 4.415907 4.303394 0.928437 shoemake 2024-11-18 16:25:50 
TT 360 036.9  51.6 036.9  51.6 5.17E-04 075.7 185.4  -0.1 3.930168 27.23186 226.6406 shoemake 2024-11-22 22:05:39 
TT 360 016.7 -26.0 016.7 -26.0 2.20E-03 001.7 137.6 -74.6 4.436045 4.760452 1.691064 shoemake 2024-11-23 20:37:42 
TT 390 015.8 -27.2 015.8 -27.2 1.62E-03 002.0 132.6 -75.0 3.856934 3.941890 2.025348 shoemake 2024-11-25 08:36:12 
TT 420 013.9 -27.6 013.9 -27.6 2.40E-04 002.1 126.7 -74.1 0.679611 0.551925 0.751422 shoemake 2024-11-26 22:59:21 
TT 450 033.9 -32.5 033.9 -32.5 4.19E-05 002.7 222.1 -82.8 0.145269 0.134433 0.141473 shoemake 2024-12-05 06:02:52 
TT 450 032.4 -33.4 032.4 -33.4 4.47E-05 005.9 217.9 -84.3 0.316315 0.336241 0.121347 shoemake 2025-02-06 02:12:59 
TT 480 016.3 -49.2 016.3 -49.2 4.19E-05 006.4 033.4 -75.9 0.327430 0.353995 0.088150 shoemake 2025-04-09 16:56:24 
TT 510 141.8  -6.1 141.8  -6.1 6.28E-06 030.3 289.8  14.4 0.299201 0.280296 0.131499 shoemake 2025-04-25 20:31:10 
TT 510 145.5   1.4 145.5   1.4 5.99E-06 030.4 286.5  22.1 0.310204 0.277466 0.008169 shoemake 2025-05-01 17:02:20 
