NWFB- 1 mag compass orientation (IGRF corrected)
      0 106.6  12.0   0.0   0.0   1.0
NRM    114.4 -46.3 114.4 -46.3 1.33E-02 004.7 085.1 -46.6 107.5455 19.35364 11.81558 shoemake 2024-07-01 13:44:33 
LN2    115.0 -45.5 115.0 -45.5 6.71E-03 066.2 086.0 -46.0 36.97618 497.8114 515.9602 shoemake 2024-07-11 13:23:31 
LN2    118.9 -45.2 118.9 -45.2 1.34E-02 003.2 089.9 -46.5 70.23053 23.19470 14.79535 shoemake 2024-07-11 14:36:25 
TT  70 119.2 -45.0 119.2 -45.0 1.35E-02 001.8 090.3 -46.4 40.60516 10.68394 9.711974 shoemake 2024-07-30 17:52:10 
TT 100 119.0 -44.6 119.0 -44.6 1.35E-02 002.2 090.3 -45.9 49.63691 14.75800 10.60046 shoemake 2024-08-01 10:55:01 
TT 130 115.6 -41.5 115.6 -41.5 1.50E-02 005.1 088.2 -42.3 132.3652 15.61768 10.77200 shoemake 2024-09-07 15:58:27 
TT 160 117.1 -41.5 117.1 -41.5 1.47E-02 006.3 089.7 -42.6 162.7469 11.80955 8.501104 shoemake 2024-09-12 12:34:16 
TT 190 120.3 -40.4 120.3 -40.4 1.41E-02 003.4 093.2 -42.2 82.51250 10.12802 5.575283 shoemake 2024-09-17 12:22:18 
TT 210 118.3 -40.8 118.3 -40.8 1.40E-02 004.7 091.1 -42.1 113.6347 9.511024 9.689092 shoemake 2024-10-10 19:01:50 
TT 240 121.1 -41.3 121.1 -41.3 4.51E-03 001.5 093.7 -43.2 10.92631 3.889398 3.480890 shoemake 2024-10-18 10:00:18 
TT 270 122.2 -41.8 122.2 -41.8 2.92E-03 002.0 094.6 -43.9 8.709433 4.800878 3.073210 shoemake 2024-10-26 15:41:14 
TT 300 119.2 -43.1 119.2 -43.1 2.94E-03 003.4 091.1 -44.5 17.20515 1.694778 1.317227 shoemake 2024-11-06 16:06:06 
TT 330 121.3 -42.6 121.3 -42.6 2.86E-03 003.9 093.4 -44.5 18.80650 4.087561 3.159649 shoemake 2024-11-15 16:46:40 
TT 360 201.9 -76.3 201.9 -76.3 2.19E-08 073.1 216.4 -87.9 0.000111 0.000050 0.003009 shoemake 2024-11-18 16:03:28 
TT 360 268.3 -48.9 268.3 -48.9 8.33E-10 047.3 265.9 -51.3 0.000051 0.000071 0.000038 shoemake 2024-11-19 08:18:06 
TT 360 115.7 -44.2 115.7 -44.2 1.29E-03 068.5 087.2 -44.9 5.730809 97.52101 97.41357 shoemake 2024-11-20 17:33:55 
TT 360 118.2 -43.5 118.2 -43.5 2.58E-03 001.5 090.0 -44.7 6.221737 3.036653 2.211716 shoemake 2024-11-22 21:43:30 
TT 390 122.6 -43.0 122.6 -43.0 2.30E-03 003.5 094.5 -45.2 12.96823 4.098573 3.771331 shoemake 2024-11-25 08:13:58 
TT 420 126.1 -42.9 126.1 -42.9 1.45E-03 002.5 098.0 -45.8 5.359112 2.513136 2.747118 shoemake 2024-11-26 22:37:12 
TT 450 122.4 -44.8 122.4 -44.8 7.78E-04 002.0 093.6 -46.8 2.047845 1.346987 1.558537 shoemake 2024-12-05 05:40:37 
TT 450 124.3 -44.1 124.3 -44.1 7.86E-04 001.4 095.7 -46.6 1.414663 1.183892 1.086454 shoemake 2025-02-06 01:50:42 
TT 480 118.4 -45.1 118.4 -45.1 1.42E-04 004.1 089.5 -46.3 0.983130 0.276296 0.120673 shoemake 2025-04-09 10:53:48 
TT 510 039.8 -34.9 039.8 -34.9 1.88E-05 006.1 020.7 -23.8 0.175603 0.188707 0.008500 shoemake 2025-04-25 18:43:44 
