NWFB- 3 mag compass orientation (IGRF corrected)
      0 261.6  29.0   0.0   0.0   1.0
NRM    209.4 -42.3 209.4 -42.3 8.61E-03 005.6 028.4 -17.8 38.93304 74.18305 7.521511 shoemake 2024-07-01 14:12:11 
LN2    206.2 -44.4 206.2 -44.4 8.74E-03 004.7 025.4 -19.1 35.38418 61.85519 12.19122 shoemake 2024-07-11 15:07:36 
TT  70 207.5 -48.2 207.5 -48.2 8.83E-03 002.7 025.1 -23.0 15.62180 39.00523 7.495329 shoemake 2024-07-30 18:30:10 
TT 100 198.4 -60.2 198.4 -60.2 9.38E-03 000.9 015.5 -33.0 8.802327 11.42691 9.926855 shoemake 2024-08-01 11:27:02 
TT 130 121.0 -71.0 121.0 -71.0 1.20E-02 002.2 338.5 -46.6 8.253811 41.81234 16.03199 shoemake 2024-09-07 16:37:42 
TT 160 117.0 -71.1 117.0 -71.1 1.20E-02 002.1 337.0 -47.4 8.284093 40.79724 13.73789 shoemake 2024-09-12 13:06:13 
TT 190 115.0 -70.5 115.0 -70.5 1.20E-02 004.6 335.7 -47.3 22.82907 92.86671 16.66467 shoemake 2024-09-17 12:54:14 
TT 210 119.4 -72.8 119.4 -72.8 5.96E-03 021.9 339.4 -48.4 396.2438 149.0299 476.4519 shoemake 2024-10-11 01:15:59 
TT 210 124.0 -72.2 124.0 -72.2 1.20E-02 001.9 340.6 -47.1 14.50230 31.32906 19.54834 shoemake 2024-10-14 12:57:51 
TT 240 124.6 -72.5 124.6 -72.5 8.71E-03 002.6 341.1 -47.3 6.090111 38.36579 11.03698 shoemake 2024-10-18 10:32:34 
TT 270 115.7 -70.6 115.7 -70.6 7.95E-03 003.0 336.1 -47.3 21.21203 35.18406 9.471218 shoemake 2024-10-26 16:58:38 
TT 300 127.2 -73.0 127.2 -73.0 7.75E-03 002.2 342.4 -47.3 5.708287 29.73536 5.751716 shoemake 2024-11-06 16:43:16 
TT 330 121.4 -72.4 121.4 -72.4 6.58E-03 002.1 339.8 -47.7 15.86417 18.00408 7.075320 shoemake 2024-11-15 17:18:48 
TT 360 127.1 -73.5 127.1 -73.5 3.54E-03 002.5 342.8 -47.8 5.470611 13.80684 5.435936 shoemake 2024-11-18 16:35:41 
TT 360 172.4 -29.0 172.4 -29.0 2.35E-03 050.5 000.7   0.0 5.281888 73.44290 276.2990 shoemake 2024-11-22 22:15:24 
TT 360 120.5 -72.4 120.5 -72.4 3.54E-03 001.9 339.5 -47.9 8.731726 6.914807 5.589103 shoemake 2024-11-23 20:40:12 
TT 390 122.2 -72.5 122.2 -72.5 2.18E-03 002.5 340.2 -47.7 5.563767 6.270148 5.374025 shoemake 2024-11-25 08:46:00 
TT 420 100.0 -75.3 100.0 -75.3 9.76E-05 003.3 335.9 -53.8 0.331139 0.374991 0.376457 shoemake 2024-11-26 23:09:08 
TT 450 113.1 -21.0 113.1 -21.0 2.81E-05 002.7 307.0  -4.4 0.041255 0.051215 0.118668 shoemake 2024-12-05 06:12:44 
TT 450 111.5 -22.9 111.5 -22.9 2.81E-05 011.5 306.5  -6.8 0.531637 0.513891 0.022732 shoemake 2025-02-06 02:22:50 
TT 480 089.4 -34.9 089.4 -34.9 4.22E-05 009.0 294.8 -26.5 0.591216 0.550694 0.014693 shoemake 2025-04-09 17:06:13 
TT 510 167.7  -4.6 167.7  -4.6 1.35E-05 022.5 355.7  24.3 0.490998 0.481765 0.067431 shoemake 2025-04-25 20:40:56 
TT 510 170.0  -8.2 170.0  -8.2 1.14E-05 025.5 358.3  20.8 0.480405 0.477343 0.105748 shoemake 2025-05-01 17:16:32 
