NWFB- 1 mag compass orientation (IGRF corrected)
      0 106.6  12.0   0.0   0.0   1.0
NRM    112.8 -49.6 112.8 -49.6 1.22E-02 005.0 082.1 -49.4 103.7365 21.87388 9.683235 shoemake 2024-07-01 13:42:27 
LN2    117.5 -48.8 117.5 -48.8 1.22E-02 006.7 087.0 -49.6 140.9135 22.40374 15.56137 shoemake 2024-07-08 17:14:03 
LN2    115.4 -48.9 115.4 -48.9 1.23E-02 005.2 084.9 -49.3 108.7376 22.43997 11.22137 shoemake 2024-07-11 14:34:15 
TT  70 114.9 -49.1 114.9 -49.1 1.23E-02 004.8 084.3 -49.4 102.6398 13.87390 4.710520 shoemake 2024-07-30 17:49:15 
TT 100 118.5 -47.5 118.5 -47.5 1.25E-02 002.3 088.5 -48.6 49.78368 10.79680 5.715737 shoemake 2024-08-01 10:52:32 
TT 130 119.0 -42.6 119.0 -42.6 1.42E-02 006.3 091.1 -44.0 158.0845 9.557094 7.503039 shoemake 2024-09-07 15:55:57 
TT 160 111.1 -44.2 111.1 -44.2 1.44E-02 003.0 082.8 -43.9 73.27768 15.97858 6.734514 shoemake 2024-09-12 12:31:47 
TT 190 115.7 -41.6 115.7 -41.6 1.45E-02 003.6 088.3 -42.4 90.22253 11.93768 7.839644 shoemake 2024-09-17 12:19:51 
TT 210 117.1 -41.3 117.1 -41.3 1.44E-02 005.3 089.7 -42.4 133.9465 10.23609 8.729016 shoemake 2024-10-10 18:59:25 
TT 240 117.0 -42.7 117.0 -42.7 4.55E-03 003.6 089.1 -43.7 28.04783 3.085195 2.797547 shoemake 2024-10-18 09:57:52 
TT 270 117.5 -43.2 117.5 -43.2 3.13E-03 003.1 089.4 -44.3 15.76192 5.207815 3.241213 shoemake 2024-10-26 15:39:01 
TT 300 122.2 -42.7 122.2 -42.7 3.17E-03 001.1 094.2 -44.8 5.708870 1.913018 1.161778 shoemake 2024-11-06 16:03:40 
TT 330 121.7 -43.0 121.7 -43.0 3.09E-03 001.6 093.6 -45.0 7.195240 4.476466 3.537635 shoemake 2024-11-15 16:44:14 
TT 360 122.3 -43.4 122.3 -43.4 2.86E-03 002.0 094.0 -45.5 9.194893 4.059672 2.603301 shoemake 2024-11-18 16:01:02 
TT 360 122.2 -43.5 122.2 -43.5 2.86E-03 001.6 093.9 -45.5 7.081089 3.479068 2.488036 shoemake 2024-11-22 21:41:04 
TT 390 124.4 -43.3 124.4 -43.3 2.58E-03 001.7 096.2 -45.8 5.187696 4.709220 4.356276 shoemake 2024-11-25 08:11:32 
TT 420 123.0 -43.9 123.0 -43.9 1.76E-03 003.0 094.5 -46.1 8.316671 3.145910 3.199591 shoemake 2024-11-26 22:34:47 
TT 450 120.5 -45.2 120.5 -45.2 1.00E-03 003.0 091.5 -46.8 4.595948 1.727763 1.998435 shoemake 2024-12-05 05:38:10 
TT 450 122.6 -44.3 122.6 -44.3 1.01E-03 001.9 094.0 -46.4 2.817720 1.559203 1.587061 shoemake 2025-02-06 01:48:16 
TT 480 118.0 -46.1 118.0 -46.1 1.43E-04 001.5 088.7 -47.2 0.285669 0.244385 0.106388 shoemake 2025-04-09 10:51:20 
TT 510 042.6 -44.1 042.6 -44.1 1.80E-05 009.0 022.1 -33.1 0.194867 0.251653 0.069372 shoemake 2025-04-25 18:41:13 
