NWFB- 3 mag compass orientation (IGRF corrected)
      0 260.2  29.0   0.0   0.0   1.0
NRM    213.1 -40.3 213.1 -40.3 7.43E-03 003.3 032.9 -17.1 27.98653 31.84267 7.492764 shoemake 2024-07-01 14:14:19 
LN2    211.1 -42.3 211.1 -42.3 7.55E-03 001.7 030.7 -18.5 15.49001 12.79224 11.40523 shoemake 2024-07-11 15:09:47 
TT  70 206.2 -47.6 206.2 -47.6 7.53E-03 005.7 025.4 -22.4 27.78964 69.80180 4.088451 shoemake 2024-07-30 18:33:05 
TT 100 204.7 -58.6 204.7 -58.6 7.95E-03 005.1 020.5 -32.6 19.03687 67.89176 5.483738 shoemake 2024-08-01 11:29:31 
TT 130 137.6 -73.6 137.6 -73.6 1.04E-02 003.1 347.3 -46.4 12.55831 54.97954 5.535358 shoemake 2024-09-07 16:40:09 
TT 160 117.9 -71.2 117.9 -71.2 1.05E-02 001.0 338.0 -47.1 7.437797 17.42419 5.500785 shoemake 2024-09-12 13:08:43 
TT 190 128.3 -73.2 128.3 -73.2 1.05E-02 002.7 343.5 -47.1 10.92511 49.01526 6.447678 shoemake 2024-09-17 12:56:44 
TT 210 143.2 -74.9 143.2 -74.9 1.05E-02 001.1 350.0 -47.0 8.380292 17.71541 6.908767 shoemake 2024-10-11 01:18:53 
TT 240 119.6 -71.7 119.6 -71.7 8.09E-03 001.5 339.1 -47.2 6.688667 19.99299 5.012379 shoemake 2024-10-18 10:35:02 
TT 270 131.1 -73.7 131.1 -73.7 7.42E-03 002.3 344.9 -47.2 18.81160 20.34173 12.61581 shoemake 2024-10-26 17:00:52 
TT 300 127.5 -73.0 127.5 -73.0 7.16E-03 004.0 343.1 -47.1 15.72034 47.89980 2.553838 shoemake 2024-11-06 16:45:48 
TT 330 125.2 -73.2 125.2 -73.2 5.94E-03 003.1 342.4 -47.6 12.94459 29.77835 4.986910 shoemake 2024-11-15 17:21:19 
TT 360 121.6 -73.2 121.6 -73.2 3.10E-03 003.8 341.0 -48.1 6.450662 19.42076 3.250875 shoemake 2024-11-18 16:38:13 
TT 360 173.6 -29.0 173.6 -29.0 2.00E-03 051.9 003.0   0.0 5.834281 73.33211 245.2426 shoemake 2024-11-22 22:17:55 
TT 360 124.6 -73.8 124.6 -73.8 3.09E-03 004.3 342.6 -48.2 6.280227 22.16306 4.012952 shoemake 2024-11-23 20:42:41 
TT 390 128.8 -73.9 128.8 -73.9 1.82E-03 003.4 344.2 -47.7 3.527121 9.947995 3.445362 shoemake 2024-11-25 08:48:31 
TT 420 119.4 -74.2 119.4 -74.2 8.39E-05 002.5 341.1 -49.3 0.245825 0.183511 0.269440 shoemake 2024-11-26 23:11:38 
TT 450 097.0 -29.8 097.0 -29.8 2.13E-05 002.6 299.0 -18.2 0.050594 0.059310 0.075219 shoemake 2024-12-05 06:15:15 
TT 450 093.9 -29.8 093.9 -29.8 2.06E-05 012.7 296.5 -19.6 0.433959 0.412996 0.047366 shoemake 2025-02-06 02:25:22 
TT 480 102.0 -26.6 102.0 -26.6 2.95E-05 010.3 301.4 -13.3 0.491549 0.463597 0.046744 shoemake 2025-04-09 17:08:43 
TT 510 163.1  26.9 163.1  26.9 1.16E-05 025.0 348.8  55.6 0.408420 0.404365 0.018281 shoemake 2025-04-25 20:43:20 
TT 510 159.3  23.8 159.3  23.8 9.85E-06 029.0 343.7  52.1 0.405965 0.396634 0.097964 shoemake 2025-05-01 17:18:52 
