NWFB- 1 mag compass orientation (IGRF corrected)
      0 106.6  12.0   0.0   0.0   1.0
NRM    116.1 -40.7 116.1 -40.7 1.90E-02 001.1 089.0 -41.6 24.53328 28.06929 13.66584 shoemake 2024-07-01 13:50:57 
LN2    111.7 -42.1 111.7 -42.1 1.91E-02 002.4 084.2 -42.0 72.26359 32.03524 18.86229 shoemake 2024-07-11 14:44:25 
TT  70 120.0 -40.1 120.0 -40.1 1.91E-02 002.1 093.0 -41.8 69.94283 16.73911 7.405171 shoemake 2024-07-30 18:00:54 
TT 100 118.0 -40.4 118.0 -40.4 1.91E-02 000.9 091.0 -41.7 26.81084 15.84611 10.54300 shoemake 2024-08-01 11:02:19 
TT 130 111.0 -41.3 111.0 -41.3 1.72E-02 003.0 083.8 -41.1 90.34842 9.480268 11.56891 shoemake 2024-09-07 16:08:14 
TT 160 118.7 -40.2 118.7 -40.2 1.64E-02 006.5 091.7 -41.7 184.8944 15.90020 9.722369 shoemake 2024-09-12 12:41:34 
TT 190 119.1 -40.5 119.1 -40.5 1.58E-02 011.6 092.0 -42.0 323.6542 18.62416 8.002679 shoemake 2024-09-17 12:29:35 
TT 210 119.7 -39.7 119.7 -39.7 1.60E-02 001.9 092.9 -41.4 51.54901 14.82480 11.22125 shoemake 2024-10-10 19:09:09 
TT 240 115.6 -40.7 115.6 -40.7 6.59E-03 003.8 088.5 -41.5 43.65585 5.278727 5.604904 shoemake 2024-10-18 10:07:48 
TT 270 136.0 -12.7 136.0 -12.7 2.21E-03 051.1 116.4 -18.3 117.2189 113.1733 216.0507 shoemake 2024-10-26 16:30:35 
TT 270 177.7  33.8 177.7  33.8 2.30E-03 006.5 163.1  22.4 10.77626 22.19258 10.12732 shoemake 2024-10-28 17:24:23 
TT 270 169.6  31.5 169.6  31.5 2.28E-03 002.9 155.6  20.7 4.982012 5.001370 10.13000 shoemake 2024-10-29 11:12:22 
TT 300 128.5 -33.6 128.5 -33.6 3.07E-03 001.6 103.7 -37.3 8.113302 2.619683 1.456906 shoemake 2024-11-06 16:13:27 
TT 330 122.9 -36.6 122.9 -36.6 3.35E-03 002.1 097.1 -39.0 11.11556 4.610525 3.616854 shoemake 2024-11-15 16:54:00 
TT 360 124.3 -40.3 124.3 -40.3 2.54E-03 001.4 097.2 -42.9 4.950554 3.426774 2.293256 shoemake 2024-11-18 16:10:50 
TT 360 198.6  11.9 198.6  11.9 3.86E-04 079.8 182.0  -0.1 6.570938 195.3637 185.2489 shoemake 2024-11-22 21:50:47 
TT 360 120.7 -41.3 120.7 -41.3 2.55E-03 001.5 093.3 -43.1 5.404684 3.776610 3.050043 shoemake 2024-11-23 20:25:23 
TT 390 124.8 -39.1 124.8 -39.1 2.16E-03 002.0 098.2 -41.9 6.126600 3.681991 3.431473 shoemake 2024-11-25 08:21:18 
TT 420 122.5 -40.8 122.5 -40.8 1.09E-03 002.4 095.3 -43.0 3.938821 1.872416 2.085000 shoemake 2024-11-26 22:44:30 
TT 450 117.6 -41.8 117.6 -41.8 4.63E-04 002.0 090.0 -43.0 1.076927 0.963256 1.032648 shoemake 2024-12-05 05:47:57 
TT 450 116.2 -41.8 116.2 -41.8 4.68E-04 001.7 088.7 -42.7 1.047653 0.968144 0.680892 shoemake 2025-02-06 01:58:02 
TT 480 117.1 -44.2 117.1 -44.2 1.86E-04 006.5 088.6 -45.2 2.118485 0.295321 0.121567 shoemake 2025-04-09 11:01:07 
TT 510 054.2   1.9 054.2   1.9 2.38E-08 058.7 038.5  11.4 0.001627 0.001223 0.002821 shoemake 2025-04-25 20:16:24 
TT 510 285.0 -40.5 285.0 -40.5 7.37E-06 019.1 278.6 -39.8 0.201310 0.204867 0.068263 shoemake 2025-05-01 16:48:01 
