NWFB- 3 mag compass orientation (IGRF corrected)
      0 261.6  29.0   0.0   0.0   1.0
NRM    225.6   5.9 225.6   5.9 8.96E-03 006.0 061.5  21.3 91.43540 25.20864 15.75153 shoemake 2024-07-01 14:18:30 
LN2    228.7   5.0 228.7   5.0 8.97E-03 004.9 064.1  19.2 75.12928 17.72145 14.69783 shoemake 2024-07-11 15:14:13 
TT  70 224.5  -0.5 224.5  -0.5 8.35E-03 009.2 057.6  16.0 103.1251 89.81939 8.909056 shoemake 2024-07-30 18:39:00 
TT  70 229.3   1.6 229.3   1.6 8.38E-03 002.4 063.1  15.8 17.12781 37.64931 9.317020 shoemake 2024-07-31 09:29:03 
TT 100 227.9 -13.4 227.9 -13.4 7.00E-03 003.2 055.4   2.8 18.07030 40.21616 10.33924 shoemake 2024-08-01 11:34:32 
TT 130 182.3 -63.7 182.3 -63.7 7.17E-03 003.5 006.5 -35.0 6.777792 43.40596 9.603997 shoemake 2024-09-07 16:45:09 
TT 160 154.5 -72.4 154.5 -72.4 8.65E-03 003.3 353.5 -43.8 9.478551 48.49962 6.740597 shoemake 2024-09-12 13:13:43 
TT 190 159.0 -72.8 159.0 -72.8 8.66E-03 004.3 355.4 -44.0 11.05104 64.13462 8.699334 shoemake 2024-09-17 13:01:47 
TT 210 151.7 -72.3 151.7 -72.3 8.64E-03 003.8 352.3 -43.9 8.451494 55.90381 8.215925 shoemake 2024-10-11 01:23:49 
TT 240 121.7 -72.1 121.7 -72.1 9.19E-03 000.9 340.2 -47.2 7.065270 12.84218 5.115877 shoemake 2024-10-18 10:39:54 
TT 270 127.7 -73.1 127.7 -73.1 8.62E-03 002.1 343.2 -47.1 21.04660 20.61172 13.80362 shoemake 2024-10-26 17:05:14 
TT 300 130.1 -73.5 130.1 -73.5 8.01E-03 002.9 344.4 -47.2 12.12635 39.46945 2.571120 shoemake 2024-11-06 16:50:50 
TT 330 124.7 -73.2 124.7 -73.2 6.53E-03 003.2 342.2 -47.7 14.82488 33.79702 5.436708 shoemake 2024-11-15 17:26:23 
TT 360 131.5 -74.4 131.5 -74.4 3.40E-03 005.6 345.5 -47.8 8.266468 32.18929 3.746428 shoemake 2024-11-18 17:00:56 
TT 360 172.8 -29.0 172.8 -29.0 2.23E-03 051.2 002.3   0.0 5.681337 74.62321 268.1107 shoemake 2024-11-22 22:22:54 
TT 360 124.7 -73.2 124.7 -73.2 3.41E-03 004.7 342.2 -47.7 8.711890 26.84541 3.767296 shoemake 2024-11-23 20:45:11 
TT 390 127.6 -74.0 127.6 -74.0 1.82E-03 002.4 343.8 -47.9 3.658693 6.566512 3.160341 shoemake 2024-11-25 08:53:32 
TT 420 129.4 -62.9 129.4 -62.9 8.13E-05 003.5 337.9 -37.7 0.140890 0.467249 0.209513 shoemake 2024-11-26 23:16:38 
TT 450 129.3 -19.9 129.3 -19.9 1.39E-05 004.3 321.9   2.7 0.025635 0.054612 0.094638 shoemake 2024-12-05 06:20:16 
TT 450 128.8 -25.0 128.8 -25.0 1.44E-05 022.9 323.1  -2.3 0.538795 0.524850 0.041777 shoemake 2025-02-06 02:30:25 
TT 450 132.1 -25.7 132.1 -25.7 1.43E-05 022.8 326.2  -2.0 0.537837 0.526597 0.040959 shoemake 2025-02-07 00:34:16 
TT 450 129.0 -24.1 129.0 -24.1 1.44E-05 022.5 323.0  -1.4 0.536923 0.528310 0.040039 shoemake 2025-02-10 17:36:44 
TT 450 133.6 -25.4 133.6 -25.4 1.44E-05 022.5 327.4  -1.3 0.536315 0.524763 0.048263 shoemake 2025-02-12 13:24:47 
TT 450 125.5 -16.6 125.5 -16.6 1.35E-05 025.2 317.4   4.6 0.534665 0.527328 0.107265 shoemake 2025-02-21 10:04:40 
TT 480 090.6 -50.5 090.6 -50.5 2.90E-05 012.6 307.2 -38.3 0.539396 0.533169 0.069704 shoemake 2025-04-09 17:13:46 
TT 510 160.1  32.8 160.1  32.8 9.76E-06 036.5 342.3  61.0 0.517475 0.517156 0.025102 shoemake 2025-04-25 20:48:14 
TT 510 166.6  28.5 166.6  28.5 8.47E-06 040.6 354.1  57.4 0.513278 0.519209 0.074657 shoemake 2025-05-01 17:23:38 
