NWFB- 2 mag compass orientation (IGRF corrected)
      0 299.6  52.0   0.0   0.0   1.0
NRM    017.9 -24.8 017.9 -24.8 1.21E-02 002.1 139.6 -73.5 34.81596 26.02379 8.329581 shoemake 2024-07-01 14:07:52 
LN2    017.2 -25.3 017.2 -25.3 1.23E-02 001.9 136.8 -73.5 30.27271 28.59486 5.376808 shoemake 2024-07-11 15:03:20 
TT  70 016.6 -26.4 016.6 -26.4 1.23E-02 002.6 132.8 -74.0 49.82024 27.96487 2.335216 shoemake 2024-07-30 18:24:22 
TT 100 018.3 -25.3 018.3 -25.3 1.15E-02 001.8 139.8 -74.1 32.78798 15.57763 3.351433 shoemake 2024-08-01 11:22:08 
TT 130 016.9 -26.9 016.9 -26.9 8.17E-03 002.7 132.3 -74.6 34.20136 18.25055 7.851917 shoemake 2024-09-07 16:30:07 
TT 160 017.9 -26.2 017.9 -26.2 7.62E-03 002.2 136.6 -74.6 25.46050 13.15186 2.788169 shoemake 2024-09-12 13:01:20 
TT 190 017.0 -26.8 017.0 -26.8 7.60E-03 002.4 132.8 -74.6 28.04983 15.29030 2.733927 shoemake 2024-09-17 12:49:21 
TT 210 018.6 -25.7 018.6 -25.7 7.48E-03 003.8 139.8 -74.6 41.79003 27.40384 3.362566 shoemake 2024-10-10 23:38:02 
TT 240 017.0 -27.3 017.0 -27.3 4.58E-03 002.3 131.6 -75.0 16.42909 7.577036 1.280227 shoemake 2024-10-18 10:27:34 
TT 270 019.1 -26.1 019.1 -26.1 4.17E-03 002.7 140.2 -75.2 13.25877 14.34664 3.735662 shoemake 2024-10-26 16:54:07 
TT 300 018.5 -26.0 018.5 -26.0 4.08E-03 002.1 138.9 -74.8 11.97432 8.884284 1.027535 shoemake 2024-11-06 16:38:17 
TT 330 018.6 -26.5 018.6 -26.5 3.51E-03 002.5 137.9 -75.2 12.27596 9.569370 1.814462 shoemake 2024-11-15 17:13:50 
TT 360 016.7 -27.9 016.7 -27.9 1.04E-03 069.5 129.3 -75.2 18.12035 22.04214 107.2061 shoemake 2024-11-18 16:30:43 
TT 360 020.1  47.4 020.1  47.4 1.09E-09 052.2 173.6  -4.2 0.000075 0.000113 0.000067 shoemake 2024-11-19 08:30:28 
TT 360 210.5 -16.9 210.5 -16.9 2.54E-09 063.4 001.1  35.1 0.000247 0.000377 0.000114 shoemake 2024-11-20 17:46:19 
TT 360 018.3 -25.9 018.3 -25.9 2.08E-03 002.1 138.4 -74.6 6.861522 3.628801 2.120243 shoemake 2024-11-22 22:10:29 
TT 390 019.0 -26.9 019.0 -26.9 1.33E-03 002.5 138.2 -75.8 4.714190 3.281595 2.436010 shoemake 2024-11-25 08:41:04 
TT 420 017.7 -29.9 017.7 -29.9 9.70E-05 004.0 126.0 -77.2 0.638174 0.245207 0.344725 shoemake 2024-11-26 23:04:11 
TT 450 059.4 -36.0 059.4 -36.0 1.82E-05 002.7 274.4 -66.2 0.074551 0.049998 0.071232 shoemake 2024-12-05 06:07:46 
TT 450 055.2 -33.3 055.2 -33.3 2.01E-05 012.1 265.0 -68.7 0.312707 0.317498 0.054830 shoemake 2025-02-06 02:17:52 
TT 480 356.4 -62.3 356.4 -62.3 2.42E-05 073.9 029.1 -58.4 1.203996 0.690259 2.209841 shoemake 2025-04-09 17:01:18 
TT 480 006.1 -66.0 006.1 -66.0 4.89E-05 006.3 018.3 -58.9 0.353403 0.437219 0.037584 shoemake 2025-04-15 15:07:31 
TT 510 194.1 -56.2 194.1 -56.2 4.98E-06 034.4 351.4  -5.1 0.561368 0.229736 0.051330 shoemake 2025-04-25 20:36:05 
TT 510 162.4 -34.1 162.4 -34.1 8.70E-06 023.0 322.4   5.6 0.322331 0.302478 0.036538 shoemake 2025-05-01 17:11:52 
