NWFB- 2 mag compass orientation (IGRF corrected)
      0 299.6  52.0   0.0   0.0   1.0
NRM    016.6 -25.9 016.6 -25.9 9.43E-03 002.8 134.0 -73.7 32.63592 32.80531 6.755830 shoemake 2024-07-01 13:57:22 
LN2    015.8 -26.3 015.8 -26.3 9.65E-03 002.2 131.0 -73.5 26.44930 25.37354 5.148604 shoemake 2024-07-11 14:50:58 
TT  70 016.5 -25.6 016.5 -25.6 9.71E-03 001.3 134.4 -73.4 17.44391 12.29382 2.002981 shoemake 2024-07-30 18:09:49 
TT 100 017.4 -25.2 017.4 -25.2 9.60E-03 002.1 137.6 -73.5 27.03746 23.88254 2.694060 shoemake 2024-08-01 11:09:47 
TT 130 017.4 -24.7 017.4 -24.7 7.49E-03 001.1 138.6 -73.1 12.08318 6.586528 2.925904 shoemake 2024-09-07 16:15:39 
TT 160 017.6 -25.0 017.6 -25.0 7.10E-03 002.1 138.6 -73.5 19.31402 17.10003 2.033201 shoemake 2024-09-12 12:49:01 
TT 190 017.6 -25.1 017.6 -25.1 7.09E-03 003.2 138.2 -73.6 29.68171 26.30671 2.727949 shoemake 2024-09-17 12:37:01 
TT 210 017.6 -24.9 017.6 -24.9 7.07E-03 002.5 138.7 -73.4 23.51842 20.09010 3.189807 shoemake 2024-10-10 19:16:37 
TT 240 017.5 -25.3 017.5 -25.3 3.68E-03 000.8 137.7 -73.7 3.964376 3.055166 1.040737 shoemake 2024-10-18 10:15:11 
TT 270 019.2 -25.2 019.2 -25.2 3.17E-03 002.1 142.4 -74.4 6.712879 10.06524 2.626290 shoemake 2024-10-26 16:37:13 
TT 300 017.9 -25.4 017.9 -25.4 3.16E-03 001.9 138.5 -74.0 6.594805 7.921527 0.400619 shoemake 2024-11-06 16:21:01 
TT 330 017.7 -25.5 017.7 -25.5 3.03E-03 002.7 137.7 -74.0 9.444637 10.61877 1.421266 shoemake 2024-11-15 17:01:33 
TT 360 019.1 -25.9 019.1 -25.9 2.25E-03 002.4 140.8 -75.0 6.649650 6.964976 0.953222 shoemake 2024-11-18 16:18:25 
TT 360 031.9  52.0 031.9  52.0 4.32E-04 077.8 181.4  -0.0 3.719869 41.27742 232.2784 shoemake 2024-11-22 21:58:17 
TT 360 018.9 -26.0 018.9 -26.0 2.25E-03 002.7 139.8 -75.0 7.670861 7.290586 1.703061 shoemake 2024-11-23 20:30:22 
TT 390 016.2 -27.2 016.2 -27.2 1.85E-03 002.2 129.9 -74.4 5.185322 4.885931 2.150741 shoemake 2024-11-25 08:28:49 
TT 420 016.3 -25.4 016.3 -25.4 4.80E-04 002.6 134.3 -73.1 1.806232 1.130616 1.254831 shoemake 2024-11-26 22:51:59 
TT 450 019.7 -28.6 019.7 -28.6 1.35E-04 003.5 135.6 -77.5 0.635936 0.541470 0.381070 shoemake 2024-12-05 05:55:29 
TT 450 019.1 -27.1 019.1 -27.1 1.36E-04 003.6 137.9 -76.0 0.603681 0.603684 0.337149 shoemake 2025-02-06 02:05:34 
TT 480 012.3 -26.2 012.3 -26.2 1.07E-04 004.4 123.9 -71.2 0.651998 0.508312 0.133376 shoemake 2025-04-09 11:08:35 
TT 510 105.2   0.9 105.2   0.9 7.59E-06 019.7 260.3 -10.7 0.252583 0.257577 0.037667 shoemake 2025-04-25 20:23:42 
TT 510 096.9  -4.8 096.9  -4.8 7.81E-06 019.8 259.5 -20.8 0.250738 0.250720 0.060616 shoemake 2025-05-01 16:55:04 
