NWFB- 3 mag compass orientation (IGRF corrected)
      0 261.6  29.0   0.0   0.0   1.0
NRM    220.5  23.0 220.5  23.0 1.29E-02 026.2 065.3  38.8 568.4231 278.5697 20.70619 shoemake 2024-07-01 14:22:38 
NRM    244.2  31.4 244.2  31.4 1.41E-02 004.7 093.3  34.7 111.7431 27.90573 20.03600 shoemake 2024-07-01 14:42:17 
LN2    240.9  27.9 240.9  27.9 1.40E-02 002.6 088.0  33.4 58.97108 19.25376 19.10929 shoemake 2024-07-11 15:18:34 
TT  70 238.8  25.0 238.8  25.0 1.32E-02 002.6 084.3  32.0 56.96873 19.26587 5.558625 shoemake 2024-07-30 18:44:50 
TT 100 243.9  22.8 243.9  22.8 1.06E-02 001.0 087.5  27.7 12.13933 19.48427 7.719501 shoemake 2024-08-01 11:39:30 
TT 130 233.0  -7.8 233.0  -7.8 5.85E-03 003.8 062.3   5.8 24.86555 33.80612 7.341796 shoemake 2024-09-07 16:50:50 
TT 160 208.5 -54.0 208.5 -54.0 5.16E-03 002.0 024.6 -28.9 4.428977 19.55893 7.042613 shoemake 2024-09-12 13:18:40 
TT 190 204.3 -54.9 204.3 -54.9 5.18E-03 005.7 021.6 -29.0 10.53786 51.86450 7.458342 shoemake 2024-09-17 13:06:45 
TT 210 220.8 -50.5 220.8 -50.5 5.15E-03 003.6 034.1 -28.6 11.96515 30.50413 8.550061 shoemake 2024-10-11 01:28:40 
TT 240 149.1 -73.3 149.1 -73.3 7.44E-03 001.1 351.6 -45.1 7.899167 9.207279 8.433733 shoemake 2024-10-18 10:44:48 
TT 270 152.2 -73.3 152.2 -73.3 7.17E-03 003.9 352.8 -44.8 16.66490 44.54838 9.764017 shoemake 2024-10-26 17:09:40 
TT 300 152.2 -73.3 152.2 -73.3 3.23E-03 063.8 352.8 -44.8 242.8847 30.93478 243.2063 shoemake 2024-11-06 16:55:47 
TT 300 147.3 -72.1 147.3 -72.1 3.23E-03 044.8 350.4 -44.0 245.0740 41.78184 239.7495 shoemake 2024-11-11 12:13:04 
TT 300 143.0 -72.4 143.0 -72.4 3.24E-03 059.6 348.8 -44.7 241.5387 48.04099 243.7894 shoemake 2024-11-11 12:32:00 
TT 300 292.9 -25.7 292.9 -25.7 1.05E-09 044.0 105.9 -38.0 0.000087 0.000073 0.000027 shoemake 2024-11-11 13:46:04 
TT 300 150.9 -73.3 150.9 -73.3 3.21E-03 059.3 352.3 -44.9 241.0394 33.01467 242.0088 shoemake 2024-11-11 15:10:31 
TT 300 131.3  14.0 131.3  14.0 1.22E-09 061.5 311.7  35.3 0.000037 0.000191 0.000093 shoemake 2024-11-11 15:31:25 
TT 300 131.6 -71.0 131.6 -71.0 6.39E-03 003.5 343.4 -44.7 15.29063 36.14763 5.049999 shoemake 2024-11-11 15:41:33 
TT 330 156.9 -74.3 156.9 -74.3 2.53E-03 035.1 354.9 -45.6 188.8401 17.82572 193.3311 shoemake 2024-11-15 17:31:18 
TT 330 161.8 -74.4 161.8 -74.4 2.54E-03 061.3 356.8 -45.5 189.8378 11.87352 193.5499 shoemake 2024-11-15 23:16:05 
TT 330 140.7 -72.7 140.7 -72.7 5.07E-03 001.7 348.0 -45.2 7.801091 11.88943 5.558914 shoemake 2024-11-15 23:43:46 
TT 360 047.1  22.7 047.1  22.7 5.74E-09 073.9 230.9   5.4 0.002528 0.001781 0.000083 shoemake 2024-11-18 17:05:51 
TT 360 333.1  21.6 333.1  21.6 7.06E-10 060.0 164.0  -6.2 0.000092 0.000064 0.000072 shoemake 2024-11-19 08:37:55 
TT 360 154.8 -12.2 154.8 -12.2 1.82E-09 056.3 344.3  15.8 0.000165 0.000229 0.000047 shoemake 2024-11-20 17:53:48 
TT 360 149.8 -72.8 149.8 -72.8 2.89E-03 001.5 351.7 -44.5 5.432100 4.815404 3.707320 shoemake 2024-11-22 22:27:47 
TT 390 158.4 -75.4 158.4 -75.4 8.68E-04 024.0 355.7 -46.6 63.57576 5.003724 67.47897 shoemake 2024-11-25 08:58:27 
TT 390 147.8 -73.9 147.8 -73.9 1.73E-03 004.9 351.3 -45.7 3.223876 14.18223 3.358949 shoemake 2024-11-25 12:46:43 
TT 420 174.6 -74.4 174.6 -74.4 9.31E-05 003.4 001.7 -45.4 0.299447 0.339700 0.371203 shoemake 2024-11-26 23:21:30 
TT 450 131.0 -40.0 131.0 -40.0 6.04E-06 056.7 329.8 -15.9 0.536774 0.314055 0.177340 shoemake 2024-12-05 06:25:11 
TT 450 337.5  22.1 337.5  22.1 1.74E-09 050.1 168.2  -6.3 0.000151 0.000165 0.000049 shoemake 2024-12-05 15:36:10 
TT 450 136.6 -47.8 136.6 -47.8 1.18E-05 005.0 336.3 -22.1 0.052987 0.046220 0.080690 shoemake 2024-12-06 00:37:13 
TT 450 032.3  58.8 032.3  58.8 3.94E-09 080.1 204.8  34.2 0.000319 0.000501 0.002562 shoemake 2025-02-06 02:35:19 
TT 450 343.0  42.2 343.0  42.2 2.16E-09 081.2 174.5  13.4 0.000300 0.000380 0.001838 shoemake 2025-02-07 00:39:10 
TT 450 145.7 -50.8 145.7 -50.8 5.48E-06 062.4 343.4 -23.5 0.653051 0.417323 0.236101 shoemake 2025-02-10 17:41:36 
TT 450 138.0 -49.2 138.0 -49.2 5.43E-06 065.5 337.7 -23.2 0.637396 0.434102 0.230838 shoemake 2025-02-12 13:29:40 
TT 450 143.4 -45.4 143.4 -45.4 1.06E-05 034.1 340.5 -18.6 0.569760 0.557609 0.079607 shoemake 2025-02-21 10:09:34 
TT 480 133.4 -77.1 133.4 -77.1 2.58E-05 016.6 348.0 -50.0 0.583371 0.622620 0.042814 shoemake 2025-04-09 17:21:18 
TT 480 128.7 -78.6 128.7 -78.6 1.21E-05 072.1 347.8 -51.8 0.879351 0.418004 1.022764 shoemake 2025-04-15 15:12:31 
TT 480 129.2 -81.9 129.2 -81.9 2.46E-05 017.0 350.8 -54.5 0.580525 0.570669 0.029177 shoemake 2025-04-24 18:13:46 
TT 510 266.1 -14.5 266.1 -14.5 1.79E-05 017.4 087.9 -15.5 0.546663 0.535403 0.012156 shoemake 2025-04-25 20:53:14 
TT 510 269.1 -15.6 269.1 -15.6 1.82E-05 017.5 090.0 -17.9 0.551717 0.530636 0.021736 shoemake 2025-05-01 17:28:29 
