NWFB- 3E 
         61.0  63.0   0.0   0.0   1.0
NRM    035.5 -40.7 035.5 -40.7 8.66E-03 005.7 043.7 -01.1 68.87260 53.29372 10.69002 shoemake 2024-07-01 14:16:25 
LN2    036.8 -42.4 036.8 -42.4 8.73E-03 002.5 042.9 -02.9 13.87838 33.89877 16.54032 shoemake 2024-07-11 15:12:01 
TT  70 041.7 -46.1 041.7 -46.1 8.51E-03 003.5 041.7 -07.9 26.01833 45.73634 7.439682 shoemake 2024-07-30 18:36:03 
TT 100 056.0 -60.9 056.0 -60.9 8.35E-03 000.8 031.5 -21.7 9.518853 12.60184 9.775708 shoemake 2024-08-01 11:32:02 
TT 130 165.6 -72.5 165.6 -72.5 1.07E-02 005.9 353.4 -43.7 11.55634 110.4898 12.69612 shoemake 2024-09-07 16:42:38 
TT 160 175.1 -67.8 175.1 -67.8 1.17E-02 001.4 346.4 -46.4 10.93624 23.71473 14.83240 shoemake 2024-09-12 13:11:13 
TT 190 177.0 -67.4 177.0 -67.4 1.17E-02 003.6 345.2 -46.4 8.368332 72.19818 16.49358 shoemake 2024-09-17 12:59:16 
TT 210 176.5 -67.3 176.5 -67.3 1.16E-02 006.6 345.3 -46.5 15.21873 131.8001 20.21364 shoemake 2024-10-11 01:21:22 
TT 240 187.8 -61.2 187.8 -61.2 1.01E-02 002.8 333.9 -47.4 13.35037 46.83732 10.39798 shoemake 2024-10-18 10:37:28 
TT 270 180.5 -65.4 180.5 -65.4 9.21E-03 003.9 341.8 -47.0 24.73443 56.59626 11.53620 shoemake 2024-10-26 17:03:03 
TT 300 180.6 -65.5 180.6 -65.5 8.75E-03 004.1 341.8 -46.9 10.36128 61.93221 9.274924 shoemake 2024-11-06 16:48:19 
TT 330 179.2 -65.0 179.2 -65.0 7.32E-03 005.1 342.0 -47.6 15.74469 63.24886 8.230973 shoemake 2024-11-15 17:23:51 
TT 360 187.1 -62.0 187.1 -62.0 1.88E-03 062.5 335.2 -47.2 124.0914 57.55628 147.4563 shoemake 2024-11-18 16:40:45 
TT 360 123.8  40.4 123.8  40.4 9.19E-10 062.4 159.5 -16.6 0.000082 0.000093 0.000109 shoemake 2024-11-19 08:35:26 
TT 360 291.6 -51.1 291.6 -51.1 1.68E-09 060.3 337.1  04.7 0.000143 0.000257 0.000086 shoemake 2024-11-20 17:51:18 
TT 360 178.9 -65.4 178.9 -65.4 3.76E-03 001.8 342.5 -47.4 7.752239 7.966393 5.984729 shoemake 2024-11-22 22:20:24 
TT 390 185.8 -65.9 185.8 -65.9 1.04E-03 055.8 340.1 -45.1 73.65824 26.84963 78.45708 shoemake 2024-11-25 08:51:02 
TT 390 178.4 -66.1 178.4 -66.1 2.06E-03 002.8 343.4 -47.1 4.168772 8.511852 4.237698 shoemake 2024-11-25 12:44:13 
TT 420 189.8 -61.5 189.8 -61.5 9.11E-05 004.4 333.5 -46.4 0.180028 0.595510 0.355832 shoemake 2024-11-26 23:14:09 
TT 450 253.6 -30.3 253.6 -30.3 1.08E-05 048.4 303.0 -02.6 0.628816 0.967996 0.056341 shoemake 2024-12-05 06:17:46 
TT 450 258.9 -33.9 258.9 -33.9 2.20E-05 003.5 308.4 -00.6 0.058030 0.077891 0.100488 shoemake 2024-12-05 15:33:40 
TT 450 256.3 -31.0 256.3 -31.0 1.08E-05 050.9 304.8 -00.9 0.768250 1.011756 0.027158 shoemake 2025-02-06 02:27:55 
TT 450 134.2  65.1 134.2  65.1 2.27E-09 081.7 173.5  02.8 0.000325 0.000510 0.002122 shoemake 2025-02-07 00:31:46 
TT 450 253.9 -29.7 253.9 -29.7 2.16E-05 015.6 302.6 -02.0 0.572912 0.546607 0.033145 shoemake 2025-02-10 17:34:14 
TT 480 264.5 -52.1 264.5 -52.1 3.10E-05 012.5 325.8 -07.4 0.590879 0.644371 0.028632 shoemake 2025-04-09 17:11:14 
TT 510 289.6  38.5 289.6  38.5 9.73E-06 037.4 240.8  54.7 0.538500 0.525420 0.049190 shoemake 2025-04-25 20:45:47 
TT 510 282.8  41.5 282.8  41.5 8.53E-06 041.6 236.7  49.2 0.532126 0.522576 0.104240 shoemake 2025-05-01 17:21:13 
