NWFB- 1D 
        177.0   8.0   0.0   0.0   1.0
NRM    186.1 -43.2 186.1 -43.2 1.88E-02 003.3 092.8 -44.2 104.2259 26.05431 12.83893 shoemake 2024-07-01 13:46:40 
LN2    183.2 -43.7 183.2 -43.7 9.46E-03 059.7 089.8 -44.2 17.87738 725.3521 704.5113 shoemake 2024-07-11 13:28:35 
LN2    189.2 -43.1 189.2 -43.1 1.89E-02 004.8 095.9 -44.5 155.0040 34.72043 18.34420 shoemake 2024-07-11 14:38:34 
TT  70 183.1 -43.9 183.1 -43.9 1.89E-02 003.5 089.6 -44.4 116.7824 11.42848 6.155895 shoemake 2024-07-30 17:55:05 
TT 100 185.9 -43.2 185.9 -43.2 1.89E-02 004.5 092.6 -44.1 148.5961 15.85577 8.839048 shoemake 2024-08-01 10:57:26 
TT 130 181.2 -41.6 181.2 -41.6 1.94E-02 004.8 088.3 -41.9 160.5611 13.63006 8.697811 shoemake 2024-09-07 16:00:54 
TT 160 185.6 -41.3 185.6 -41.3 1.89E-02 003.6 092.8 -42.2 117.9030 12.64833 10.72864 shoemake 2024-09-12 12:36:42 
TT 190 188.7 -40.9 188.7 -40.9 1.78E-02 005.1 096.0 -42.2 157.5689 21.21839 8.929331 shoemake 2024-09-17 12:24:44 
TT 210 185.8 -41.2 185.8 -41.2 1.79E-02 001.2 093.0 -42.1 34.44407 13.14863 10.63669 shoemake 2024-10-10 19:04:15 
TT 240 186.6 -42.3 186.6 -42.3 6.18E-03 003.2 093.5 -43.3 33.48231 7.007230 4.437047 shoemake 2024-10-18 10:02:47 
TT 270 189.9 -42.1 189.9 -42.1 4.16E-03 002.5 096.9 -43.6 16.31285 6.089938 5.520883 shoemake 2024-10-26 15:43:28 
TT 300 189.8 -42.6 189.8 -42.6 4.17E-03 003.0 096.7 -44.0 21.44363 2.915543 1.568457 shoemake 2024-11-06 16:08:33 
TT 330 186.1 -42.8 186.1 -42.8 4.06E-03 003.7 092.9 -43.7 25.76119 5.764001 4.314334 shoemake 2024-11-15 16:49:06 
TT 360 329.7  52.1 329.7  52.1 1.13E-09 066.6 235.8  44.5 0.000154 0.000079 0.000112 shoemake 2024-11-18 16:05:55 
TT 360 002.7  15.6 002.7  15.6 9.22E-10 057.0 274.7  14.8 0.000099 0.000066 0.000062 shoemake 2024-11-19 08:20:32 
TT 360 239.6  77.7 239.6  77.7 1.86E-08 073.5 163.9  69.9 0.003552 0.002589 0.002786 shoemake 2024-11-20 17:36:22 
TT 360 190.2 -42.8 190.2 -42.8 3.29E-03 001.0 097.0 -44.3 3.791007 4.037376 2.900555 shoemake 2024-11-22 21:45:56 
TT 390 187.4 -43.2 187.4 -43.2 2.75E-03 004.7 094.1 -44.3 21.68906 5.227853 4.203179 shoemake 2024-11-25 08:16:24 
TT 420 189.1 -43.9 189.1 -43.9 1.64E-03 004.5 095.6 -45.3 12.45097 2.948249 2.860737 shoemake 2024-11-26 22:39:38 
TT 450 183.6 -44.1 183.6 -44.1 7.29E-04 004.7 090.1 -44.6 5.812187 1.384069 1.285019 shoemake 2024-12-05 05:43:03 
TT 450 176.9 -44.8 176.9 -44.8 7.38E-04 002.0 083.2 -44.4 2.215424 1.289496 0.873207 shoemake 2025-02-06 01:53:08 
TT 480 184.3 -42.7 184.3 -42.7 2.11E-04 004.8 091.1 -43.4 1.754447 0.305410 0.168024 shoemake 2025-04-09 10:56:14 
TT 510 121.6 -55.0 121.6 -55.0 1.71E-05 010.1 030.4 -48.2 0.229381 0.231853 0.120215 shoemake 2025-04-25 20:11:32 
