NWFB- 2F 
         98.0  36.0   0.0   0.0   1.0
NRM    171.0 -40.7 171.0 -40.7 1.05E-02 001.7 135.2 -73.1 20.53554 23.58308 6.642872 shoemake 2024-07-01 14:05:43 
LN2    172.2 -40.3 172.2 -40.3 1.07E-02 002.3 138.7 -73.2 28.71670 32.23965 7.026565 shoemake 2024-07-11 14:59:38 
TT  70 171.5 -40.8 171.5 -40.8 1.07E-02 002.1 136.3 -73.3 30.72702 24.41248 3.252804 shoemake 2024-07-30 18:21:30 
TT 100 171.9 -40.5 171.9 -40.5 1.00E-02 001.0 137.6 -73.3 14.69962 9.914864 3.601760 shoemake 2024-08-01 11:19:42 
TT 130 172.5 -40.7 172.5 -40.7 7.12E-03 001.2 138.5 -73.7 13.51906 5.800019 2.522485 shoemake 2024-09-07 16:25:37 
TT 160 171.7 -41.3 171.7 -41.3 6.67E-03 000.7 135.6 -73.8 5.021573 6.698228 1.253996 shoemake 2024-09-12 12:58:54 
TT 190 173.4 -40.4 173.4 -40.4 6.65E-03 000.8 141.2 -73.7 7.348368 5.080622 1.411287 shoemake 2024-09-17 12:46:55 
TT 210 051.0  09.7 051.0  09.7 1.90E-09 086.0 055.6  31.8 0.000841 0.000805 0.012730 shoemake 2024-10-10 21:49:46 
TT 210 174.3 -41.0 174.3 -41.0 3.32E-03 078.3 142.5 -74.6 75.06607 57.77579 342.2785 shoemake 2024-10-14 12:52:53 
TT 210 173.6 -40.5 173.6 -40.5 6.64E-03 001.6 141.5 -73.9 8.551873 16.86352 2.650691 shoemake 2024-10-14 14:14:47 
TT 240 174.2 -40.8 174.2 -40.8 3.84E-03 001.7 142.7 -74.3 7.980467 7.901322 0.959352 shoemake 2024-10-18 10:25:02 
TT 270 170.7 -42.1 170.7 -42.1 1.74E-03 080.0 131.9 -74.1 34.81965 38.60943 179.3702 shoemake 2024-10-26 16:51:51 
TT 270 174.7 -40.9 174.7 -40.9 3.44E-03 001.8 143.7 -74.6 7.677921 7.676436 2.322693 shoemake 2024-10-28 17:29:26 
TT 300 172.9 -41.2 172.9 -41.2 3.42E-03 001.4 138.7 -74.2 5.940420 5.793191 0.556046 shoemake 2024-11-06 16:35:50 
TT 330 171.8 -42.2 171.8 -42.2 3.03E-03 002.3 134.0 -74.6 8.948622 8.043007 1.447621 shoemake 2024-11-15 17:11:24 
TT 360 171.7 -42.1 171.7 -42.1 9.58E-04 065.2 134.1 -74.5 19.14249 19.77188 98.71298 shoemake 2024-11-18 16:28:16 
TT 360 195.2  46.6 195.2  46.6 4.60E-10 069.7 186.0  09.0 0.000064 0.000081 0.000023 shoemake 2024-11-19 08:28:03 
TT 360 174.4 -40.1 174.4 -40.1 9.59E-04 060.4 144.3 -73.8 23.37563 16.89429 98.44848 shoemake 2024-11-20 17:43:53 
TT 360 172.2 -41.3 172.2 -41.3 1.92E-03 001.9 136.7 -74.0 5.239826 3.484620 1.518033 shoemake 2024-11-22 22:08:03 
TT 390 173.2 -42.0 173.2 -42.0 1.35E-03 002.5 137.6 -75.1 4.860530 3.479428 2.186465 shoemake 2024-11-25 08:38:38 
TT 420 175.1 -43.9 175.1 -43.9 1.22E-04 002.8 138.5 -77.3 0.435113 0.426259 0.359569 shoemake 2024-11-26 23:01:46 
TT 450 217.0 -51.7 217.0 -51.7 2.19E-05 002.2 275.3 -71.7 0.052682 0.048537 0.119009 shoemake 2024-12-05 06:05:19 
TT 450 216.8 -49.6 216.8 -49.6 1.05E-05 014.2 268.9 -71.0 0.209747 0.425356 1.065368 shoemake 2025-02-06 02:15:26 
TT 480 090.3 -75.1 090.3 -75.1 2.13E-05 070.1 023.4 -49.9 1.361292 0.626089 1.808614 shoemake 2025-04-09 16:58:50 
TT 480 106.1 -68.9 106.1 -68.9 4.33E-05 005.2 035.3 -52.1 0.295393 0.308256 0.051513 shoemake 2025-04-15 15:05:05 
TT 510 350.6 -00.7 350.6 -00.7 8.98E-06 020.7 340.5  33.7 0.264599 0.279477 0.089838 shoemake 2025-04-25 20:33:38 
TT 510 347.6  07.4 347.6  07.4 8.97E-06 020.1 334.6  40.9 0.267897 0.257116 0.006700 shoemake 2025-05-01 17:09:29 
