NWFB- 2D 
         98.0  36.0   0.0   0.0   1.0
NRM    172.4 -41.3 172.4 -41.3 1.12E-02 001.6 137.2 -74.1 23.86624 21.77390 9.125964 shoemake 2024-07-01 14:01:31 
LN2    173.6 -40.5 173.6 -40.5 1.15E-02 001.8 141.5 -73.9 23.88258 27.19142 8.166896 shoemake 2024-07-11 14:55:21 
TT  70 171.7 -41.8 171.7 -41.8 1.15E-02 002.0 134.7 -74.2 33.01157 21.54445 9.071428 shoemake 2024-07-30 18:15:44 
TT 100 173.7 -40.8 173.7 -40.8 1.10E-02 001.5 141.2 -74.2 24.31784 13.75457 4.555929 shoemake 2024-08-01 11:14:48 
TT 130 171.7 -41.8 171.7 -41.8 8.06E-03 002.4 134.8 -74.3 29.14978 16.46128 3.184575 shoemake 2024-09-07 16:20:40 
TT 160 173.5 -40.6 173.5 -40.6 7.54E-03 002.5 141.1 -73.9 26.64551 20.10842 3.282337 shoemake 2024-09-12 12:54:00 
TT 190 172.9 -41.5 172.9 -41.5 7.51E-03 001.6 138.0 -74.5 18.13134 9.326106 3.623441 shoemake 2024-09-17 12:42:01 
TT 210 175.5 -40.5 175.5 -40.5 7.53E-03 003.8 146.3 -74.5 30.97495 38.56889 3.874810 shoemake 2024-10-10 19:21:27 
TT 240 173.4 -41.1 173.4 -41.1 4.09E-03 001.1 140.0 -74.3 5.920877 4.808869 0.932862 shoemake 2024-10-18 10:20:06 
TT 270 173.2 -41.7 173.2 -41.7 3.62E-03 001.7 138.4 -74.8 8.664912 7.092087 1.817678 shoemake 2024-10-26 16:47:22 
TT 300 173.7 -41.8 173.7 -41.8 3.59E-03 000.7 139.4 -75.1 3.062779 3.100471 0.527765 shoemake 2024-11-06 16:26:03 
TT 330 173.2 -41.9 173.2 -41.9 3.36E-03 001.7 138.1 -75.0 6.761701 7.018259 1.588346 shoemake 2024-11-15 17:06:29 
TT 360 174.3 -41.6 174.3 -41.6 2.38E-03 001.6 141.3 -75.1 4.975284 4.622663 0.797222 shoemake 2024-11-18 16:23:22 
TT 360 185.7  35.9 185.7  35.9 4.68E-04 077.6 179.2 -00.1 3.978226 39.83638 245.7107 shoemake 2024-11-22 22:03:13 
TT 360 173.7 -41.8 173.7 -41.8 2.38E-03 001.7 139.3 -75.1 5.193595 5.034673 1.592540 shoemake 2024-11-23 20:35:17 
TT 390 172.6 -42.7 172.6 -42.7 1.81E-03 002.0 134.9 -75.4 4.652625 4.423008 1.992766 shoemake 2024-11-25 08:33:46 
TT 420 175.3 -42.2 175.3 -42.2 3.65E-04 002.6 142.8 -76.0 1.300781 1.039396 1.085764 shoemake 2024-11-26 22:56:55 
TT 450 184.7 -50.8 184.7 -50.8 6.04E-05 002.3 157.6 -86.6 0.192732 0.151546 0.165220 shoemake 2024-12-05 06:00:26 
TT 450 184.3 -50.7 184.3 -50.7 6.42E-05 004.6 154.5 -86.4 0.359366 0.378102 0.132776 shoemake 2025-02-06 02:10:32 
TT 480 190.7 -51.1 190.7 -51.1 5.88E-05 004.7 221.1 -86.2 0.327729 0.351180 0.127203 shoemake 2025-04-09 16:53:55 
TT 510 292.8 -12.8 292.8 -12.8 9.60E-06 018.9 290.4 -01.2 0.304115 0.304188 0.073202 shoemake 2025-04-25 20:28:39 
TT 510 290.8 -14.5 290.8 -14.5 9.24E-06 021.5 289.8 -03.7 0.355137 0.297870 0.007896 shoemake 2025-05-01 16:59:53 
