NWFB- 1H 
        177.0   8.0   0.0   0.0   1.0
NRM    198.7 -38.4 198.7 -38.4 1.75E-02 001.3 106.7 -41.1 31.71305 23.64682 14.76506 shoemake 2024-07-01 13:55:15 
LN2    184.6 -40.7 184.6 -40.7 1.76E-02 003.3 091.9 -41.5 98.63241 27.56349 15.72212 shoemake 2024-07-11 14:48:46 
TT  70 184.3 -40.5 184.3 -40.5 1.76E-02 004.9 091.7 -41.2 149.9042 17.10260 11.48507 shoemake 2024-07-30 18:06:49 
TT 100 188.6 -40.0 188.6 -40.0 1.74E-02 007.6 096.1 -41.3 229.3048 34.34461 11.87959 shoemake 2024-08-01 11:07:16 
TT 130 177.5 -41.5 177.5 -41.5 7.40E-03 053.6 084.7 -41.3 55.36526 592.0565 521.5702 shoemake 2024-09-07 16:13:10 
TT 130 184.3 -40.3 184.3 -40.3 7.41E-03 025.9 091.8 -41.0 20.42807 597.6983 520.1416 shoemake 2024-09-07 21:08:29 
TT 130 184.2 -39.9 184.2 -39.9 7.43E-03 065.3 091.8 -40.7 20.19569 602.4219 517.6057 shoemake 2024-09-07 21:17:36 
TT 160 184.5 -40.5 184.5 -40.5 1.40E-02 006.2 091.9 -41.2 152.3356 13.68986 6.704643 shoemake 2024-09-12 12:46:30 
TT 190 187.0 -40.0 187.0 -40.0 1.40E-02 003.2 094.5 -41.1 77.83610 13.29378 7.368514 shoemake 2024-09-17 12:34:31 
TT 210 185.0 -40.3 185.0 -40.3 1.38E-02 006.7 092.5 -41.1 160.5850 14.89016 8.054098 shoemake 2024-10-10 19:14:09 
TT 240 179.3 -41.7 179.3 -41.7 6.63E-03 001.9 086.4 -41.7 21.82593 4.765114 3.884949 shoemake 2024-10-18 10:12:46 
TT 270 189.5 -40.9 189.5 -40.9 3.88E-03 002.8 096.8 -42.3 17.65203 5.387909 8.460512 shoemake 2024-10-26 16:35:02 
TT 300 185.7 -41.6 185.7 -41.6 3.98E-03 002.3 092.8 -42.5 15.34664 3.842093 2.193459 shoemake 2024-11-06 16:18:29 
TT 330 194.5 -40.0 194.5 -40.0 1.91E-03 026.4 102.1 -42.2 31.89261 147.8427 137.0359 shoemake 2024-11-15 16:59:01 
TT 330 188.5 -40.9 188.5 -40.9 1.91E-03 061.2 095.8 -42.2 15.74927 150.8287 137.2342 shoemake 2024-11-15 23:13:27 
TT 330 187.3 -40.4 187.3 -40.4 3.82E-03 002.8 094.8 -41.5 16.71925 6.713156 4.840764 shoemake 2024-11-15 23:41:08 
TT 360 269.6 -80.9 269.6 -80.9 2.25E-08 064.7 210.3 -88.5 0.000134 0.000067 0.002935 shoemake 2024-11-18 16:15:53 
TT 360 011.1  12.3 011.1  12.3 1.41E-09 048.7 283.6  13.3 0.000074 0.000087 0.000057 shoemake 2024-11-19 08:25:29 
TT 360 131.3 -51.6 131.3 -51.6 3.00E-09 043.2 039.4 -44.4 0.000136 0.000065 0.000243 shoemake 2024-11-20 17:41:19 
TT 360 183.3 -42.9 183.3 -42.9 2.34E-03 001.6 090.1 -43.4 5.938465 2.990477 2.189002 shoemake 2024-11-22 21:55:47 
TT 390 186.2 -41.8 186.2 -41.8 1.94E-03 003.1 093.3 -42.8 9.249091 3.772186 3.268861 shoemake 2024-11-25 08:26:18 
TT 420 186.2 -42.1 186.2 -42.1 7.99E-04 001.7 093.2 -43.0 1.249301 1.508736 1.641451 shoemake 2024-11-26 22:49:30 
TT 450 190.8 -42.5 190.8 -42.5 1.53E-04 024.5 097.7 -44.1 1.583897 11.62472 11.36347 shoemake 2024-12-05 05:52:58 
TT 450 186.7 -42.9 186.7 -42.9 1.52E-04 025.6 093.5 -43.9 0.753550 11.68118 11.25653 shoemake 2024-12-05 15:31:03 
TT 450 187.8 -41.8 187.8 -41.8 3.05E-04 002.3 094.8 -43.0 0.779260 0.689123 0.772993 shoemake 2024-12-06 00:34:34 
TT 450 243.9  72.5 243.9  72.5 5.28E-09 082.2 164.7  63.9 0.000307 0.000587 0.002332 shoemake 2025-02-06 02:03:03 
TT 450 249.0  12.6 249.0  12.6 1.34E-09 083.7 163.6  04.6 0.000398 0.000441 0.001979 shoemake 2025-02-07 00:29:06 
TT 450 181.4 -42.6 181.4 -42.6 3.09E-04 001.4 088.3 -42.8 0.489251 0.557810 0.420259 shoemake 2025-02-10 17:31:34 
TT 480 184.2 -40.6 184.2 -40.6 1.34E-04 063.3 091.5 -41.3 0.334478 10.76486 9.476505 shoemake 2025-04-09 11:06:04 
TT 480 184.7 -40.0 184.7 -40.0 2.69E-04 002.9 092.2 -40.8 1.242261 0.473817 0.333068 shoemake 2025-04-15 15:02:33 
TT 510 081.6 -28.1 081.6 -28.1 4.02E-06 037.2 356.1 -20.2 0.415650 0.132667 0.151345 shoemake 2025-04-25 20:21:15 
TT 510 076.2 -31.1 076.2 -31.1 7.95E-06 017.2 351.1 -23.2 0.184994 0.228767 0.035054 shoemake 2025-05-01 16:52:42 
