NWFB- 3D 
         61.0  63.0   0.0   0.0   1.0
NRM    048.6 -58.1 048.6 -58.1 7.43E-03 003.3 032.9 -17.1 27.98653 31.84267 7.492764 shoemake 2024-07-01 14:14:19 
LN2    049.5 -60.6 049.5 -60.6 7.55E-03 001.7 030.7 -18.5 15.49001 12.79224 11.40523 shoemake 2024-07-11 15:09:47 
TT  70 054.1 -66.5 054.1 -66.5 7.53E-03 005.7 025.4 -22.4 27.78964 69.80180 4.088451 shoemake 2024-07-30 18:33:05 
TT 100 082.2 -71.4 082.2 -71.4 7.95E-03 005.1 020.5 -32.6 19.03687 67.89176 5.483738 shoemake 2024-08-01 11:29:31 
TT 130 173.9 -68.2 173.9 -68.2 1.04E-02 003.1 347.3 -46.4 12.55831 54.97954 5.535358 shoemake 2024-09-07 16:40:09 
TT 160 184.5 -63.5 184.5 -63.5 1.05E-02 001.0 338.0 -47.1 7.437797 17.42419 5.500785 shoemake 2024-09-12 13:08:43 
TT 190 178.2 -66.1 178.2 -66.1 1.05E-02 002.7 343.5 -47.1 10.92511 49.01526 6.447678 shoemake 2024-09-17 12:56:44 
TT 210 168.6 -68.5 168.6 -68.5 1.05E-02 001.1 350.0 -47.0 8.380292 17.71541 6.908767 shoemake 2024-10-11 01:18:53 
TT 240 183.1 -64.0 183.1 -64.0 8.09E-03 001.5 339.1 -47.2 6.688667 19.99299 5.012379 shoemake 2024-10-18 10:35:02 
TT 270 176.2 -66.6 176.2 -66.6 7.42E-03 002.3 344.9 -47.2 18.81160 20.34173 12.61581 shoemake 2024-10-26 17:00:52 
TT 300 178.7 -65.9 178.7 -65.9 7.16E-03 004.0 343.1 -47.1 15.72034 47.89980 2.553838 shoemake 2024-11-06 16:45:48 
TT 330 178.9 -65.2 178.9 -65.2 5.94E-03 003.1 342.4 -47.6 12.94459 29.77835 4.986910 shoemake 2024-11-15 17:21:19 
TT 360 179.6 -64.2 179.6 -64.2 3.10E-03 003.8 341.0 -48.1 6.450662 19.42076 3.250875 shoemake 2024-11-18 16:38:13 
TT 360 336.3 -62.8 336.3 -62.8 2.00E-03 051.9 003.0  00.0 5.834281 73.33211 245.2426 shoemake 2024-11-22 22:17:55 
TT 360 177.6 -64.8 177.6 -64.8 3.09E-03 004.3 342.6 -48.2 6.280227 22.16306 4.012952 shoemake 2024-11-23 20:42:41 
TT 390 176.3 -65.9 176.3 -65.9 1.82E-03 003.4 344.2 -47.7 3.527121 9.947995 3.445362 shoemake 2024-11-25 08:48:31 
TT 420 177.8 -63.4 177.8 -63.4 8.39E-05 002.5 341.1 -49.3 0.245825 0.183511 0.269440 shoemake 2024-11-26 23:11:38 
TT 450 234.9 -33.6 234.9 -33.6 2.13E-05 002.6 299.0 -18.2 0.050594 0.059310 0.075219 shoemake 2024-12-05 06:15:15 
TT 450 232.4 -31.8 232.4 -31.8 2.06E-05 012.7 296.5 -19.6 0.433959 0.412996 0.047366 shoemake 2025-02-06 02:25:22 
TT 480 241.5 -33.8 241.5 -33.8 2.95E-05 010.3 301.4 -13.3 0.491549 0.463597 0.046744 shoemake 2025-04-09 17:08:43 
TT 510 323.4 -06.9 323.4 -06.9 1.16E-05 025.0 348.8  55.6 0.408420 0.404365 0.018281 shoemake 2025-04-25 20:43:20 
TT 510 319.7 -09.6 319.7 -09.6 9.85E-06 029.0 343.7  52.1 0.405965 0.396634 0.097964 shoemake 2025-05-01 17:18:52 
