WBE-A- 1C 
         91.0  21.0   0.0   0.0   1.0
NRM    152.7 -34.4 152.7 -34.4 4.20E-04 001.8 142.2 -52.2 0.729149 0.900129 0.926751 shoemake 2024-06-28 15:37:24 
LN2    156.9 -36.6 156.9 -36.6 5.04E-04 002.2 146.9 -55.2 1.420714 1.513494 0.135846 shoemake 2024-07-08 15:43:29 
LN2    157.6 -37.4 157.6 -37.4 5.08E-04 002.1 147.5 -56.2 1.166436 1.325559 0.999066 shoemake 2024-07-11 18:15:17 
TT  70 158.6 -38.4 158.6 -38.4 5.19E-04 002.3 148.5 -57.3 1.378315 1.477693 0.652767 shoemake 2024-07-30 16:35:39 
TT 100 158.8 -37.9 158.8 -37.9 5.09E-04 002.2 149.0 -56.9 1.311556 1.324398 0.677981 shoemake 2024-08-01 09:49:30 
TT 130 159.8 -37.8 159.8 -37.8 5.05E-04 003.4 150.4 -57.0 1.889427 2.239408 0.670912 shoemake 2024-09-07 18:45:07 
TT 160 161.0 -38.0 161.0 -38.0 5.07E-04 003.2 152.1 -57.3 1.670071 2.233583 0.645865 shoemake 2024-09-12 14:44:56 
TT 190 159.9 -38.4 159.9 -38.4 5.12E-04 001.2 150.3 -57.6 0.880999 0.497351 0.378993 shoemake 2024-09-17 16:20:12 
TT 210 161.2 -38.1 161.2 -38.1 5.15E-04 002.5 152.3 -57.5 1.669266 1.399533 0.753518 shoemake 2024-10-11 03:18:52 
TT 240 162.2 -39.1 162.2 -39.1 4.52E-04 001.8 153.4 -58.7 0.798185 1.165652 0.387669 shoemake 2024-10-18 12:11:22 
TT 270 159.3 -40.9 159.3 -40.9 4.29E-04 002.5 148.4 -59.9 1.204283 1.377303 0.438929 shoemake 2024-10-27 10:55:01 
TT 300 159.0 -40.6 159.0 -40.6 4.30E-04 001.9 148.0 -59.6 0.817065 1.183907 0.089095 shoemake 2024-11-06 18:22:57 
TT 330 157.9 -36.2 157.9 -36.2 3.43E-04 001.9 148.5 -55.1 0.748214 0.829835 0.297495 shoemake 2024-11-15 18:57:44 
TT 360 160.3 -34.2 160.3 -34.2 5.72E-05 019.0 152.4 -53.6 3.224210 1.686936 4.917795 shoemake 2024-11-18 18:32:36 
TT 360 036.3 -48.2 036.3 -48.2 8.05E-10 051.1 027.4 -27.0 0.000068 0.000087 0.000054 shoemake 2024-11-19 09:05:44 
TT 360 014.2  02.4 014.2  02.4 1.73E-09 075.2 015.7  21.4 0.000236 0.000069 0.000062 shoemake 2024-11-20 18:21:36 
TT 360 160.4 -36.8 160.4 -36.8 1.16E-04 001.9 151.6 -56.1 0.316886 0.218297 0.136888 shoemake 2024-11-22 23:53:56 
TT 390 142.2 -35.2 142.2 -35.2 3.39E-05 002.8 128.7 -50.4 0.114031 0.108574 0.129705 shoemake 2024-11-25 11:39:46 
TT 420 299.5  61.1 299.5  61.1 1.66E-05 005.6 257.9  64.6 0.125586 0.056231 0.174107 shoemake 2024-11-27 00:47:58 
TT 450 249.0  19.6 249.0  19.6 1.82E-05 001.7 243.9  11.2 0.024506 0.051170 0.045559 shoemake 2024-12-05 07:52:16 
TT 450 286.9 -04.5 286.9 -04.5 9.23E-06 018.6 287.6  01.9 0.308877 0.285658 0.025967 shoemake 2025-02-06 05:51:28 
TT 450 288.1 -01.8 288.1 -01.8 9.74E-06 017.8 287.9  04.8 0.309368 0.286307 0.023983 shoemake 2025-02-07 01:01:54 
TT 450 287.7 -03.9 287.7 -03.9 9.77E-06 017.0 288.2  02.7 0.295070 0.285599 0.029152 shoemake 2025-02-10 17:59:24 
TT 450 282.9 -05.5 282.9 -05.5 9.81E-06 016.7 284.3 -00.5 0.294248 0.287930 0.031998 shoemake 2025-02-12 13:35:09 
TT 450 284.6 -11.1 284.6 -11.1 8.92E-06 019.1 287.7 -05.1 0.301464 0.287904 0.016207 shoemake 2025-02-21 10:15:03 
