WBE-A- 2B 
        170.0   8.0   0.0   0.0   1.0
NRM    172.9 -29.3 172.9 -29.3 1.48E-02 004.3 089.6 -29.6 110.4833 14.87042 12.92221 shoemake 2024-06-28 15:52:18 
LN2    166.0 -30.4 166.0 -30.4 1.48E-02 001.2 082.7 -29.7 16.93623 21.26061 19.01250 shoemake 2024-07-08 16:00:12 
LN2    165.2 -30.8 165.2 -30.8 1.48E-02 001.5 081.8 -30.0 26.64164 19.16878 20.43208 shoemake 2024-07-11 18:30:16 
TT  70 167.2 -30.5 167.2 -30.5 1.49E-02 001.9 083.9 -30.0 46.61932 12.29707 8.697426 shoemake 2024-07-30 16:56:17 
TT 100 168.9 -30.0 168.9 -30.0 1.48E-02 001.1 085.6 -29.7 26.84666 9.977482 11.20089 shoemake 2024-08-01 10:06:50 
TT 130 176.8 -28.7 176.8 -28.7 1.33E-02 006.1 093.7 -29.6 142.6779 8.163264 11.35023 shoemake 2024-09-07 19:02:06 
TT 160 165.4 -30.3 165.4 -30.3 1.24E-02 001.1 082.1 -29.5 21.37431 8.031440 7.880697 shoemake 2024-09-12 15:02:07 
TT 190 173.4 -29.2 173.4 -29.2 1.24E-02 002.2 090.2 -29.5 46.17918 8.325805 8.746838 shoemake 2024-09-17 16:37:24 
TT 210 175.5 -28.9 175.5 -28.9 1.24E-02 001.9 092.3 -29.5 38.28794 8.598769 11.04305 shoemake 2024-10-11 03:36:09 
TT 240 170.0 -29.7 170.0 -29.7 1.11E-02 000.8 086.8 -29.6 11.94382 7.249452 9.997463 shoemake 2024-10-18 12:28:42 
TT 270 164.3 -30.3 164.3 -30.3 9.86E-03 007.4 081.0 -29.4 119.0053 38.98528 54.41400 shoemake 2024-10-27 11:36:52 
TT 300 168.8 -29.8 168.8 -29.8 9.84E-03 004.2 085.5 -29.5 71.41208 6.918358 3.563865 shoemake 2024-11-06 18:40:15 
TT 330 172.0 -29.7 172.0 -29.7 8.09E-03 005.1 088.7 -29.8 71.25914 8.574544 8.589704 shoemake 2024-11-15 19:14:57 
TT 360 174.4 -29.4 174.4 -29.4 6.00E-03 005.6 091.1 -29.8 58.73796 6.040099 6.422868 shoemake 2024-11-18 18:49:45 
TT 360 262.2  07.8 262.2  07.8 1.85E-04 085.3 183.4 -00.2 24.35859 558.4399 321.6528 shoemake 2024-11-23 00:11:15 
TT 360 170.4 -30.0 170.4 -30.0 5.99E-03 005.8 087.1 -29.9 60.09354 8.328622 8.003253 shoemake 2024-11-23 21:59:09 
TT 390 174.1 -29.4 174.1 -29.4 5.06E-03 001.9 090.8 -29.9 13.74752 6.321995 8.218901 shoemake 2024-11-25 11:57:04 
TT 420 176.7 -29.5 176.7 -29.5 2.28E-03 003.6 093.4 -30.3 13.39234 3.302024 4.913242 shoemake 2024-11-27 01:05:18 
TT 450 163.0 -30.6 163.0 -30.6 1.40E-03 002.5 079.7 -29.5 5.481928 2.116797 2.358244 shoemake 2024-12-05 08:09:42 
TT 450 167.8 -29.9 167.8 -29.9 1.42E-03 002.7 084.5 -29.4 6.372172 1.876608 1.784400 shoemake 2025-02-06 06:08:47 
TT 480 168.2 -29.4 168.2 -29.4 5.97E-04 004.0 085.1 -29.0 4.089308 0.871856 0.290969 shoemake 2025-04-09 22:53:36 
TT 510 167.8 -28.6 167.8 -28.6 5.84E-04 002.4 084.8 -28.1 2.405484 0.783421 0.371145 shoemake 2025-04-25 22:16:42 
