WBE-A- 1B 
         91.0  21.0   0.0   0.0   1.0
NRM    151.1 -29.6 151.1 -29.6 3.49E-04 002.3 142.2 -47.3 0.687551 1.057915 0.839772 shoemake 2024-06-28 15:35:19 
LN2    154.9 -36.0 154.9 -36.0 4.11E-04 002.2 144.5 -54.3 1.137822 1.201499 0.177987 shoemake 2024-07-08 15:41:16 
LN2    160.4 -35.8 160.4 -35.8 4.15E-04 005.1 152.1 -55.1 1.788104 3.184063 0.751963 shoemake 2024-07-11 18:13:10 
TT  70 160.4 -37.6 160.4 -37.6 4.23E-04 001.8 151.4 -56.9 0.677498 1.073612 0.507274 shoemake 2024-07-30 16:32:44 
TT 100 160.3 -37.3 160.3 -37.3 4.15E-04 001.2 151.4 -56.6 0.450023 0.715002 0.510915 shoemake 2024-08-01 09:47:04 
TT 130 163.3 -37.3 163.3 -37.3 4.03E-04 003.5 155.7 -57.0 1.301332 2.038136 0.633882 shoemake 2024-09-07 18:40:21 
TT 160 158.7 -38.1 158.7 -38.1 4.09E-04 002.8 148.8 -57.0 1.228563 1.558411 0.219813 shoemake 2024-09-12 14:42:26 
TT 190 162.0 -37.9 162.0 -37.9 4.10E-04 003.7 153.6 -57.4 1.410962 2.223644 0.262585 shoemake 2024-09-17 16:17:43 
TT 210 161.7 -37.8 161.7 -37.8 4.12E-04 002.3 153.2 -57.3 1.188202 1.063628 0.636014 shoemake 2024-10-11 03:16:26 
TT 240 164.2 -37.5 164.2 -37.5 3.61E-04 001.4 156.8 -57.4 0.283872 0.793752 0.444529 shoemake 2024-10-18 12:08:57 
TT 270 159.6 -41.3 159.6 -41.3 1.63E-04 028.0 148.6 -60.4 7.363013 4.529032 15.10088 shoemake 2024-10-27 10:52:54 
TT 270 167.8 -39.0 167.8 -39.0 3.16E-04 002.0 161.7 -59.3 0.651745 0.849231 0.376152 shoemake 2024-10-28 17:37:28 
TT 300 164.0 -39.6 164.0 -39.6 3.31E-04 002.6 155.8 -59.4 0.604295 1.355568 0.100050 shoemake 2024-11-06 18:20:30 
TT 330 167.4 -40.8 167.4 -40.8 2.76E-04 002.3 160.5 -61.1 0.554549 0.953238 0.159790 shoemake 2024-11-15 18:55:17 
TT 360 175.7 -35.3 175.7 -35.3 7.41E-05 003.5 174.1 -56.3 0.141824 0.428968 0.101183 shoemake 2024-11-18 18:30:11 
TT 360 181.6  21.2 181.6  21.2 3.57E-05 062.4 181.8  00.2 0.103457 1.993885 6.656744 shoemake 2024-11-22 23:51:29 
TT 360 173.5 -36.1 173.5 -36.1 7.31E-05 003.6 170.9 -56.9 0.250678 0.379040 0.129666 shoemake 2024-11-23 21:41:54 
TT 390 138.8 -28.1 138.8 -28.1 2.62E-05 004.1 128.2 -42.7 0.124353 0.143976 0.048612 shoemake 2024-11-25 11:37:19 
TT 420 136.0  45.6 136.0  45.6 1.11E-05 008.9 146.4  29.1 0.122944 0.117132 0.047004 shoemake 2024-11-27 00:45:30 
TT 450 252.0  20.9 252.0  20.9 1.88E-05 006.3 246.2  13.4 0.212044 0.034901 0.041962 shoemake 2024-12-05 07:49:48 
TT 450 247.6 -01.4 247.6 -01.4 1.81E-05 021.0 249.7 -09.1 0.387490 0.268563 0.570411 shoemake 2025-02-06 05:49:00 
TT 450 245.9  01.8 245.9  01.8 1.85E-05 007.3 247.0 -06.6 0.223364 0.256097 0.043792 shoemake 2025-02-07 00:59:27 
