WBE-A- 1I 
         91.0  21.0   0.0   0.0   1.0
NRM    153.9 -44.4 153.9 -44.4 5.13E-04 003.1 138.3 -62.1 2.036570 1.939281 0.887710 shoemake 2024-06-28 15:50:13 
LN2    159.4 -40.8 159.4 -40.8 5.64E-04 002.2 148.5 -59.8 1.589548 1.633039 0.198204 shoemake 2024-07-08 15:58:00 
LN2    156.4 -41.6 156.4 -41.6 5.71E-04 003.1 143.7 -60.0 1.755906 2.558406 0.823603 shoemake 2024-07-11 18:28:09 
TT  70 157.3 -41.3 157.3 -41.3 5.81E-04 000.8 145.2 -59.9 0.375436 0.786608 0.197465 shoemake 2024-07-30 16:53:18 
TT 100 160.0 -40.2 160.0 -40.2 5.51E-04 002.5 149.7 -59.3 0.964823 2.221976 0.208468 shoemake 2024-08-01 10:04:19 
TT 130 161.8 -39.7 161.8 -39.7 5.12E-04 004.7 152.4 -59.2 1.587800 3.867399 0.223675 shoemake 2024-09-07 18:59:38 
TT 160 159.5 -39.2 159.5 -39.2 5.09E-04 002.0 149.4 -58.2 0.756882 1.652139 0.204779 shoemake 2024-09-12 14:59:36 
TT 190 158.2 -39.3 158.2 -39.3 5.11E-04 001.8 147.5 -58.2 0.733094 1.486421 0.201092 shoemake 2024-09-17 16:34:54 
TT 210 161.4 -38.8 161.4 -38.8 5.06E-04 004.0 152.4 -58.2 1.751061 3.088146 0.349559 shoemake 2024-10-11 03:33:40 
TT 240 164.7 -38.9 164.7 -38.9 4.77E-04 001.3 157.1 -58.8 0.656345 0.876636 0.261356 shoemake 2024-10-18 12:26:16 
TT 270 156.3 -40.0 156.3 -40.0 4.34E-04 005.4 144.5 -58.5 2.422850 2.540545 3.340459 shoemake 2024-10-27 11:34:40 
TT 300 161.5 -39.1 161.5 -39.1 4.57E-04 004.0 152.3 -58.5 1.284000 2.949470 0.271707 shoemake 2024-11-06 18:37:44 
TT 330 164.1 -38.9 164.1 -38.9 3.03E-04 002.9 156.2 -58.7 0.641401 1.378425 0.218381 shoemake 2024-11-15 19:12:28 
TT 360 180.2 -42.8 180.2 -42.8 6.79E-05 003.1 180.7 -63.8 0.131390 0.343007 0.094035 shoemake 2024-11-18 18:47:16 
TT 360 184.1  21.3 184.1  21.3 3.25E-05 064.6 184.1  00.4 0.124298 0.631736 7.015486 shoemake 2024-11-23 00:08:42 
TT 360 187.0 -41.8 187.0 -41.8 7.31E-05 003.1 191.8 -62.5 0.151452 0.374305 0.095306 shoemake 2024-11-23 21:56:38 
TT 390 239.1 -76.7 239.1 -76.7 3.40E-05 004.0 320.3 -71.9 0.210311 0.107710 0.052207 shoemake 2024-11-25 11:54:33 
TT 420 207.1 -20.0 207.1 -20.0 1.25E-05 010.3 213.4 -38.2 0.113813 0.094533 0.197108 shoemake 2024-11-27 01:02:46 
TT 450 208.2 -53.4 208.2 -53.4 1.24E-05 002.2 234.7 -69.6 0.038403 0.043653 0.079882 shoemake 2024-12-05 08:07:09 
TT 450 171.8 -11.0 171.8 -11.0 7.90E-06 025.9 170.9 -31.8 0.291624 0.332831 0.027302 shoemake 2025-02-06 06:06:15 
TT 450 179.1 -09.9 179.1 -09.9 8.10E-06 025.0 179.3 -30.9 0.293676 0.326363 0.017322 shoemake 2025-02-07 01:16:38 
TT 450 179.3 -08.7 179.3 -08.7 8.83E-06 022.4 179.6 -29.7 0.299551 0.315251 0.025466 shoemake 2025-02-10 18:14:08 
TT 450 175.9 -10.7 175.9 -10.7 8.92E-06 023.2 175.6 -31.7 0.297854 0.334577 0.019340 shoemake 2025-02-12 13:47:31 
TT 450 174.1 -08.1 174.1 -08.1 8.89E-06 022.9 173.7 -29.0 0.298770 0.334666 0.018386 shoemake 2025-02-21 10:27:26 
