NWF-A- 1D 
        245.0  59.0   0.0   0.0   1.0
NRM    010.3  03.0 010.3  03.0 1.17E-02 001.9 231.5 -42.0 28.12713 25.69925 11.57570 shoemake 2024-07-01 12:15:48 
LN2    009.8  07.2 009.8  07.2 1.16E-02 005.0 227.4 -39.2 73.35252 70.32950 9.835054 shoemake 2024-07-08 16:37:47 
LN2    008.4  08.3 008.4  08.3 1.16E-02 003.3 225.1 -39.1 49.19633 44.74706 15.52949 shoemake 2024-07-11 14:04:06 
TT  70 010.4  06.9 010.4  06.9 1.15E-02 000.7 228.2 -38.9 11.03906 10.05745 5.964434 shoemake 2024-07-30 17:10:55 
TT 100 007.8  10.9 007.8  10.9 1.12E-02 005.1 222.5 -37.4 69.32355 72.87883 6.842577 shoemake 2024-08-01 10:19:04 
TT 130 010.6  09.0 010.6  09.0 1.12E-02 000.8 226.6 -37.2 11.88265 8.806926 6.920070 shoemake 2024-09-07 15:23:42 
TT 160 012.7  07.6 012.7  07.6 1.12E-02 002.5 229.8 -37.0 36.30231 32.44367 6.088541 shoemake 2024-09-12 11:59:33 
TT 190 011.3  12.0 011.3  12.0 1.09E-02 001.9 225.0 -34.5 24.23817 27.63397 6.655902 shoemake 2024-09-17 11:47:44 
TT 210 014.4  09.7 014.4  09.7 1.08E-02 004.3 229.6 -34.3 58.83148 54.43710 8.615731 shoemake 2024-10-10 18:27:37 
TT 240 011.0  17.0 011.0  17.0 8.45E-03 004.9 221.1 -30.7 45.64247 55.56425 6.544018 shoemake 2024-10-18 09:25:54 
TT 270 010.3  18.2 010.3  18.2 8.07E-03 004.6 219.7 -30.1 43.29737 47.26436 9.222827 shoemake 2024-10-26 14:55:03 
TT 300 010.8  17.6 010.8  17.6 8.17E-03 002.4 220.6 -30.3 21.95442 26.13649 3.016708 shoemake 2024-11-06 15:31:05 
TT 330 012.7  15.8 012.7  15.8 8.05E-03 004.7 223.6 -30.7 44.65372 48.30339 7.778251 shoemake 2024-11-15 16:11:54 
TT 360 008.9  18.4 008.9  18.4 4.03E-03 044.7 218.4 -30.6 291.1035 230.3858 219.8657 shoemake 2024-11-18 15:28:42 
TT 360 021.4 -25.4 021.4 -25.4 6.94E-10 059.6 274.2 -43.1 0.000083 0.000081 0.000049 shoemake 2024-11-19 08:00:36 
TT 360 331.2 -32.2 331.2 -32.2 1.53E-08 034.3 067.6 -86.4 0.000168 0.000158 0.001873 shoemake 2024-11-20 17:16:21 
TT 360 011.8  16.6 011.8  16.6 8.08E-03 004.2 222.1 -30.6 41.41174 41.79032 5.082008 shoemake 2024-11-22 21:08:57 
TT 390 012.4  16.0 012.4  16.0 8.06E-03 001.6 223.1 -30.7 13.99256 15.21252 11.39535 shoemake 2024-11-25 07:39:22 
TT 420 012.1  16.3 012.1  16.3 8.02E-03 001.7 222.6 -30.6 14.36287 15.84565 11.66731 shoemake 2024-11-26 22:02:45 
TT 450 011.6  16.8 011.6  16.8 7.77E-03 001.6 221.8 -30.5 15.49887 14.11100 9.990159 shoemake 2024-12-05 05:05:51 
TT 450 015.1  13.8 015.1  13.8 7.86E-03 002.5 227.1 -30.7 24.86006 26.19222 3.563771 shoemake 2025-02-06 01:16:02 
TT 480 005.7  17.9 005.7  17.9 6.59E-05 063.3 215.6 -32.7 4.819869 3.461482 3.879143 shoemake 2025-04-09 10:19:00 
TT 480 008.4  15.4 008.4  15.4 1.32E-04 002.5 219.9 -33.4 0.471679 0.447360 0.091396 shoemake 2025-04-15 14:47:06 
TT 510 016.3  15.9 016.3  15.9 6.71E-05 054.9 226.5 -28.4 4.352890 4.578245 3.406994 shoemake 2025-04-25 18:09:20 
TT 510 014.2  17.8 014.2  17.8 1.32E-04 001.2 223.3 -28.2 0.238489 0.264090 0.054899 shoemake 2025-05-01 16:33:46 
