NWF-A- 1E 
        245.0  59.0   0.0   0.0   1.0
NRM    010.9  03.5 010.9  03.5 1.26E-02 001.5 231.6 -41.2 25.98538 19.93725 12.01402 shoemake 2024-07-01 12:17:56 
LN2    009.7  07.9 009.7  07.9 1.23E-02 006.2 226.7 -38.7 101.8951 87.05177 15.42554 shoemake 2024-07-08 16:40:37 
LN2    010.4  07.2 010.4  07.2 1.23E-02 007.2 227.9 -38.8 118.5631 99.92880 15.99260 shoemake 2024-07-11 14:06:18 
TT  70 009.1  08.8 009.1  08.8 1.24E-02 001.6 225.3 -38.3 18.03808 27.41471 9.904963 shoemake 2024-07-30 17:13:52 
TT 100 009.4  10.4 009.4  10.4 1.19E-02 001.7 224.4 -36.9 27.63178 20.94846 11.98794 shoemake 2024-08-01 10:21:33 
TT 130 012.0  08.2 012.0  08.2 1.19E-02 002.6 228.7 -37.0 36.80797 38.11555 11.15131 shoemake 2024-09-07 15:26:10 
TT 160 011.5  09.5 011.5  09.5 1.18E-02 003.2 227.2 -36.3 43.96874 47.90529 11.89415 shoemake 2024-09-12 12:02:02 
TT 190 009.7  13.6 009.7  13.6 1.15E-02 003.1 222.4 -34.2 45.56120 42.38932 11.07290 shoemake 2024-09-17 11:50:13 
TT 210 011.8  12.1 011.8  12.1 1.15E-02 002.6 225.4 -34.1 28.10561 44.27562 10.90467 shoemake 2024-10-10 18:30:07 
TT 240 009.4  18.6 009.4  18.6 8.84E-03 001.9 218.6 -30.2 16.41139 24.59964 7.776912 shoemake 2024-10-18 09:28:22 
TT 270 012.3  16.9 012.3  16.9 8.27E-03 004.8 222.3 -30.0 48.86661 49.15888 9.622963 shoemake 2024-10-26 14:57:17 
TT 300 012.3  16.9 012.3  16.9 8.36E-03 004.1 222.4 -30.0 38.95911 45.04550 2.977056 shoemake 2024-11-06 15:33:36 
TT 330 010.1  18.1 010.1  18.1 8.27E-03 001.2 219.6 -30.3 11.07555 12.18887 9.624290 shoemake 2024-11-15 16:14:25 
TT 360 011.5  17.2 011.5  17.2 8.28E-03 001.3 221.5 -30.2 12.71241 11.93349 8.764724 shoemake 2024-11-18 15:31:14 
TT 360 013.0  16.1 013.0  16.1 8.30E-03 001.8 223.6 -30.2 20.23878 15.36207 7.018289 shoemake 2024-11-22 21:11:28 
TT 390 010.6  17.7 010.6  17.7 8.26E-03 002.3 220.3 -30.3 22.77143 20.33946 13.18108 shoemake 2024-11-25 07:41:52 
TT 420 012.6  16.4 012.6  16.4 8.21E-03 002.3 223.0 -30.2 23.95342 20.21747 13.40950 shoemake 2024-11-26 22:05:15 
TT 450 010.4  18.0 010.4  18.0 7.64E-03 002.0 219.9 -30.2 19.45783 16.19077 11.44996 shoemake 2024-12-05 05:08:23 
TT 450 013.0  15.9 013.0  15.9 7.73E-03 001.4 223.7 -30.4 13.95218 15.14123 4.639174 shoemake 2025-02-06 01:18:32 
TT 480 006.6  16.0 006.6  16.0 1.27E-04 002.7 217.7 -33.9 0.422362 0.494350 0.058798 shoemake 2025-04-09 10:21:30 
TT 510 015.1  19.2 015.1  19.2 6.30E-05 037.3 223.2 -26.5 4.397483 4.127111 3.001201 shoemake 2025-04-25 18:11:46 
TT 510 014.4  20.7 014.4  20.7 1.24E-04 003.5 221.6 -25.8 0.536251 0.596088 0.087990 shoemake 2025-05-01 16:36:05 
