PKSJ- 2 mag compass orientation (IGRF corrected)
    601  80.7  16.0  -1.3   0.0   1.0
NRM    195.5 -40.5 195.5 -40.5 7.26E-03 001.9 213.4 -54.5 17.22460 16.25103 5.979517 shoemake 2024-07-15 18:55:02 
LT1 77 191.8 -38.4 191.8 -38.4 7.69E-03 006.5 207.9 -53.0 41.58290 76.94845 3.822652 shoemake 2024-07-28 17:37:32 
LT2 77 193.2 -38.1 193.2 -38.1 7.72E-03 005.4 209.6 -52.5 37.65156 62.30434 3.887235 shoemake 2024-08-12 14:48:03 
TT  70 185.0 -35.8 185.0 -35.8 7.89E-03 001.3 198.6 -51.2 5.792724 17.42642 3.592521 shoemake 2024-08-22 18:06:00 
TT  70 185.3 -35.9 185.3 -35.9 7.89E-03 001.1 199.0 -51.2 5.554462 14.31269 3.532589 shoemake 2024-08-22 21:44:44 
TT 100 186.8 -35.8 186.8 -35.8 7.88E-03 001.5 201.0 -51.0 11.74190 17.29657 4.608236 shoemake 2024-08-28 10:47:10 
TT 130 178.5 -34.6 178.5 -34.6 7.61E-03 001.2 190.1 -50.4 6.072662 13.82700 4.034426 shoemake 2024-09-02 19:14:53 
TT 160 178.3 -34.6 178.3 -34.6 6.31E-03 001.4 189.8 -50.4 7.031723 13.77013 3.286334 shoemake 2024-09-04 17:43:41 
TT 190 177.6 -34.0 177.6 -34.0 6.31E-03 002.4 188.9 -49.9 9.112684 24.77464 3.727143 shoemake 2024-09-09 14:50:49 
TT 210 177.7 -33.0 177.7 -33.0 2.82E-03 003.2 188.9 -48.9 2.101050 15.88493 4.198307 shoemake 2024-09-16 10:18:54 
TT 240 174.8 -32.7 174.8 -32.7 2.73E-03 003.5 185.2 -48.6 2.333216 16.61482 1.350740 shoemake 2024-09-18 11:34:28 
TT 270 171.7 -32.0 171.7 -32.0 2.73E-03 003.1 181.3 -48.0 2.015656 14.58608 1.439325 shoemake 2024-10-04 18:37:58 
TT 300 169.7 -32.3 169.7 -32.3 2.43E-03 001.0 178.7 -48.3 1.851768 3.987512 1.297573 shoemake 2024-10-15 17:37:35 
TT 330 172.4 -31.6 172.4 -31.6 8.89E-04 001.9 182.1 -47.6 0.495622 2.871316 0.668085 shoemake 2024-10-23 16:37:17 
TT 360 173.4 -32.4 173.4 -32.4 8.70E-04 002.5 183.4 -48.4 1.269439 3.541060 0.823091 shoemake 2025-05-21 12:52:47 
TT 390 167.0 -32.0 167.0 -32.0 8.69E-04 002.6 175.3 -48.0 1.347606 3.741696 0.780038 shoemake 2025-05-22 15:37:08 
TT 420 173.8 -32.2 173.8 -32.2 8.63E-04 002.3 183.9 -48.2 1.315811 3.238913 0.831551 shoemake 2025-05-26 14:18:22 
TT 420 173.9 -32.5 173.9 -32.5 8.65E-04 005.3 184.1 -48.5 1.989110 7.835866 1.043301 shoemake 2025-06-19 14:17:33 
TT 450 171.0  16.1 171.0  16.1 3.25E-04 050.6 180.3   0.1 0.775976 9.431415 38.50324 shoemake 2025-06-30 14:45:42 
TT 450 176.6 -31.2 176.6 -31.2 4.89E-04 006.6 187.4 -47.1 1.112561 5.592027 0.486213 shoemake 2025-06-30 18:52:16 
