PKSJ- 1 mag compass orientation (IGRF corrected)
    601 271.2  13.0  -1.3   0.0   1.0
NRM    238.8 -49.3 238.8 -49.3 9.65E-03 005.6 047.1 -41.3 68.55223 64.26817 11.23425 shoemake 2024-07-15 18:44:35 
LT1 77 227.5 -49.7 227.5 -49.7 9.88E-03 003.9 037.6 -40.0 34.78584 57.07823 9.968496 shoemake 2024-07-28 17:21:56 
LT2 77 232.9 -49.8 232.9 -49.8 1.02E-02 002.7 042.0 -40.9 33.62099 34.39545 6.046153 shoemake 2024-08-12 14:35:33 
TT  70 214.0 -48.0 214.0 -48.0 9.99E-03 001.5 026.9 -36.7 17.38139 18.02888 9.750753 shoemake 2024-08-22 17:53:48 
TT  70 214.3 -48.0 214.3 -48.0 9.99E-03 001.4 027.1 -36.7 16.06220 15.54461 9.564153 shoemake 2024-08-22 21:32:36 
TT 100 211.7 -48.0 211.7 -48.0 1.00E-02 001.2 025.0 -36.5 14.42577 9.643577 11.91199 shoemake 2024-08-28 10:34:42 
TT 130 186.9 -44.4 186.9 -44.4 9.46E-03 013.4 004.8 -31.5 29.13408 223.7641 14.29291 shoemake 2024-09-02 18:48:43 
TT 160 190.3 -40.3 190.3 -40.3 9.25E-03 001.7 007.8 -27.4 10.58018 24.02581 11.16629 shoemake 2024-09-04 17:31:30 
TT 190 193.7 -40.3 193.7 -40.3 9.30E-03 005.5 010.7 -27.6 25.36056 84.42442 14.44249 shoemake 2024-09-09 14:38:37 
TT 210 184.6 -37.0 184.6 -37.0 5.37E-03 003.6 003.0 -24.0 3.965453 32.29906 9.627221 shoemake 2024-09-16 10:06:28 
TT 240 181.5 -37.1 181.5 -37.1 5.29E-03 001.2 000.3 -24.1 5.728956 3.719435 9.531748 shoemake 2024-09-18 11:21:59 
TT 270 182.1 -37.1 182.1 -37.1 5.22E-03 001.7 000.8 -24.1 5.796045 10.00271 10.13131 shoemake 2024-10-04 18:25:53 
TT 300 185.3 -37.4 185.3 -37.4 5.19E-03 004.6 003.6 -24.4 7.351196 40.06648 8.806889 shoemake 2024-10-15 17:25:23 
TT 330 181.2 -34.6 181.2 -34.6 2.22E-03 001.8 360.0 -21.6 2.617294 5.009713 4.168147 shoemake 2024-10-23 16:25:07 
TT 360 173.3 -35.2 173.3 -35.2 2.17E-03 007.7 353.0 -22.3 3.051898 29.01254 1.845376 shoemake 2025-05-21 12:40:15 
TT 390 176.1 -34.9 176.1 -34.9 2.14E-03 001.3 355.5 -21.9 2.654357 4.323412 2.012182 shoemake 2025-05-22 15:24:37 
TT 420 178.1 -34.9 178.1 -34.9 2.12E-03 002.9 357.3 -21.9 2.353116 10.65467 1.818486 shoemake 2025-05-26 14:05:54 
TT 420 175.0 -35.1 175.0 -35.1 2.12E-03 006.5 354.5 -22.2 3.341831 24.18445 1.378492 shoemake 2025-06-19 14:05:43 
TT 450 176.2 -32.2 176.2 -32.2 4.01E-04 005.4 355.5 -19.2 1.181510 3.770652 0.561867 shoemake 2025-06-30 14:33:13 
