PKSJ- 2 mag compass orientation (IGRF corrected)
    601  80.7  16.0  -1.3   0.0   1.0
NRM    187.7 -37.4 187.7 -37.4 6.80E-03 004.9 202.4 -52.5 26.74841 51.51662 5.925471 shoemake 2024-07-15 18:50:52 
LT1 77 185.1 -36.5 185.1 -36.5 7.07E-03 007.2 198.9 -51.8 34.99534 81.97646 4.450768 shoemake 2024-07-28 17:31:16 
LT2 77 185.3 -35.8 185.3 -35.8 7.10E-03 004.3 199.0 -51.1 11.42408 51.96184 7.060640 shoemake 2024-08-12 14:43:04 
TT  70 187.5 -34.9 187.5 -34.9 7.22E-03 003.2 201.6 -50.0 7.593349 38.68258 7.068860 shoemake 2024-08-22 18:01:04 
TT  70 187.6 -34.9 187.6 -34.9 7.23E-03 003.1 201.8 -50.0 7.469126 37.43478 7.050566 shoemake 2024-08-22 21:39:50 
TT 100 180.2 -34.3 180.2 -34.3 7.21E-03 002.9 192.3 -50.0 16.21399 32.28535 6.998612 shoemake 2024-08-28 10:42:10 
TT 130 185.8 -33.7 185.8 -33.7 6.95E-03 001.3 199.3 -49.0 7.076454 12.54013 6.740290 shoemake 2024-09-02 19:10:04 
TT 160 182.2 -33.5 182.2 -33.5 6.08E-03 001.1 194.7 -49.1 8.591753 5.792843 5.055520 shoemake 2024-09-04 17:38:45 
TT 190 178.5 -33.1 178.5 -33.1 6.06E-03 004.8 189.9 -48.9 16.16237 47.51082 5.895965 shoemake 2024-09-09 14:45:55 
TT 210 181.2 -32.1 181.2 -32.1 2.58E-03 001.9 193.3 -47.8 3.524422 8.711604 1.425810 shoemake 2024-09-16 10:13:59 
TT 240 179.7 -32.0 179.7 -32.0 2.56E-03 004.4 191.4 -47.8 1.561099 19.67887 1.225564 shoemake 2024-09-18 11:29:30 
TT 270 179.3 -32.7 179.3 -32.7 2.52E-03 002.7 190.9 -48.5 5.179825 10.34349 2.228158 shoemake 2024-10-04 18:33:09 
TT 300 176.5 -31.4 176.5 -31.4 2.39E-03 000.8 187.3 -47.3 2.534734 1.873925 1.503603 shoemake 2024-10-15 17:32:42 
TT 330 173.2 -30.4 173.2 -30.4 1.18E-03 003.5 183.1 -46.4 1.655021 7.059700 0.591916 shoemake 2024-10-23 16:32:26 
TT 360 172.4 -30.9 172.4 -30.9 1.16E-03 005.4 182.1 -46.9 1.411011 10.86615 0.931409 shoemake 2025-05-21 12:47:48 
TT 390 169.8 -30.3 169.8 -30.3 1.15E-03 003.0 178.9 -46.3 1.665747 5.731445 0.905821 shoemake 2025-05-22 15:32:10 
TT 420 177.3 -30.9 177.3 -30.9 1.14E-03 003.8 188.3 -46.8 1.267949 7.481903 1.016595 shoemake 2025-05-26 14:13:22 
TT 420 174.4 -31.4 174.4 -31.4 1.15E-03 007.9 184.7 -47.4 1.770443 15.95287 1.315064 shoemake 2025-06-19 14:12:48 
TT 450 176.9 -29.5 176.9 -29.5 6.49E-04 008.8 187.7 -45.4 1.103765 9.970475 0.887218 shoemake 2025-06-30 14:40:42 
