PKSJ- 3 mag compass orientation (IGRF corrected)
    601  48.7  11.5  -1.3   0.0   1.0
NRM    188.8 -20.6 188.8 -20.6 1.66E-02 002.5 234.2 -27.7 52.68140 46.44045 20.73958 shoemake 2024-07-15 19:03:23 
LT1 77 188.1 -21.2 188.1 -21.2 1.65E-02 006.3 233.6 -28.4 148.6624 107.4862 11.23136 shoemake 2024-07-28 17:49:49 
LT2 77 184.7 -20.6 184.7 -20.6 1.65E-02 001.5 229.9 -28.3 29.59144 29.51537 14.36208 shoemake 2024-08-12 14:58:15 
TT  70 184.9 -22.4 184.9 -22.4 1.54E-02 006.5 230.5 -30.1 134.8781 113.0106 11.97264 shoemake 2024-08-22 18:15:57 
TT  70 183.9 -22.4 183.9 -22.4 1.54E-02 007.6 229.4 -30.2 153.9867 134.2545 12.70649 shoemake 2024-08-22 21:54:37 
TT 100 190.7 -23.3 190.7 -23.3 1.54E-02 003.1 236.7 -30.0 70.35618 47.23356 10.83299 shoemake 2024-08-28 10:56:56 
TT 130 183.7 -22.4 183.7 -22.4 1.54E-02 004.4 229.2 -30.2 86.43944 78.63384 12.46540 shoemake 2024-09-02 19:24:47 
TT 160 179.5 -26.2 179.5 -26.2 1.17E-02 007.3 225.4 -34.6 105.2013 106.9135 8.001220 shoemake 2024-09-04 17:53:38 
TT 190 183.4 -26.9 183.4 -26.9 1.16E-02 004.5 229.7 -34.7 68.14776 60.43647 6.540155 shoemake 2024-09-09 15:00:48 
TT 210 175.0 -28.0 175.0 -28.0 5.60E-03 000.6 220.9 -37.0 5.730531 5.776461 4.458534 shoemake 2024-09-16 10:28:41 
TT 240 177.6 -29.5 177.6 -29.5 5.39E-03 007.2 224.0 -38.1 46.66453 50.31552 2.776026 shoemake 2024-09-18 11:44:15 
TT 270 178.8 -29.1 178.8 -29.1 5.46E-03 001.2 225.2 -37.6 6.284306 9.910786 2.753431 shoemake 2024-10-04 18:54:24 
TT 300 175.4 -27.8 175.4 -27.8 4.14E-03 003.0 221.3 -36.8 14.63050 15.90207 2.260167 shoemake 2024-10-15 17:47:38 
TT 330 168.3 -30.2 168.3 -30.2 1.41E-03 002.5 213.9 -40.0 2.744905 5.367834 1.160488 shoemake 2024-10-23 16:47:17 
TT 360 175.8 -31.4 175.8 -31.4 1.38E-03 004.8 222.4 -40.3 7.318246 9.191327 0.749364 shoemake 2025-05-21 13:02:34 
TT 390 172.1 -30.6 172.1 -30.6 1.39E-03 005.3 218.2 -39.9 7.453662 10.66369 0.741667 shoemake 2025-05-22 15:46:54 
TT 420 176.1 -31.0 176.1 -31.0 1.39E-03 005.9 222.7 -39.8 9.240853 11.07869 0.773605 shoemake 2025-05-26 14:28:08 
TT 420 173.8 -31.1 173.8 -31.1 1.40E-03 009.0 220.1 -40.2 13.58810 17.44609 1.346805 shoemake 2025-06-19 14:26:49 
TT 450 175.6 -31.6 175.6 -31.6 1.07E-03 007.1 222.3 -40.5 8.711096 10.16211 0.782068 shoemake 2025-06-30 14:55:32 
