PKSI- 1D 
        310.0  25.0   0.0   0.0   1.0
NRM    080.2 -44.7 080.2 -44.7 5.63E-02 002.0 239.1 -62.5 147.9507 131.2323 49.12620 shoemake 2024-07-15 18:34:07 
LT1 77 077.3 -46.3 077.3 -46.3 4.49E-02 000.9 237.0 -64.9 31.91938 59.65600 15.28117 shoemake 2024-07-29 20:21:04 
LT2 77 076.6 -46.0 076.6 -46.0 4.34E-02 001.1 235.6 -64.9 41.85594 65.87492 24.33634 shoemake 2024-08-12 14:22:52 
TT  70 075.3 -46.1 075.3 -46.1 4.22E-02 001.7 234.0 -65.4 77.04886 100.6953 26.16634 shoemake 2024-08-22 17:41:20 
TT  70 073.3 -45.5 073.3 -45.5 4.22E-02 003.3 230.3 -65.5 161.8081 180.8082 25.68175 shoemake 2024-08-22 21:20:20 
TT 100 074.2 -45.8 074.2 -45.8 4.17E-02 002.3 231.9 -65.5 98.16988 133.3481 15.07889 shoemake 2024-08-28 11:29:04 
TT 130 073.9 -46.6 073.9 -46.6 3.41E-02 001.2 232.4 -66.3 63.13766 29.79809 26.71274 shoemake 2024-08-30 14:56:41 
TT 160 067.0 -44.4 067.0 -44.4 2.86E-02 001.4 219.1 -66.4 27.07677 61.80959 19.09539 shoemake 2024-09-04 17:19:05 
TT 190 067.5 -44.6 067.5 -44.6 2.87E-02 001.0 220.2 -66.5 25.57954 39.63577 20.66042 shoemake 2024-09-09 14:28:37 
TT 210 053.1 -39.2 053.1 -39.2 1.75E-02 003.1 192.0 -63.9 13.53416 91.33329 20.03314 shoemake 2024-09-16 09:56:40 
TT 240 056.2 -39.3 056.2 -39.3 1.71E-02 001.5 197.4 -63.7 33.03984 32.10637 5.777443 shoemake 2024-09-18 11:12:13 
TT 270 055.0 -38.4 055.0 -38.4 1.57E-02 001.5 195.0 -63.0 29.93288 28.21353 10.60054 shoemake 2024-10-04 18:15:58 
TT 300 052.7 -38.0 052.7 -38.0 1.56E-02 001.9 191.1 -62.7 28.50195 41.73941 9.540014 shoemake 2024-10-15 17:13:33 
TT 330 050.0 -34.8 050.0 -34.8 8.66E-03 001.2 186.1 -59.7 9.020278 15.10681 3.469118 shoemake 2024-10-23 16:15:08 
TT 360 043.7 -35.5 043.7 -35.5 8.46E-03 008.0 175.7 -60.4 15.34534 118.7204 3.670773 shoemake 2025-05-21 12:30:28 
TT 390 048.0 -34.3 048.0 -34.3 8.12E-03 001.5 182.8 -59.3 10.43215 19.63500 3.663487 shoemake 2025-05-22 15:14:49 
TT 420 052.5 -34.4 052.5 -34.4 8.07E-03 002.4 190.0 -59.2 11.11050 32.90491 3.723705 shoemake 2025-05-26 13:56:08 
TT 420 045.8 -34.3 045.8 -34.3 8.13E-03 003.1 179.2 -59.3 15.10687 42.34560 5.324211 shoemake 2025-06-19 13:56:28 
TT 450 034.4 -12.2 034.4 -12.2 1.64E-04 007.5 165.4 -36.5 0.621697 2.086518 0.227359 shoemake 2025-06-30 14:23:27 
