PKSI- 1B 
        310.0  25.0   0.0   0.0   1.0
NRM    086.7 -46.9 086.7 -46.9 6.53E-02 002.1 249.8 -61.8 165.2804 164.9325 59.43762 shoemake 2024-07-15 18:30:00 
LT1 77 081.2 -47.1 081.2 -47.1 5.24E-02 001.1 243.2 -64.1 50.48382 84.06670 36.86837 shoemake 2024-07-29 20:15:13 
LT2 77 079.8 -46.8 079.8 -46.8 5.00E-02 002.4 240.9 -64.4 146.1826 150.6029 29.51795 shoemake 2024-08-12 14:17:54 
TT  70 079.4 -46.8 079.4 -46.8 4.91E-02 001.8 240.5 -64.6 146.0667 43.20028 24.90991 shoemake 2024-08-22 17:36:27 
TT  70 080.1 -47.2 080.1 -47.2 4.90E-02 002.4 241.9 -64.6 196.8802 58.90905 26.92411 shoemake 2024-08-22 21:15:30 
TT 100 082.2 -48.4 082.2 -48.4 4.79E-02 001.5 246.3 -64.8 118.7903 41.24559 31.57446 shoemake 2024-08-28 11:24:04 
TT 130 076.1 -46.8 076.1 -46.8 4.05E-02 001.2 235.9 -65.8 51.32288 50.02499 42.64670 shoemake 2024-08-30 14:51:48 
TT 160 074.6 -46.6 074.6 -46.6 3.50E-02 001.0 233.5 -66.1 38.22884 38.88723 22.58392 shoemake 2024-09-04 17:14:13 
TT 190 072.8 -46.1 072.8 -46.1 3.52E-02 002.2 230.2 -66.2 125.1953 40.07791 25.33160 shoemake 2024-09-09 14:23:44 
TT 210 064.1 -42.9 064.1 -42.9 2.27E-02 001.1 213.1 -65.7 30.66554 19.71792 24.51286 shoemake 2024-09-16 09:51:48 
TT 240 061.8 -42.3 061.8 -42.3 2.17E-02 001.2 208.6 -65.7 18.46103 37.83657 18.17319 shoemake 2024-09-18 11:07:15 
TT 270 062.7 -42.1 062.7 -42.1 1.84E-02 001.1 210.1 -65.3 29.19441 16.83261 12.13733 shoemake 2024-10-04 18:11:06 
TT 300 061.0 -41.9 061.0 -41.9 9.18E-03 073.8 207.0 -65.4 363.5677 185.8522 892.6966 shoemake 2024-10-15 17:08:39 
TT 300 059.8 -41.3 059.8 -41.3 1.84E-02 001.2 204.5 -65.1 19.32617 31.40290 10.28540 shoemake 2024-10-16 09:40:22 
TT 330 058.0 -39.5 058.0 -39.5 1.37E-02 001.3 200.6 -63.6 20.97597 20.54921 8.931368 shoemake 2024-10-23 16:10:16 
TT 360 049.7 -38.7 049.7 -38.7 1.34E-02 001.4 186.0 -63.6 17.03571 28.63671 4.223280 shoemake 2025-05-21 12:23:21 
TT 390 054.9 -39.3 054.9 -39.3 1.06E-02 006.1 195.2 -63.8 27.55487 110.1434 4.606077 shoemake 2025-05-22 15:09:50 
TT 420 054.9 -38.5 054.9 -38.5 1.04E-02 001.4 194.9 -63.0 15.11349 21.63826 5.118034 shoemake 2025-05-26 13:46:53 
TT 420 051.9 -38.9 051.9 -38.9 1.05E-02 006.6 189.9 -63.7 24.94951 118.8432 8.453271 shoemake 2025-06-19 11:54:32 
TT 450 024.9 -05.5 024.9 -05.5 8.64E-05 006.0 155.6 -28.5 0.578149 0.828313 0.113707 shoemake 2025-06-30 14:18:25 
