PKSI- 1G 
        310.0  25.0   0.0   0.0   1.0
NRM    075.0 -43.4 075.0 -43.4 2.31E-02 075.1 230.6 -63.1 714.0100 866.2298 2204.368 shoemake 2024-07-15 18:40:20 
NRM    077.0 -44.1 077.0 -44.1 2.29E-02 028.5 234.1 -63.1 658.6625 904.9271 2185.715 shoemake 2024-07-16 10:37:04 
NRM    079.8 -39.0 079.8 -39.0 4.61E-02 002.3 233.1 -57.6 135.6412 120.4781 40.97748 shoemake 2024-07-16 10:52:42 
LT1 77 076.6 -44.9 076.6 -44.9 1.89E-02 046.5 234.4 -64.0 516.0850 719.7520 1812.146 shoemake 2024-07-29 20:29:54 
LT1 77 071.5 -40.3 071.5 -40.3 3.75E-02 003.4 222.7 -61.4 207.6117 30.61670 80.21736 shoemake 2024-07-30 10:16:48 
LT2 77 073.7 -43.7 073.7 -43.7 1.82E-02 019.1 228.9 -63.8 565.7060 648.5459 1746.805 shoemake 2024-08-12 14:30:25 
LT2 77 073.2 -43.1 073.2 -43.1 3.65E-02 001.2 227.6 -63.5 40.26507 65.31502 12.59746 shoemake 2024-08-12 15:49:35 
TT  70 070.9 -43.1 070.9 -43.1 1.76E-02 010.9 224.2 -64.1 588.9487 572.6042 1689.151 shoemake 2024-08-22 17:48:51 
TT  70 070.9 -43.1 070.9 -43.1 1.76E-02 013.6 224.2 -64.1 588.9489 572.6043 1689.149 shoemake 2024-08-22 21:27:42 
TT 100 071.3 -42.9 071.3 -42.9 1.71E-02 012.6 224.6 -63.9 574.7870 566.7462 1643.150 shoemake 2024-08-28 11:36:25 
TT 130 067.2 -41.0 067.2 -41.0 1.37E-02 014.3 216.7 -63.2 527.9165 393.9565 1303.852 shoemake 2024-08-30 15:04:13 
TT 160 057.5 -39.2 057.5 -39.2 2.25E-02 001.7 199.6 -63.4 39.99390 44.82467 37.85123 shoemake 2024-09-04 17:26:34 
