PKSI- 1F 
        310.0  25.0   0.0   0.0   1.0
NRM    080.2 -44.5 080.2 -44.5 5.69E-02 002.1 238.9 -62.3 148.0690 142.6955 49.48803 shoemake 2024-07-15 18:38:15 
LT1 77 075.2 -44.8 075.2 -44.8 4.53E-02 001.2 232.2 -64.3 78.27881 54.87197 12.94770 shoemake 2024-07-29 20:26:56 
LT2 77 072.0 -43.8 072.0 -43.8 4.42E-02 001.7 226.6 -64.5 104.1130 81.47382 21.15904 shoemake 2024-08-12 14:27:52 
TT  70 071.1 -43.6 071.1 -43.6 4.25E-02 000.8 225.0 -64.5 44.69021 33.95258 18.09730 shoemake 2024-08-22 17:46:21 
TT  70 070.9 -43.3 070.9 -43.3 2.12E-02 013.6 224.3 -64.3 704.4384 687.6694 2044.945 shoemake 2024-08-22 21:25:15 
TT 100 070.3 -43.6 070.3 -43.6 4.13E-02 002.2 223.6 -64.8 104.4807 122.1878 16.44078 shoemake 2024-08-28 11:34:00 
TT 130 067.4 -42.7 067.4 -42.7 3.36E-02 001.6 218.3 -64.7 65.28099 63.91374 21.81955 shoemake 2024-08-30 15:01:41 
TT 160 061.3 -40.9 061.3 -40.9 2.77E-02 002.6 207.0 -64.4 60.82044 108.6030 11.62760 shoemake 2024-09-04 17:24:04 
TT 190 060.8 -40.8 060.8 -40.8 2.78E-02 001.9 206.0 -64.4 28.85834 84.47404 14.63672 shoemake 2024-09-09 14:33:37 
TT 210 052.2 -34.7 052.2 -34.7 1.68E-02 003.5 189.6 -59.5 17.84074 100.4843 13.50495 shoemake 2024-09-16 10:01:32 
TT 240 052.0 -34.3 052.0 -34.3 1.65E-02 001.0 189.1 -59.1 11.57714 23.53806 15.48951 shoemake 2024-09-18 11:17:05 
TT 270 049.6 -33.2 049.6 -33.2 1.57E-02 001.0 185.3 -58.2 16.24455 21.03613 8.471234 shoemake 2024-10-04 18:20:56 
TT 300 048.0 -33.0 048.0 -33.0 1.56E-02 000.8 182.6 -58.0 14.68760 15.83697 7.176775 shoemake 2024-10-15 17:18:33 
TT 330 046.5 -29.1 046.5 -29.1 7.02E-03 000.7 180.3 -54.1 3.853927 7.426593 1.353455 shoemake 2024-10-23 16:20:07 
TT 360 043.6 -29.7 043.6 -29.7 6.96E-03 007.3 176.0 -54.6 9.373504 89.15823 4.509015 shoemake 2025-05-21 12:35:20 
TT 390 040.1 -29.7 040.1 -29.7 6.82E-03 007.1 170.7 -54.5 13.96060 84.53348 4.403727 shoemake 2025-05-22 15:19:42 
TT 420 043.7 -29.1 043.7 -29.1 6.87E-03 001.8 176.2 -54.0 8.913675 20.40389 4.908206 shoemake 2025-05-26 14:01:02 
TT 420 040.6 -29.4 040.6 -29.4 6.92E-03 002.8 171.5 -54.2 12.34205 32.52254 6.054838 shoemake 2025-06-19 14:01:05 
TT 450 032.8 -14.0 032.8 -14.0 3.76E-04 008.2 163.2 -38.2 1.677046 5.156123 0.535040 shoemake 2025-06-30 14:28:20 
