PKSI- 1 sun compass orientation
    553 316.7  25.0  -1.3   0.0   1.0
NRM    085.6 -47.0 085.6 -47.0 6.13E-02 004.5 248.1 -62.5 426.2949 228.9539 43.94851 shoemake 2024-07-15 18:32:04 
LT1 77 080.3 -46.7 080.3 -46.7 4.88E-02 001.4 241.1 -64.3 107.5129 43.81888 10.18487 shoemake 2024-07-29 20:18:09 
LT2 77 078.2 -46.1 078.2 -46.1 4.70E-02 001.9 237.4 -64.5 116.2264 105.4894 20.40238 shoemake 2024-08-12 14:20:23 
TT  70 079.6 -47.1 079.6 -47.1 4.60E-02 001.2 240.7 -64.9 82.47499 37.63032 25.07988 shoemake 2024-08-22 17:38:53 
TT  70 079.4 -47.0 079.4 -47.0 4.60E-02 001.0 240.2 -64.9 69.07292 36.20209 24.51915 shoemake 2024-08-22 21:17:55 
TT 100 078.0 -46.6 078.0 -46.6 4.49E-02 001.1 237.8 -65.0 53.68070 59.84200 22.68959 shoemake 2024-08-28 11:26:34 
TT 130 074.7 -46.4 074.7 -46.4 3.75E-02 001.4 232.8 -66.0 76.85896 41.49399 27.03934 shoemake 2024-08-30 14:54:14 
TT 160 069.4 -44.9 069.4 -44.9 3.19E-02 002.8 222.9 -66.3 119.9165 102.5263 18.65021 shoemake 2024-09-04 17:16:39 
TT 190 071.8 -45.9 071.8 -45.9 3.21E-02 001.2 227.8 -66.5 23.35645 57.25532 21.50436 shoemake 2024-09-09 14:26:09 
TT 210 061.8 -41.6 061.8 -41.6 1.99E-02 001.0 207.6 -65.1 20.23707 24.49001 21.98786 shoemake 2024-09-16 09:54:15 
TT 240 061.5 -41.5 061.5 -41.5 1.92E-02 001.5 206.9 -65.0 39.87163 23.79153 19.28072 shoemake 2024-09-18 11:09:45 
TT 270 058.4 -40.3 058.4 -40.3 1.71E-02 001.8 201.0 -64.4 42.07188 31.88098 14.35859 shoemake 2024-10-04 18:13:32 
TT 300 057.8 -40.8 057.8 -40.8 8.51E-03 074.2 200.1 -65.0 361.3943 132.8696 824.4796 shoemake 2024-10-15 17:11:06 
TT 300 058.5 -40.4 058.5 -40.4 1.70E-02 001.8 201.2 -64.5 36.73013 38.89581 11.74584 shoemake 2024-10-16 09:42:49 
TT 330 057.8 -37.4 057.8 -37.4 5.18E-03 075.8 198.7 -61.6 255.9519 98.07890 546.7133 shoemake 2024-10-23 16:12:41 
TT 330 053.1 -37.4 053.1 -37.4 1.09E-02 001.0 191.0 -62.1 8.031978 16.15898 4.722558 shoemake 2024-10-24 15:04:06 
TT 360 047.8 -37.2 047.8 -37.2 1.07E-02 003.9 181.8 -62.2 15.64654 72.11902 5.755687 shoemake 2025-05-21 12:27:58 
TT 390 051.9 -36.7 051.9 -36.7 9.57E-03 001.2 188.7 -61.5 14.27046 14.67530 4.793459 shoemake 2025-05-22 15:12:19 
TT 420 054.8 -36.8 054.8 -36.8 9.41E-03 001.5 193.6 -61.4 16.79602 17.76957 4.697169 shoemake 2025-05-26 13:53:39 
TT 420 050.4 -36.8 050.4 -36.8 9.48E-03 003.9 186.2 -61.7 17.76913 63.07158 6.612731 shoemake 2025-06-19 13:54:06 
TT 450 024.3 -11.3 024.3 -11.3 1.19E-04 008.0 153.2 -34.1 0.757523 1.536005 0.117368 shoemake 2025-06-30 14:20:56 
