PKSI- 1 sun compass orientation
    553 316.7  25.0  -1.3   0.0   1.0
NRM    079.2 -45.2 079.2 -45.2 5.22E-02 006.6 237.7 -63.4 501.4345 327.9988 47.95798 shoemake 2024-07-15 18:36:10 
LT1 77 077.1 -45.9 077.1 -45.9 4.09E-02 000.9 235.7 -64.8 34.02676 53.75238 13.73327 shoemake 2024-07-29 20:24:00 
LT2 77 072.5 -44.2 072.5 -44.2 3.96E-02 002.1 227.1 -64.8 80.83064 117.4261 19.62478 shoemake 2024-08-12 14:25:21 
TT  70 073.7 -45.1 073.7 -45.1 3.83E-02 001.3 229.8 -65.2 78.23759 42.10328 16.56597 shoemake 2024-08-22 17:43:49 
TT  70 073.9 -45.2 073.9 -45.2 3.83E-02 001.5 230.2 -65.2 86.86207 45.77686 19.47985 shoemake 2024-08-22 21:22:47 
TT 100 073.4 -45.2 073.4 -45.2 3.71E-02 001.7 229.4 -65.4 65.60979 85.70003 20.03882 shoemake 2024-08-28 11:31:33 
TT 130 070.4 -44.7 070.4 -44.7 3.08E-02 001.5 224.4 -65.9 68.08131 37.85176 25.37326 shoemake 2024-08-30 14:59:11 
TT 160 063.6 -42.5 063.6 -42.5 2.58E-02 001.0 211.3 -65.6 20.60016 37.72697 16.83742 shoemake 2024-09-04 17:21:33 
TT 190 066.7 -43.5 066.7 -43.5 2.58E-02 001.4 217.3 -65.8 53.61986 29.01474 14.88745 shoemake 2024-09-09 14:31:06 
TT 210 055.0 -37.4 055.0 -37.4 1.58E-02 001.3 194.2 -62.0 24.82047 18.36295 18.41624 shoemake 2024-09-16 09:59:06 
TT 240 050.8 -36.8 050.8 -36.8 1.54E-02 003.6 186.9 -61.7 10.64827 96.85981 10.47979 shoemake 2024-09-18 11:14:39 
TT 270 053.0 -36.2 053.0 -36.2 1.45E-02 001.0 190.6 -61.0 20.10411 12.61275 10.48558 shoemake 2024-10-04 18:18:26 
TT 300 049.3 -35.6 049.3 -35.6 1.45E-02 001.5 184.3 -60.6 19.53324 30.75580 8.815700 shoemake 2024-10-15 17:16:02 
TT 330 047.6 -32.1 047.6 -32.1 7.05E-03 001.1 181.4 -57.1 4.549592 11.99265 4.217511 shoemake 2024-10-23 16:17:37 
TT 360 040.6 -32.2 040.6 -32.2 7.01E-03 004.0 170.5 -57.0 12.38190 47.18382 3.754549 shoemake 2025-05-21 12:32:54 
TT 390 043.7 -31.8 043.7 -31.8 6.84E-03 003.3 175.4 -56.7 9.324915 38.94608 3.589146 shoemake 2025-05-22 15:17:15 
TT 420 047.1 -31.4 047.1 -31.4 6.82E-03 001.2 180.6 -56.4 9.074633 12.67471 3.672954 shoemake 2025-05-26 13:58:37 
TT 420 048.4 -32.0 048.4 -32.0 6.85E-03 006.0 182.6 -57.0 13.16781 71.18176 5.107083 shoemake 2025-06-19 13:58:48 
TT 450 034.9  -9.4 034.9  -9.4 2.26E-04 007.4 165.9 -33.8 1.019335 2.736327 0.286990 shoemake 2025-06-30 14:25:55 
