NWFC- 7D 
        102.0 106.0   0.0   0.0   1.0
NRM    322.8  59.0 322.8  59.0 9.82E-03 012.8 201.3  06.7 83.49500 206.8507 11.76531 shoemake 2024-07-01 17:02:44 
LN2    351.2  55.4 351.2  55.4 9.27E-03 001.0 189.4  17.3 7.773157 9.906975 12.59253 shoemake 2024-07-11 16:17:35 
TT  70 358.1  53.6 358.1  53.6 9.13E-03 004.6 185.7  20.0 12.72338 72.59152 9.923762 shoemake 2024-07-30 19:58:06 
TT 100 000.9  51.0 000.9  51.0 9.02E-03 002.2 184.3  22.8 6.307793 32.24119 13.57733 shoemake 2024-08-01 12:41:19 
TT 130 009.7  43.9 009.7  43.9 8.47E-03 002.5 177.9  30.1 9.343651 32.81148 13.65059 shoemake 2024-09-07 18:18:20 
TT 160 009.6  40.4 009.6  40.4 8.26E-03 009.8 177.8  33.6 4.260139 142.4550 12.70767 shoemake 2024-09-12 14:20:17 
TT 190 007.8  38.5 007.8  38.5 7.91E-03 005.7 179.4  35.5 5.238355 78.49224 9.745296 shoemake 2024-09-17 15:55:32 
TT 210 008.0  37.1 008.0  37.1 7.87E-03 007.5 179.2  36.9 11.00034 102.3261 14.35963 shoemake 2024-10-11 02:54:13 
TT 210 004.3  37.3 004.3  37.3 7.93E-03 002.8 182.9  36.6 9.855381 34.48426 13.63347 shoemake 2024-10-14 13:13:05 
TT 240 013.3  33.8 013.3  33.8 4.08E-03 003.1 173.4  39.8 3.635621 20.90207 6.583585 shoemake 2024-10-18 11:46:43 
TT 270 014.7  33.6 014.7  33.6 3.45E-03 002.0 171.9  39.9 6.931804 8.200750 5.836029 shoemake 2024-10-26 18:05:32 
TT 300 012.6  33.8 012.6  33.8 3.46E-03 001.8 174.2  39.9 3.617163 10.60210 1.671815 shoemake 2024-11-06 17:58:07 
TT 330 011.3  33.1 011.3  33.1 3.37E-03 004.7 175.5  40.8 6.316555 26.63145 3.597381 shoemake 2024-11-15 18:33:10 
TT 360 010.1  32.6 010.1  32.6 3.17E-03 001.4 176.8  41.3 4.790894 5.382648 3.377035 shoemake 2024-11-18 18:08:04 
TT 360 357.5  73.8 357.5  73.8 2.16E-03 049.0 182.7  00.0 6.943740 112.4480 221.6339 shoemake 2024-11-22 23:29:21 
TT 360 013.9  32.0 013.9  32.0 3.15E-03 005.4 172.3  41.6 7.852025 28.70334 3.868894 shoemake 2024-11-23 21:29:36 
TT 390 014.2  31.5 014.2  31.5 2.89E-03 001.9 172.0  42.0 6.088322 6.198049 4.951497 shoemake 2024-11-25 10:52:09 
TT 420 005.3  30.0 005.3  30.0 1.87E-03 002.9 182.3  44.0 4.126659 7.714472 3.929002 shoemake 2024-11-27 00:23:14 
TT 450 351.7  23.5 351.7  23.5 1.14E-03 006.0 201.3  47.7 2.854283 11.37099 2.607852 shoemake 2024-12-05 07:27:21 
TT 450 349.3  22.7 349.3  22.7 1.16E-03 002.9 204.8  47.5 3.885718 4.544455 1.394032 shoemake 2025-02-06 05:26:44 
TT 480 330.1  04.7 330.1  04.7 1.22E-04 004.5 243.7  47.8 0.837838 0.548553 0.186739 shoemake 2025-04-09 18:23:16 
TT 510 326.3  07.7 326.3  07.7 1.59E-04 004.4 242.7  43.1 1.104203 0.649954 0.139278 shoemake 2025-04-25 21:54:36 
