NWFC- 5E 
        119.0  58.5   0.0   0.0   1.0
NRM    125.9  12.3 125.9  12.3 4.99E-02 007.2 106.6 -03.3 602.6405 181.0448 74.47238 shoemake 2024-07-01 16:47:52 
LN2    128.5  16.2 128.5  16.2 4.82E-02 001.6 111.3 -03.2 102.3050 41.23824 75.21466 shoemake 2024-07-11 16:00:48 
TT  70 132.7  22.3 132.7  22.3 4.70E-02 001.1 118.5 -02.9 66.12231 41.08488 55.70022 shoemake 2024-07-30 19:37:45 
TT 100 129.8  19.4 129.8  19.4 4.16E-02 004.5 114.6 -02.5 287.5427 153.4759 52.19014 shoemake 2024-08-01 12:24:02 
TT 130 131.3  22.5 131.3  22.5 3.90E-02 001.5 118.0 -01.8 67.48726 63.25086 53.70515 shoemake 2024-09-07 18:01:08 
TT 160 132.1  23.5 132.1  23.5 3.78E-02 004.0 119.2 -01.9 225.6212 134.5161 41.50009 shoemake 2024-09-12 14:03:02 
TT 190 131.7  24.0 131.7  24.0 3.30E-02 005.7 119.4 -01.2 280.8337 170.6790 36.82087 shoemake 2024-09-17 15:38:14 
TT 210 132.8  25.9 132.8  25.9 3.19E-02 010.1 121.5 -00.9 485.9594 299.2333 44.02457 shoemake 2024-10-11 02:36:48 
TT 210 130.5  22.6 130.5  22.6 3.24E-02 002.3 117.6 -01.2 106.8807 57.30716 45.94866 shoemake 2024-10-14 13:05:36 
TT 240 130.0  23.2 130.0  23.2 1.53E-02 005.8 117.8 -00.5 134.5581 74.15390 18.52516 shoemake 2024-10-18 11:29:18 
TT 270 133.5  27.9 133.5  27.9 1.19E-02 008.0 123.5 -00.3 136.3471 95.47348 22.91068 shoemake 2024-10-26 17:49:51 
TT 300 131.0  25.4 131.0  25.4 1.20E-02 002.5 120.2  00.1 45.50039 28.18307 5.241840 shoemake 2024-11-06 17:40:37 
TT 330 133.1  27.9 133.1  27.9 1.18E-02 001.7 123.2  00.0 26.60291 18.91152 15.80759 shoemake 2024-11-15 18:15:57 
TT 360 139.8  35.9 139.8  35.9 5.83E-03 053.5 133.1  00.5 425.7601 455.2666 11.29658 shoemake 2024-11-18 17:50:36 
TT 360 131.7  26.8 131.7  26.8 5.83E-03 036.5 121.6  00.4 326.7725 530.3485 14.10191 shoemake 2024-11-19 08:50:30 
TT 360 201.4 -34.1 201.4 -34.1 2.22E-08 068.9 042.4 -86.2 0.000200 0.000061 0.002910 shoemake 2024-11-20 18:06:25 
TT 360 131.9  26.6 131.9  26.6 1.17E-02 001.0 121.6  00.1 14.78378 13.54205 12.41952 shoemake 2024-11-22 23:12:06 
TT 390 131.9  26.5 131.9  26.5 1.15E-02 003.7 121.5  00.1 61.32213 40.11807 20.21860 shoemake 2024-11-25 10:34:43 
TT 420 131.8  26.6 131.8  26.6 1.09E-02 001.3 121.5  00.2 10.80373 14.02284 19.69212 shoemake 2024-11-27 00:05:47 
TT 450 131.7  26.4 131.7  26.4 9.12E-03 001.2 121.3  00.1 8.941693 11.72500 15.56656 shoemake 2024-12-05 07:09:50 
TT 450 134.4  29.9 134.4  29.9 9.20E-03 004.1 125.5  00.3 54.00441 40.41638 5.970275 shoemake 2025-02-06 05:09:15 
TT 480 136.6  33.0 136.6  33.0 1.45E-03 043.0 129.2  00.7 98.23982 120.5681 2.071729 shoemake 2025-04-09 18:05:58 
TT 480 133.4  28.9 133.4  28.9 2.91E-03 001.5 124.2  00.4 6.332198 4.793475 2.172483 shoemake 2025-04-15 15:17:46 
TT 510 134.2  41.5 134.2  41.5 1.59E-04 045.9 134.8  07.4 11.91407 11.98940 2.180342 shoemake 2025-04-25 21:37:30 
TT 510 127.5  33.9 127.5  33.9 3.16E-04 006.0 125.5  07.4 2.707070 1.982923 0.198610 shoemake 2025-05-01 17:43:06 
