NWFC- 5D 
        119.0  58.5   0.0   0.0   1.0
NRM    125.3  09.9 125.3  09.9 9.21E-02 003.1 104.2 -04.1 475.7121 129.9172 109.3860 shoemake 2024-07-01 16:45:47 
LN2    123.7  07.6 123.7  07.6 8.72E-02 005.8 101.5 -04.0 864.4518 174.7824 112.6391 shoemake 2024-07-11 15:58:37 
TT  70 125.7  10.5 125.7  10.5 8.56E-02 001.1 105.0 -04.1 152.7123 58.63253 36.35343 shoemake 2024-07-30 19:34:50 
TT 100 127.1  14.2 127.1  14.2 7.54E-02 000.8 108.8 -03.2 102.5090 48.71224 42.83880 shoemake 2024-08-01 12:21:32 
TT 130 127.5  16.2 127.5  16.2 6.98E-02 001.3 110.7 -02.5 132.0897 84.54555 51.59574 shoemake 2024-09-07 17:58:37 
TT 160 129.0  19.0 129.0  19.0 6.60E-02 007.2 113.8 -02.1 757.5855 352.7029 51.67036 shoemake 2024-09-12 14:00:34 
TT 190 127.2  18.2 127.2  18.2 5.37E-02 003.0 112.3 -01.1 256.6345 115.0396 30.40259 shoemake 2024-09-17 15:35:45 
TT 210 129.0  21.0 129.0  21.0 5.12E-02 005.7 115.5 -00.9 455.0475 221.0971 48.38392 shoemake 2024-10-11 02:34:22 
TT 240 126.4  18.3 126.4  18.3 2.50E-02 001.4 111.8 -00.4 57.30960 21.95461 21.83702 shoemake 2024-10-18 11:26:50 
TT 270 130.7  23.4 130.7  23.4 2.08E-02 005.3 118.4 -00.9 162.8231 96.07505 39.41646 shoemake 2024-10-26 17:47:37 
TT 300 127.6  19.5 127.6  19.5 2.08E-02 001.4 113.5 -00.7 43.81867 23.96175 10.02772 shoemake 2024-11-06 17:38:08 
TT 330 129.8  22.4 129.8  22.4 2.04E-02 000.9 117.0 -00.7 17.87694 17.43355 25.96763 shoemake 2024-11-15 18:13:33 
TT 360 128.4  20.8 128.4  20.8 2.02E-02 002.7 115.0 -00.6 83.94613 41.31533 24.74345 shoemake 2024-11-18 17:48:08 
TT 360 208.0  58.4 208.0  58.4 1.29E-02 052.5 182.0 -00.0 57.29473 1681.985 38.37689 shoemake 2024-11-22 23:09:41 
TT 360 127.2  18.9 127.2  18.9 2.01E-02 006.9 112.8 -00.7 220.8228 96.84745 28.63721 shoemake 2024-11-23 21:19:42 
TT 390 127.8  19.7 127.8  19.7 1.99E-02 003.9 113.8 -00.7 118.9917 54.86552 35.84453 shoemake 2024-11-25 10:32:16 
TT 420 126.0  17.1 126.0  17.1 1.89E-02 006.3 110.7 -00.7 191.3073 75.77797 36.07836 shoemake 2024-11-27 00:03:20 
TT 450 128.8  21.1 128.8  21.1 1.58E-02 005.6 115.5 -00.7 136.2465 66.84857 27.02500 shoemake 2024-12-05 07:07:22 
TT 450 128.3  20.8 128.3  20.8 1.60E-02 001.3 115.0 -00.5 31.35287 21.34237 10.89787 shoemake 2025-02-06 05:06:47 
TT 480 132.5  27.8 132.5  27.8 4.89E-03 001.2 122.8  00.4 9.027795 7.166301 2.525940 shoemake 2025-04-09 18:03:29 
TT 510 130.7  42.5 130.7  42.5 1.60E-04 051.6 134.1  10.0 11.75713 12.12683 2.981543 shoemake 2025-04-25 21:35:01 
TT 510 122.9  32.2 122.9  32.2 3.19E-04 001.5 122.0  09.7 0.679797 0.672523 0.165260 shoemake 2025-05-01 17:40:40 
