NWFC- 1C 
        321.0  51.0   0.0   0.0   1.0
NRM    236.2  02.9 236.2  02.9 5.52E-02 002.0 016.6  52.7 148.6417 97.74185 76.50844 shoemake 2024-07-01 16:13:51 
LN2    231.1  01.9 231.1  01.9 5.19E-02 003.4 008.2  52.6 160.0904 258.8769 64.54258 shoemake 2024-07-11 15:24:22 
TT  70 231.4  01.8 231.4  01.8 4.67E-02 004.7 008.6  52.5 26.55603 378.3954 53.76726 shoemake 2024-07-30 18:50:36 
TT 100 239.7  02.5 239.7  02.5 2.91E-02 001.8 022.1  51.5 32.25948 72.71297 46.38545 shoemake 2024-08-01 11:44:21 
TT 130 258.0  08.1 258.0  08.1 1.57E-02 005.7 051.1  47.9 99.21367 117.5572 38.77037 shoemake 2024-09-07 17:21:31 
TT 160 259.9  05.8 259.9  05.8 1.24E-02 004.8 051.4  45.0 55.08040 83.69256 25.39353 shoemake 2024-09-12 13:23:30 
TT 190 260.3  05.6 260.3  05.6 1.23E-02 002.7 051.6  44.6 14.44305 47.76513 28.56459 shoemake 2024-09-17 14:58:35 
TT 210 261.1  05.8 261.1  05.8 1.21E-02 002.1 052.6  44.2 22.92144 17.38640 34.31706 shoemake 2024-10-11 01:57:09 
TT 240 266.1  08.2 266.1  08.2 1.08E-02 002.8 059.9  42.8 23.18873 39.41562 28.08521 shoemake 2024-10-18 10:49:48 
TT 270 265.6  06.0 265.6  06.0 9.85E-03 002.5 057.5  41.6 18.54662 27.97809 26.70577 shoemake 2024-10-26 17:14:12 
TT 300 267.0  05.9 267.0  05.9 8.12E-03 004.0 058.8  40.5 32.80604 39.86823 22.98351 shoemake 2024-11-06 17:00:42 
TT 330 262.9  05.1 262.9  05.1 4.97E-03 004.5 053.9  42.5 22.19249 30.08832 13.79864 shoemake 2024-11-15 17:36:12 
TT 360 273.6  04.2 273.6  04.2 2.15E-03 003.8 063.3  34.8 8.923057 9.158753 6.446276 shoemake 2024-11-18 17:10:44 
TT 360 226.5 -51.0 226.5 -51.0 8.85E-04 066.5 000.2 -00.0 3.236009 158.8154 137.3250 shoemake 2024-11-22 22:32:39 
TT 360 275.9  06.6 275.9  06.6 2.14E-03 004.5 067.4  34.9 12.14368 9.900047 6.793229 shoemake 2024-11-23 20:50:07 
TT 390 276.7  06.9 276.7  06.9 1.54E-03 002.8 068.4  34.4 3.053879 4.466662 5.509183 shoemake 2024-11-25 09:03:20 
TT 420 291.9  06.9 291.9  06.9 1.59E-04 003.3 079.8  23.1 0.531248 0.302269 0.745446 shoemake 2024-11-26 23:26:21 
TT 450 299.5  06.9 299.5  06.9 8.70E-05 002.6 084.8  17.3 0.127088 0.181242 0.355307 shoemake 2024-12-05 06:30:03 
TT 450 299.7  09.1 299.7  09.1 8.33E-05 019.7 086.8  18.5 2.885277 0.779433 0.271558 shoemake 2025-02-06 02:40:12 
TT 450 300.4  09.2 300.4  09.2 8.47E-05 016.1 087.3  18.0 2.352438 0.695163 0.269803 shoemake 2025-02-07 00:44:03 
TT 450 302.1  10.2 302.1  10.2 8.78E-05 005.6 089.2  17.3 0.810759 0.384613 0.258046 shoemake 2025-02-10 17:44:04 
TT 480 300.1  03.9 300.1  03.9 9.40E-05 003.1 082.7  14.9 0.403778 0.380524 0.294531 shoemake 2025-04-09 17:26:13 
TT 510 290.7  31.2 290.7  31.2 2.21E-05 011.5 102.5  37.7 0.384663 0.357866 0.072894 shoemake 2025-04-25 20:58:09 
