NWFC- 2F 
        335.0  16.0   0.0   0.0   1.0
NRM    026.2 -57.0 026.2 -57.0 2.21E-02 004.0 123.7 -68.5 114.5511 101.5220 16.44360 shoemake 2024-07-01 16:24:34 
LN2    020.7 -58.4 020.7 -58.4 2.21E-02 003.8 114.7 -68.5 124.0565 80.27247 14.12412 shoemake 2024-07-11 15:35:16 
TT  70 013.6 -60.2 013.6 -60.2 2.08E-02 002.0 103.9 -68.2 70.38753 18.17932 16.02155 shoemake 2024-07-30 19:05:37 
TT 100 018.0 -55.4 018.0 -55.4 1.57E-02 000.8 114.9 -65.1 14.70601 15.42406 16.42490 shoemake 2024-08-01 11:56:45 
TT 130 016.2 -47.8 016.2 -47.8 1.04E-02 001.2 119.2 -57.7 17.76369 9.598100 14.93270 shoemake 2024-09-07 17:33:51 
TT 160 017.5 -43.0 017.5 -43.0 7.80E-03 003.9 123.5 -53.5 41.47084 31.89154 7.878046 shoemake 2024-09-12 13:35:51 
TT 190 018.3 -42.3 018.3 -42.3 7.74E-03 000.8 124.8 -53.0 7.209027 6.020560 8.482004 shoemake 2024-09-17 15:11:00 
TT 210 021.5 -41.7 021.5 -41.7 7.75E-03 003.4 128.9 -53.1 37.52382 26.23881 5.991010 shoemake 2024-10-11 02:09:37 
TT 240 018.0 -41.4 018.0 -41.4 7.47E-03 000.8 124.9 -52.1 6.603700 5.411781 9.862973 shoemake 2024-10-18 11:02:08 
TT 270 014.7 -41.8 014.7 -41.8 7.38E-03 005.1 120.9 -51.7 51.66625 39.17731 10.23935 shoemake 2024-10-26 17:25:21 
TT 300 014.9 -41.4 014.9 -41.4 5.16E-03 000.9 121.4 -51.4 6.730072 4.382510 2.766172 shoemake 2024-11-06 17:13:16 
TT 330 016.3 -46.8 016.3 -46.8 3.92E-03 001.6 119.9 -56.8 8.177367 6.838375 3.469913 shoemake 2024-11-15 17:48:43 
TT 360 016.1 -45.0 016.1 -45.0 2.66E-03 001.5 120.8 -55.1 5.174285 4.253752 2.096417 shoemake 2024-11-18 17:23:17 
TT 360 061.3  15.9 061.3  15.9 8.07E-04 072.3 181.1 -00.1 3.927331 137.5156 233.9536 shoemake 2024-11-22 22:45:06 
TT 360 014.7 -45.4 014.7 -45.4 2.66E-03 001.8 118.9 -55.1 5.515856 5.766533 2.979507 shoemake 2024-11-23 21:00:02 
TT 390 015.5 -44.6 015.5 -44.6 2.39E-03 002.3 120.3 -54.5 7.468808 5.520964 3.417013 shoemake 2024-11-25 10:07:22 
TT 420 012.7 -46.6 012.7 -46.6 1.42E-03 001.7 115.9 -55.7 2.682154 2.924548 2.038145 shoemake 2024-11-26 23:38:43 
TT 450 018.0 -43.6 018.0 -43.6 1.05E-03 001.6 123.8 -54.1 1.874990 1.943821 1.558420 shoemake 2024-12-05 06:42:31 
TT 450 019.3 -43.2 019.3 -43.2 1.06E-03 002.4 125.5 -54.1 3.490015 2.588427 0.992717 shoemake 2025-02-06 04:42:01 
TT 480 017.5 -44.1 017.5 -44.1 1.05E-03 001.4 122.9 -54.5 2.012920 1.551755 0.618305 shoemake 2025-04-09 17:38:40 
TT 510 060.3  53.3 060.3  53.3 8.86E-06 051.1 180.1  37.3 0.783685 0.202695 0.570623 shoemake 2025-04-25 21:10:19 
TT 510 036.6  51.0 036.6  51.0 1.85E-05 011.4 161.8  36.0 0.273718 0.330471 0.016501 shoemake 2025-05-01 17:35:43 
