NWFC- 4B 
        240.0  55.0   0.0   0.0   1.0
NRM    012.0 -17.1 012.0 -17.1 1.08E-01 003.3 259.0 -44.8 580.5496 193.0680 103.3794 shoemake 2024-07-01 16:32:58 
LN2    007.4 -11.5 007.4 -11.5 1.01E-01 005.5 249.0 -45.2 905.0964 373.3926 88.23673 shoemake 2024-07-11 15:45:28 
TT  70 006.8 -11.1 006.8 -11.1 9.73E-02 000.6 248.0 -45.4 80.49772 58.99703 41.60943 shoemake 2024-07-30 19:17:13 
TT 100 008.5 -16.3 008.5 -16.3 6.41E-02 003.3 255.4 -47.1 347.4665 118.0955 35.30794 shoemake 2024-08-01 12:06:35 
TT 130 004.7 -12.2 004.7 -12.2 6.25E-02 004.8 247.3 -47.6 483.9032 193.0028 55.81014 shoemake 2024-09-07 17:43:46 
TT 160 359.1 -10.2 359.1 -10.2 3.31E-02 000.9 239.5 -50.4 40.73542 26.95647 23.98231 shoemake 2024-09-12 13:45:40 
TT 190 359.6 -11.6 359.6 -11.6 3.08E-02 000.9 241.6 -51.0 43.56161 22.84477 26.93731 shoemake 2024-09-17 15:20:49 
TT 210 000.6 -12.8 000.6 -12.8 3.00E-02 000.9 244.1 -51.1 38.01570 28.65300 15.73182 shoemake 2024-10-11 02:19:25 
TT 240 359.2 -13.2 359.2 -13.2 1.45E-02 002.5 243.0 -52.4 52.00920 35.09957 7.823827 shoemake 2024-10-18 11:12:03 
TT 270 358.4 -12.5 358.4 -12.5 1.17E-02 003.4 241.4 -52.5 61.84519 32.39306 12.77908 shoemake 2024-10-26 17:34:17 
TT 300 358.5 -12.0 358.5 -12.0 1.17E-02 000.8 241.0 -52.1 13.79670 9.814607 3.575186 shoemake 2024-11-06 17:23:05 
TT 330 357.8 -12.1 357.8 -12.1 1.16E-02 003.2 240.3 -52.6 54.69565 35.70193 9.897746 shoemake 2024-11-15 17:58:33 
TT 360 358.1 -12.2 358.1 -12.2 1.15E-02 001.9 240.7 -52.5 30.21279 22.03341 8.569506 shoemake 2024-11-18 17:33:08 
TT 360 329.6  54.9 329.6  54.9 2.34E-03 077.3 182.5 -00.1 35.67561 707.2981 982.1629 shoemake 2024-11-22 22:54:49 
TT 360 357.9 -12.1 357.9 -12.1 1.15E-02 002.7 240.4 -52.6 46.88909 28.62142 8.763514 shoemake 2024-11-23 21:07:20 
TT 390 357.8 -12.3 357.8 -12.3 1.14E-02 004.0 240.5 -52.8 67.04272 40.70201 10.79030 shoemake 2024-11-25 10:17:12 
TT 420 359.0 -13.6 359.0 -13.6 1.11E-02 002.9 243.4 -52.8 47.60949 29.30080 11.38580 shoemake 2024-11-26 23:48:25 
TT 450 358.2 -12.9 358.2 -12.9 9.78E-03 006.2 241.7 -52.9 93.82058 49.98611 8.590875 shoemake 2024-12-05 06:52:21 
TT 450 358.8 -13.4 358.8 -13.4 1.00E-02 001.7 242.9 -52.8 26.46880 19.08553 4.348368 shoemake 2025-02-06 04:51:47 
TT 480 358.9 -13.6 358.9 -13.6 7.44E-03 001.3 243.2 -52.8 14.39949 11.76987 2.376441 shoemake 2025-04-09 17:48:31 
TT 510 353.1 -06.5 353.1 -06.5 3.54E-05 007.4 228.4 -51.7 0.338227 0.364524 0.036667 shoemake 2025-04-25 21:20:17 
