NWFC- 4D 
        240.0  55.0   0.0   0.0   1.0
NRM    008.2 -09.9 008.2 -09.9 8.73E-02 001.9 248.0 -43.6 180.1067 164.1771 154.4713 shoemake 2024-07-01 16:37:12 
LN2    008.6 -11.6 008.6 -11.6 8.02E-02 005.6 250.1 -44.3 680.3920 388.9161 135.7709 shoemake 2024-07-11 15:49:46 
TT  70 006.9 -10.1 006.9 -10.1 7.66E-02 001.3 247.0 -44.7 118.3329 91.66489 102.5945 shoemake 2024-07-30 19:23:00 
TT 100 007.1 -14.7 007.1 -14.7 5.13E-02 001.7 252.3 -47.3 65.50150 119.8702 69.08682 shoemake 2024-08-01 12:11:30 
TT 130 005.6 -13.8 005.6 -13.8 4.91E-02 001.7 250.1 -48.0 127.0189 52.56327 51.55941 shoemake 2024-09-07 17:48:37 
TT 160 004.1 -12.0 004.1 -12.0 4.79E-02 001.3 246.6 -48.0 71.23290 71.46931 56.99061 shoemake 2024-09-12 13:50:33 
TT 190 358.5 -13.0 358.5 -13.0 2.65E-02 001.4 242.1 -52.7 48.13272 41.82395 20.38463 shoemake 2024-09-17 15:25:43 
TT 210 354.7 -10.5 354.7 -10.5 2.42E-02 002.8 234.8 -53.7 108.7988 38.89903 21.20051 shoemake 2024-10-11 02:24:26 
TT 240 351.2 -09.0 351.2 -09.0 1.07E-02 001.4 228.6 -54.8 17.06562 14.30045 13.57672 shoemake 2024-10-18 11:17:04 
TT 270 351.9 -09.8 351.9 -09.8 8.73E-03 003.6 230.6 -55.0 49.41227 21.24446 15.00384 shoemake 2024-10-26 17:38:48 
TT 300 352.8 -10.7 352.8 -10.7 8.72E-03 001.5 232.7 -55.0 20.04609 8.409222 10.15501 shoemake 2024-11-06 17:28:04 
TT 330 352.3 -10.8 352.3 -10.8 8.61E-03 002.2 232.1 -55.4 27.00406 14.97573 12.03865 shoemake 2024-11-15 18:03:31 
TT 360 354.3 -12.7 354.3 -12.7 8.55E-03 001.9 236.9 -55.5 20.28493 17.16963 12.09683 shoemake 2024-11-18 17:38:06 
TT 360 327.9  55.0 327.9  55.0 2.46E-03 073.1 181.6 -00.0 19.86760 464.8938 744.5954 shoemake 2024-11-22 22:59:45 
TT 360 351.0 -09.8 351.0 -09.8 8.56E-03 002.0 229.2 -55.5 22.45776 17.56359 10.88711 shoemake 2024-11-23 21:12:17 
TT 390 352.9 -11.4 352.9 -11.4 8.47E-03 002.3 233.6 -55.6 26.32211 19.73993 12.01931 shoemake 2024-11-25 10:22:11 
TT 420 350.5 -10.1 350.5 -10.1 8.09E-03 002.3 228.9 -56.0 24.49680 18.27809 10.80012 shoemake 2024-11-26 23:53:20 
TT 450 350.9 -10.5 350.9 -10.5 6.94E-03 002.5 229.8 -56.1 17.78920 23.47828 8.907939 shoemake 2024-12-05 06:57:18 
TT 450 352.2 -12.0 352.2 -12.0 7.05E-03 003.8 233.4 -56.4 44.01430 17.70434 6.952112 shoemake 2025-02-06 04:56:45 
TT 480 348.4 -11.2 348.4 -11.2 4.44E-03 003.1 227.1 -58.2 21.01853 11.65279 4.842146 shoemake 2025-04-09 17:53:25 
TT 510 347.7  03.7 347.7  03.7 4.15E-05 006.1 213.2 -45.9 0.347613 0.357329 0.058239 shoemake 2025-04-25 21:25:07 
