NWFC- 1B 
        321.0  51.0   0.0   0.0   1.0
NRM    244.4  04.4 244.4  04.4 3.82E-02 005.6 030.2  51.7 227.0092 296.1728 45.44983 shoemake 2024-07-01 16:11:47 
LN2    239.5  01.8 239.5  01.8 3.69E-02 001.8 021.3  50.9 66.03290 94.10769 39.97119 shoemake 2024-07-11 15:20:42 
TT  70 240.8  01.9 240.8  01.9 3.36E-02 001.8 023.4  50.6 34.39239 100.0673 19.14057 shoemake 2024-07-30 18:47:43 
TT 100 249.5  03.5 249.5  03.5 2.30E-02 002.5 036.7  48.7 49.44452 86.73061 21.86200 shoemake 2024-08-01 11:41:55 
TT 130 265.2  08.3 265.2  08.3 1.37E-02 006.3 059.1  43.5 126.3414 80.92458 27.28869 shoemake 2024-09-07 16:53:42 
TT 160 267.8  06.6 267.8  06.6 1.15E-02 003.4 060.2  40.5 51.30913 41.60962 14.40031 shoemake 2024-09-12 13:21:05 
TT 190 268.9  07.6 268.9  07.6 1.13E-02 006.9 062.2  40.5 115.8679 71.41566 16.12776 shoemake 2024-09-17 13:09:13 
TT 210 043.1 -17.8 043.1 -17.8 2.07E-08 084.6 172.0 -68.4 0.003747 0.002930 0.014519 shoemake 2024-10-11 01:54:28 
TT 210 269.3  07.5 269.3  07.5 1.13E-02 003.3 062.4  40.1 47.97307 44.42547 10.25836 shoemake 2024-10-14 13:00:25 
TT 240 273.5  08.1 273.5  08.1 9.67E-03 001.9 066.7  37.6 21.87878 18.69071 16.30500 shoemake 2024-10-18 10:47:17 
TT 270 274.8  07.6 274.8  07.6 8.83E-03 004.6 067.4  36.4 61.43238 32.47498 16.38577 shoemake 2024-10-26 17:11:55 
TT 300 276.3  08.3 276.3  08.3 7.41E-03 005.1 069.3  35.7 58.21158 28.74651 10.48790 shoemake 2024-11-06 16:58:15 
TT 330 270.2  06.8 270.2  06.8 4.65E-03 003.5 062.6  39.1 21.10838 17.46146 7.685276 shoemake 2024-11-15 17:33:45 
TT 360 277.4  08.4 277.4  08.4 1.14E-03 069.4 070.3  35.0 33.64944 93.75057 69.72552 shoemake 2024-11-18 17:08:17 
TT 360 046.2  48.5 046.2  48.5 6.66E-10 062.6 180.0 -02.2 0.000056 0.000087 0.000054 shoemake 2024-11-19 08:40:21 
TT 360 261.8 -45.1 261.8 -45.1 1.81E-09 053.8 024.2 -00.0 0.000170 0.000080 0.000060 shoemake 2024-11-20 17:56:15 
TT 360 273.9  05.9 273.9  05.9 2.27E-03 002.2 065.1  35.8 5.749020 5.867494 3.658231 shoemake 2024-11-22 22:30:14 
TT 390 272.6  06.6 272.6  06.6 1.57E-03 005.0 064.6  37.2 10.62801 7.861416 3.731621 shoemake 2024-11-25 09:00:54 
TT 420 290.7  03.2 290.7  03.2 1.61E-04 003.1 075.9  21.6 0.760175 0.271723 0.401837 shoemake 2024-11-26 23:23:55 
TT 450 305.9  13.4 305.9  13.4 8.08E-05 002.4 094.2  16.3 0.251429 0.149671 0.212560 shoemake 2024-12-05 06:27:37 
TT 450 225.0  59.4 225.0  59.4 4.43E-09 083.1 181.8  68.3 0.000290 0.000375 0.002311 shoemake 2025-02-06 02:37:46 
TT 450 306.3  16.3 306.3  16.3 7.95E-05 013.9 096.9  17.7 1.988178 0.351014 0.130649 shoemake 2025-02-07 00:41:36 
TT 480 304.1  08.2 304.1  08.2 8.61E-05 003.6 088.8  14.5 0.500249 0.361074 0.172477 shoemake 2025-04-09 17:23:46 
TT 510 297.7  23.8 297.7  23.8 1.91E-05 010.5 098.5  28.7 0.313878 0.316890 0.048728 shoemake 2025-04-25 20:55:43 
