NWFC- 6B 
        112.0  63.0   0.0   0.0   1.0
NRM    040.5 -26.2 040.5 -26.2 8.49E-02 004.5 024.8  32.2 307.0449 591.4132 103.5964 shoemake 2024-07-01 16:49:57 
LN2    036.3 -27.5 036.3 -27.5 7.94E-02 003.1 020.1  32.5 204.9044 371.6333 103.2911 shoemake 2024-07-11 16:02:56 
TT  70 038.9 -27.1 038.9 -27.1 7.53E-02 003.1 022.8  32.0 173.9554 370.9462 32.42154 shoemake 2024-07-30 19:40:37 
TT 100 039.8 -26.1 039.8 -26.1 6.18E-02 002.6 024.2  32.6 135.9126 247.2484 35.47329 shoemake 2024-08-01 12:26:28 
TT 130 037.5 -25.7 037.5 -25.7 4.78E-02 000.8 022.1  33.8 35.19995 62.37153 24.98442 shoemake 2024-09-07 18:03:35 
TT 160 045.8 -20.9 045.8 -20.9 4.15E-02 003.5 033.0  34.6 143.9038 212.9021 27.02006 shoemake 2024-09-12 14:05:28 
TT 190 042.4 -18.9 042.4 -18.9 2.89E-02 004.0 030.7  38.0 105.4404 171.0646 15.42960 shoemake 2024-09-17 15:40:40 
TT 210 039.3 -19.2 039.3 -19.2 2.69E-02 006.8 027.2  39.1 134.9215 292.2121 14.01821 shoemake 2024-10-11 02:39:15 
TT 240 038.8 -18.2 038.8 -18.2 9.55E-03 001.4 027.3  40.2 7.652862 21.92320 6.029274 shoemake 2024-10-18 11:31:48 
TT 270 039.9 -17.5 039.9 -17.5 8.04E-03 004.5 028.8  40.3 36.19651 50.99559 11.71840 shoemake 2024-10-26 17:52:06 
TT 300 040.0 -16.7 040.0 -16.7 7.95E-03 002.8 029.5  41.0 20.33546 33.31077 4.800460 shoemake 2024-11-06 17:43:04 
TT 330 036.3 -18.1 036.3 -18.1 7.88E-03 002.3 024.5  41.2 17.52262 26.36031 7.640162 shoemake 2024-11-15 18:18:22 
TT 360 036.9 -17.4 036.9 -17.4 7.77E-03 001.6 025.5  41.7 14.20020 16.40526 7.636039 shoemake 2024-11-18 17:53:03 
TT 360 018.7 -63.0 018.7 -63.0 4.85E-03 053.1 000.7  00.0 10.97376 338.9158 553.2853 shoemake 2024-11-22 23:14:31 
TT 360 038.8 -16.4 038.8 -16.4 7.79E-03 003.2 028.2  41.8 25.68449 35.33820 9.772614 shoemake 2024-11-23 21:22:10 
TT 390 037.1 -17.3 037.1 -17.3 7.65E-03 004.2 025.8  41.7 29.46529 47.30154 10.72562 shoemake 2024-11-25 10:37:10 
TT 420 035.7 -17.5 035.7 -17.5 7.07E-03 004.4 024.0  42.1 27.64947 45.85669 11.46547 shoemake 2024-11-27 00:08:14 
TT 450 036.5 -17.4 036.5 -17.4 5.86E-03 004.3 025.1  41.8 23.77318 37.00338 8.510609 shoemake 2024-12-05 07:12:17 
TT 450 039.3 -16.1 039.3 -16.1 5.94E-03 002.0 029.0  41.9 14.51069 16.28185 6.896643 shoemake 2025-02-06 05:11:42 
TT 480 034.0 -16.1 034.0 -16.1 1.66E-03 001.7 022.7  43.9 2.369458 4.729193 1.771370 shoemake 2025-04-09 18:08:24 
TT 510 024.7 -03.1 024.7 -03.1 2.02E-04 002.1 014.6  59.0 0.585248 0.577171 0.254338 shoemake 2025-04-25 21:39:59 
