NWFC- 4E 
        240.0  55.0   0.0   0.0   1.0
NRM    309.1  14.4 309.1  14.4 1.26E-02 067.2 160.0 -38.3 991.9511 362.1333 834.7683 shoemake 2024-07-01 16:39:22 
NRM    313.5  12.8 313.5  12.8 2.49E-02 008.5 164.8 -40.9 128.6809 349.0014 43.80903 shoemake 2024-07-01 17:41:09 
LN2    310.2  11.9 310.2  11.9 2.33E-02 001.7 160.4 -41.0 39.19280 44.95044 37.45669 shoemake 2024-07-11 15:51:58 
TT  70 312.9  11.2 312.9  11.2 1.11E-02 031.5 163.6 -42.4 838.9411 247.3168 797.4068 shoemake 2024-07-30 19:25:56 
TT  70 312.8  11.8 312.8  11.8 2.20E-02 005.1 163.7 -41.7 71.93419 178.1156 40.00601 shoemake 2024-07-31 09:31:51 
TT 100 310.8  08.6 310.8  08.6 1.54E-02 003.0 159.8 -44.3 43.31256 66.88543 14.13096 shoemake 2024-08-01 12:14:00 
TT 130 303.0  05.1 303.0  05.1 1.43E-02 000.9 148.0 -44.8 20.73045 10.81926 10.07265 shoemake 2024-09-07 17:51:05 
TT 160 310.9  07.9 310.9  07.9 6.69E-03 061.7 159.7 -45.0 473.8637 175.2560 505.9701 shoemake 2024-09-12 13:53:03 
TT 160 308.2  06.3 308.2  06.3 1.33E-02 003.1 155.5 -45.7 41.61203 58.19430 11.49079 shoemake 2024-09-13 13:58:01 
TT 190 303.7 -01.2 303.7 -01.2 7.56E-03 006.7 144.7 -50.8 53.85460 69.99419 5.458535 shoemake 2024-09-17 15:28:13 
TT 210 312.9 -26.8 312.9 -26.8 1.74E-08 059.6 124.4 -76.3 0.001295 0.001533 0.002077 shoemake 2024-10-11 02:26:58 
TT 210 307.6 -00.1 307.6 -00.1 3.44E-03 071.0 151.1 -51.4 201.0445 111.2895 287.8905 shoemake 2024-10-14 13:03:05 
TT 210 306.1 -01.0 306.1 -01.0 6.90E-03 002.2 148.2 -51.6 13.04767 22.39959 5.521498 shoemake 2024-10-14 14:17:34 
TT 240 305.6 -04.6 305.6 -04.6 2.70E-03 008.0 144.7 -54.6 20.17263 32.20027 2.657555 shoemake 2024-10-18 11:19:32 
TT 270 338.5  14.4 338.5  14.4 4.01E-08 057.2 196.6 -38.9 0.004700 0.001184 0.001944 shoemake 2024-10-26 17:41:02 
TT 270 305.3 -04.5 305.3 -04.5 2.34E-03 001.7 144.4 -54.4 4.389935 4.586463 3.371100 shoemake 2024-10-28 17:32:15 
TT 300 304.3 -04.7 304.3 -04.7 2.37E-03 000.7 142.6 -54.1 1.935280 2.344028 1.069705 shoemake 2024-11-06 17:30:36 
TT 330 306.2 -04.2 306.2 -04.2 2.30E-03 001.6 146.0 -54.6 4.121974 4.556171 3.127600 shoemake 2024-11-15 18:06:02 
TT 360 328.3 -33.7 328.3 -33.7 2.34E-08 073.2 244.7 -86.9 0.000068 0.000094 0.003029 shoemake 2024-11-18 17:40:38 
TT 360 295.7  02.9 295.7  02.9 6.37E-10 049.5 137.7 -37.6 0.000044 0.000074 0.000055 shoemake 2024-11-19 08:47:58 
TT 360 305.2 -05.2 305.2 -05.2 1.16E-03 065.9 143.6 -55.0 57.23288 42.26868 101.4119 shoemake 2024-11-20 18:03:53 
TT 360 303.4 -06.2 303.4 -06.2 2.31E-03 003.8 140.0 -54.9 9.509015 12.04726 3.053262 shoemake 2024-11-22 23:02:15 
TT 390 303.6 -06.2 303.6 -06.2 2.28E-03 002.3 140.4 -55.0 5.520732 6.761873 4.535397 shoemake 2024-11-25 10:24:44 
TT 420 303.4 -07.4 303.4 -07.4 2.21E-03 002.1 138.9 -55.9 4.928186 5.475379 4.774979 shoemake 2024-11-26 23:55:52 
TT 450 302.5 -07.1 302.5 -07.1 1.01E-03 016.4 137.8 -55.2 45.65362 41.47438 88.40350 shoemake 2024-12-05 06:59:52 
TT 450 301.5 -08.0 301.5 -08.0 1.01E-03 072.0 135.5 -55.4 43.68586 42.93598 88.54431 shoemake 2024-12-05 15:38:52 
TT 450 305.1 -05.9 305.1 -05.9 2.01E-03 003.2 142.9 -55.5 6.902846 8.358312 4.520764 shoemake 2024-12-06 00:39:54 
TT 450 301.6 -07.7 301.6 -07.7 1.03E-03 064.5 136.0 -55.2 45.17594 43.56741 90.20965 shoemake 2025-02-06 04:59:17 
TT 450 298.1 -10.4 298.1 -10.4 1.03E-03 051.2 128.4 -55.2 39.01358 49.22220 90.17418 shoemake 2025-02-07 00:46:43 
TT 450 302.6 -07.0 302.6 -07.0 2.05E-03 003.2 138.2 -55.1 7.475200 8.641990 2.208466 shoemake 2025-02-10 17:46:43 
TT 480 302.9 -09.0 302.9 -09.0 1.21E-03 004.8 136.5 -56.9 7.396845 6.919721 1.277845 shoemake 2025-04-09 17:55:56 
TT 510 305.2  03.8 305.2  03.8 5.32E-06 062.5 150.0 -46.9 0.346181 0.203967 0.417993 shoemake 2025-04-25 21:27:33 
TT 510 313.5 -10.2 313.5 -10.2 1.50E-05 006.3 153.9 -63.0 0.109304 0.127737 0.026752 shoemake 2025-05-01 17:38:12 
