PKSF- 0I 
         77.5  32.0   0.0   0.0   1.0
NRM    288.2  20.3 288.2  20.3 3.44E-01 006.6 285.6  33.4 3697.418 6673.986 4774.894 shoemake 2024-07-17 21:12:53 
NRM    286.9  21.9 286.9  21.9 4.15E-01 004.7 283.3  34.0 2678.746 2899.718 570.0821 shoemake 2024-07-18 22:48:38 
LT1 77 287.4  21.2 287.4  21.2 2.69E-01 007.2 284.2  33.6 3114.751 2451.909 346.7145 shoemake 2024-08-03 00:24:31 
LT2 77 295.9  17.6 295.9  17.6 4.01E-01 005.0 294.8  34.9 3173.413 1794.275 297.4452 shoemake 2024-08-13 21:06:29 
TT  70 291.5  19.4 291.5  19.4 3.52E-01 003.0 289.3  34.3 1781.851 873.5677 330.7266 shoemake 2024-08-14 23:11:11 
TT 100 287.0  22.5 287.0  22.5 3.61E-01 007.1 283.0  34.6 4377.538 1198.295 368.1769 shoemake 2025-07-09 22:35:27 
TT 160 288.7  20.7 288.7  20.7 2.13E-01 004.7 285.9  33.9 1620.301 632.8019 151.1267 shoemake 2025-07-11 23:17:44 
TT 210 288.9  21.0 288.9  21.0 9.70E-02 005.5 285.8  34.2 866.2584 381.6228 41.38144 shoemake 2025-07-17 16:57:32 
TT 240 286.4  23.0 286.4  23.0 8.43E-02 009.5 282.1  34.6 1352.530 456.3903 47.65858 shoemake 2025-07-21 16:50:19 
TT 270 288.9  22.0 288.9  22.0 3.47E-02 008.1 285.1  35.2 463.2756 166.5067 26.59461 shoemake 2025-07-23 17:29:34 
TT 300 293.1  20.5 293.1  20.5 2.71E-02 011.5 290.1  36.0 507.4273 215.1730 13.65598 shoemake 2025-07-25 14:53:02 
TT 330 294.4  20.0 294.4  20.0 1.63E-02 006.9 291.8  36.2 175.3496 93.71001 9.789622 shoemake 2025-07-30 19:51:11 
TT 360 297.0  18.6 297.0  18.6 1.47E-02 003.9 295.3  36.3 87.19999 47.71686 8.988665 shoemake 2025-07-31 23:16:01 
TT 390 297.9  18.3 297.9  18.3 1.35E-02 006.2 296.4  36.4 127.4835 72.32947 7.060161 shoemake 2025-08-03 17:53:29 
TT 420 298.1  19.1 298.1  19.1 1.06E-02 013.4 296.1  37.2 224.7739 115.5165 6.191641 shoemake 2025-08-05 16:58:59 
TT 450 294.3  20.6 294.3  20.6 5.76E-03 008.6 291.3  36.6 81.60763 30.35049 3.329447 shoemake 2025-08-07 15:12:35 
