PKSF- 4E 
         59.0  48.0   0.0   0.0   1.0
NRM    083.1 -06.1 083.1 -06.1 7.10E-03 001.7 102.1 -22.1 14.97582 9.295180 11.75890 shoemake 2024-07-17 15:28:21 
NRM    085.0 -04.6 085.0 -04.6 7.21E-03 002.5 104.7 -22.4 25.71276 12.28767 14.28875 shoemake 2024-07-18 20:11:13 
LT1 77 084.6 -05.4 084.6 -05.4 7.65E-03 006.9 103.8 -22.6 89.67860 22.42016 4.662794 shoemake 2024-08-02 22:17:44 
LT2 77 081.7 -08.8 081.7 -08.8 7.77E-03 001.7 099.0 -22.8 22.12612 7.016861 5.818815 shoemake 2024-08-13 18:43:49 
TT  70 085.8 -04.2 085.8 -04.2 7.43E-03 002.7 105.6 -22.7 32.42642 11.85853 5.000795 shoemake 2024-08-14 20:50:20 
TT 100 087.0 -03.2 087.0 -03.2 3.82E-03 045.5 107.2 -22.8 111.9588 359.7439 158.5978 shoemake 2025-07-09 20:15:15 
TT 100 084.4 -06.1 084.4 -06.1 7.62E-03 005.9 103.1 -23.0 76.34561 19.01666 3.163590 shoemake 2025-07-10 14:39:18 
TT 160 088.2 -03.7 088.2 -03.7 6.23E-03 005.0 107.9 -24.0 50.41077 19.98091 3.431155 shoemake 2025-07-11 20:57:18 
TT 210 082.6 -09.0 082.6 -09.0 5.61E-03 004.8 099.4 -23.6 45.37471 14.74095 4.809412 shoemake 2025-07-17 14:36:26 
TT 240 074.7 -12.5 074.7 -12.5 2.41E-03 007.3 091.1 -20.1 30.69950 3.158926 2.689381 shoemake 2025-07-21 14:28:47 
TT 270 078.2 -08.3 078.2 -08.3 2.21E-03 012.6 096.8 -19.9 48.74906 7.318005 1.451411 shoemake 2025-07-23 15:08:08 
TT 300 017.3  02.4 017.3  02.4 2.43E-04 049.2 061.2  31.3 10.69684 19.43763 13.47788 shoemake 2025-07-25 12:31:41 
TT 300 018.8 -00.7 018.8 -00.7 2.41E-04 055.6 060.2  28.0 11.32492 19.73348 12.11111 shoemake 2025-07-28 11:55:52 
TT 300 018.0 -02.0 018.0 -02.0 4.83E-04 001.9 058.6  27.5 1.416571 0.860155 0.429861 shoemake 2025-07-28 13:18:00 
TT 330 004.9  02.3 004.9  02.3 4.68E-04 006.7 049.1  38.8 4.455870 3.252000 0.392878 shoemake 2025-07-30 17:37:21 
TT 360 345.4  12.6 345.4  12.6 2.07E-04 004.3 031.0  57.2 0.957605 1.302986 0.131218 shoemake 2025-07-31 21:03:05 
TT 390 334.1  10.7 334.1  10.7 2.14E-04 003.5 010.0  58.3 0.883152 1.081364 0.062723 shoemake 2025-08-03 15:32:14 
TT 420 148.2 -34.3 148.2 -34.3 2.16E-08 065.8 176.5 -82.1 0.000796 0.000667 0.002444 shoemake 2025-08-05 14:37:32 
TT 420 330.7  11.4 330.7  11.4 2.26E-04 003.0 003.6  59.4 0.866471 0.937571 0.121040 shoemake 2025-08-05 20:03:28 
TT 450 327.4  10.6 327.4  10.6 2.32E-04 003.0 357.4  58.6 0.865736 0.939480 0.113412 shoemake 2025-08-06 21:21:19 
