PKSF- 5A 
         87.0  36.0   0.0   0.0   1.0
NRM    328.3  57.9 328.3  57.9 3.17E-02 002.5 244.7  73.7 92.95739 98.11733 22.14884 shoemake 2024-07-17 15:43:15 
NRM    331.4  61.3 331.4  61.3 3.25E-02 004.9 231.4  74.7 208.6510 188.1694 22.07096 shoemake 2024-07-18 20:30:37 
LT1 77 328.1  60.2 328.1  60.2 3.25E-02 002.8 236.5  73.4 124.2348 101.4243 6.455369 shoemake 2024-08-02 22:32:30 
LT2 77 328.8  62.8 328.8  62.8 3.26E-02 000.8 227.6  73.1 32.23887 34.92776 7.453588 shoemake 2024-08-13 19:01:22 
TT  70 327.4  60.5 327.4  60.5 3.03E-02 001.5 235.6  73.0 54.86300 55.63380 14.15984 shoemake 2024-08-14 21:07:28 
TT 100 329.0  62.0 329.0  62.0 3.17E-02 001.9 230.2  73.4 74.81151 75.23504 10.56701 shoemake 2025-07-09 20:32:31 
TT 160 328.8  60.0 328.8  60.0 3.13E-02 004.0 237.0  73.7 176.7271 128.5372 13.96907 shoemake 2025-07-11 21:14:36 
TT 210 327.3  61.4 327.3  61.4 2.39E-02 002.9 232.8  72.8 95.81353 78.48504 19.88991 shoemake 2025-07-17 14:53:51 
