PKSF- 1I 
        160.0  55.0   0.0   0.0   1.0
NRM    151.4 -38.9 151.4 -38.9 4.14E-02 003.8 053.0 -15.5 212.3461 169.8997 53.29157 shoemake 2024-07-17 14:26:50 
NRM    150.0 -40.3 150.0 -40.3 4.17E-02 003.5 051.3 -15.3 193.9137 148.3154 84.55666 shoemake 2024-07-18 18:51:00 
LT1 77 151.7 -38.7 151.7 -38.7 3.84E-02 006.2 053.3 -15.6 345.4607 236.2741 35.72952 shoemake 2024-08-02 20:49:23 
LT2 77 152.2 -38.5 152.2 -38.5 3.79E-02 009.4 053.7 -15.8 500.5494 384.3504 38.33453 shoemake 2024-08-13 17:31:10 
TT  70 151.5 -36.5 151.5 -36.5 2.57E-02 006.8 055.2 -14.3 258.7634 162.3761 20.89226 shoemake 2024-08-14 19:38:22 
TT 100 148.0 -41.7 148.0 -41.7 2.66E-02 008.0 049.1 -14.8 284.2413 243.6785 10.43362 shoemake 2025-07-09 19:03:58 
TT 160 148.8 -38.1 148.8 -38.1 2.19E-02 003.4 052.5 -13.4 112.6581 66.92732 11.75633 shoemake 2025-07-11 19:45:54 
TT 210 139.4 -39.4 139.4 -39.4 1.44E-02 006.0 047.0 -08.2 122.8538 91.08920 5.694831 shoemake 2025-07-17 13:24:47 
TT 240 139.7 -35.9 139.7 -35.9 1.27E-02 007.5 049.9 -06.2 138.1065 95.17804 5.190496 shoemake 2025-07-21 13:16:41 
TT 270 128.1 -35.7 128.1 -35.7 8.04E-03 007.6 043.7  00.9 77.72483 75.39760 4.219687 shoemake 2025-07-23 13:56:12 
TT 300 130.5 -32.0 130.5 -32.0 7.57E-03 005.9 047.8  02.1 63.20316 46.81595 3.166741 shoemake 2025-07-25 11:19:50 
TT 330 123.2 -25.5 123.2 -25.5 4.18E-03 003.9 047.6  11.2 25.94558 14.53413 2.154783 shoemake 2025-07-29 15:21:41 
TT 360 120.0 -26.9 120.0 -26.9 4.03E-03 003.5 044.4  12.0 17.97911 17.18848 2.209617 shoemake 2025-07-31 19:55:19 
TT 390 113.1 -30.9 113.1 -30.9 3.91E-03 008.1 037.1  12.5 33.49543 44.93397 2.696842 shoemake 2025-08-03 14:20:23 
TT 420 120.3 -23.1 120.3 -23.1 3.64E-03 006.7 047.3  14.8 32.28046 28.59091 1.652772 shoemake 2025-08-05 13:25:36 
TT 450 110.1 -16.8 110.1 -16.8 1.26E-03 006.5 043.4  25.6 10.18273 10.16145 0.466295 shoemake 2025-08-06 20:10:01 
