PKSF- 9A 
         54.0  28.0   0.0   0.0   1.0
NRM    051.3 -32.5 051.3 -32.5 8.63E-02 003.2 071.3 -27.2 342.0173 212.3709 279.9934 shoemake 2024-07-17 18:42:49 
NRM    048.7 -34.3 048.7 -34.3 8.73E-02 003.1 068.2 -27.6 340.3733 218.6740 264.3437 shoemake 2024-07-18 22:01:48 
LT1 77 046.8 -37.0 046.8 -37.0 8.74E-02 004.5 065.1 -29.1 620.7866 237.7141 185.5807 shoemake 2024-08-02 23:48:10 
LT2 77 048.6 -36.2 048.6 -36.2 8.78E-02 001.5 067.0 -29.2 124.9287 73.18416 196.6004 shoemake 2024-08-13 20:24:00 
TT  70 049.4 -36.0 049.4 -36.0 8.44E-02 004.5 067.7 -29.3 615.8971 203.5896 170.4776 shoemake 2024-08-14 22:29:31 
TT 100 049.4 -36.6 049.4 -36.6 8.64E-02 008.2 067.3 -29.8 1165.121 444.9011 118.1105 shoemake 2025-07-09 21:53:38 
TT 160 052.7 -39.8 052.7 -39.8 6.21E-02 009.6 067.8 -33.9 989.9380 356.3791 73.08888 shoemake 2025-07-11 22:35:51 
TT 210 058.2 -36.6 058.2 -36.6 5.97E-02 007.8 074.3 -33.7 796.7090 164.5880 54.47454 shoemake 2025-07-17 16:15:34 
TT 240 046.6 -33.6 046.6 -33.6 1.86E-02 011.1 066.9 -26.1 346.1647 115.4992 26.20994 shoemake 2025-07-21 16:08:09 
TT 270 045.4 -33.9 045.4 -33.9 1.76E-02 006.9 065.8 -25.8 198.4425 76.15152 23.05245 shoemake 2025-07-23 16:47:26 
TT 300 039.4 -25.8 039.4 -25.8 6.78E-03 001.8 065.3 -16.2 19.71300 4.362308 9.586260 shoemake 2025-07-25 14:10:48 
TT 330 039.5 -23.1 039.5 -23.1 5.56E-03 006.6 066.6 -13.8 61.05668 20.26265 9.063861 shoemake 2025-07-30 19:11:31 
TT 360 036.8 -28.1 036.8 -28.1 2.12E-03 003.2 062.0 -17.1 9.760983 5.993208 4.571687 shoemake 2025-07-31 22:36:23 
TT 390 037.3 -30.5 037.3 -30.5 9.26E-04 055.0 061.1 -19.5 45.07498 81.77585 32.98379 shoemake 2025-08-03 17:11:24 
TT 390 035.2 -30.4 035.2 -30.4 1.85E-03 002.7 059.6 -18.6 7.679761 3.876098 3.027052 shoemake 2025-08-04 12:25:57 
TT 420 046.2 -25.9 046.2 -25.9 1.80E-03 008.5 070.8 -19.2 25.57001 8.522665 2.653009 shoemake 2025-08-05 16:16:47 
TT 450 051.4 -23.2 051.4 -23.2 9.07E-04 057.7 076.6 -19.2 21.17765 89.05183 31.96087 shoemake 2025-08-07 14:30:23 
TT 450 042.1 -28.0 042.1 -28.0 9.07E-04 042.6 066.4 -19.2 36.72070 83.87146 31.96464 shoemake 2025-08-07 17:59:10 
