PKSF- 1B 
        160.0  55.0   0.0   0.0   1.0
NRM    158.8 -44.4 158.8 -44.4 2.03E-02 003.6 050.9 -23.0 94.92357 81.01087 33.90107 shoemake 2024-07-17 14:11:55 
NRM    157.0 -47.2 157.0 -47.2 2.05E-02 003.0 047.6 -23.2 78.95862 51.14295 54.90525 shoemake 2024-07-18 18:31:33 
LT1 77 156.4 -46.6 156.4 -46.6 2.00E-02 004.6 048.0 -22.5 120.0187 105.8478 11.69137 shoemake 2024-08-02 20:34:38 
LT2 77 156.9 -45.6 156.9 -45.6 1.99E-02 001.2 049.1 -22.4 28.06426 28.32632 14.36337 shoemake 2024-08-13 17:13:33 
TT  70 157.9 -42.1 157.9 -42.1 1.87E-02 001.0 052.8 -21.3 31.14386 14.97440 14.31982 shoemake 2024-08-14 19:21:13 
TT 100 158.2 -43.4 158.2 -43.4 1.93E-02 007.6 051.7 -22.2 200.6614 163.5012 10.15016 shoemake 2025-07-09 18:46:41 
TT 160 158.3 -42.4 158.3 -42.4 1.91E-02 000.7 052.6 -21.8 20.88866 22.17720 12.66063 shoemake 2025-07-11 19:28:40 
TT 210 154.5 -40.4 154.5 -40.4 1.50E-02 000.8 053.0 -18.3 23.87293 14.45025 15.83945 shoemake 2025-07-17 13:07:20 
