PKSF- 9D 
         54.0  28.0   0.0   0.0   1.0
NRM    340.7 -59.1 340.7 -59.1 1.26E-01 017.5 010.1 -31.8 768.0396 3892.772 305.4685 shoemake 2024-07-17 18:51:04 
NRM    356.1 -55.5 356.1 -55.5 1.32E-01 004.7 020.5 -30.2 455.5284 953.0988 268.4279 shoemake 2024-07-18 22:10:08 
LT1 77 010.1 -52.7 010.1 -52.7 1.26E-01 004.6 030.6 -30.4 589.0075 823.1348 155.8529 shoemake 2024-08-02 23:54:35 
LT2 77 002.7 -54.3 002.7 -54.3 1.26E-01 002.0 025.1 -30.2 273.6460 273.2981 223.4489 shoemake 2024-08-13 20:31:26 
TT  70 005.7 -54.1 005.7 -54.1 1.18E-01 008.8 027.1 -30.7 730.4869 1667.157 186.3378 shoemake 2024-08-14 22:36:45 
TT  70 014.6 -51.3 014.6 -51.3 1.19E-01 003.0 034.1 -30.2 415.1639 442.1466 189.5814 shoemake 2024-08-15 12:18:43 
TT 100 008.1 -54.1 008.1 -54.1 1.20E-01 011.6 028.6 -31.2 1245.562 2125.312 110.2756 shoemake 2025-07-09 22:01:05 
TT 160 019.0 -54.9 019.0 -54.9 6.37E-02 011.7 035.0 -34.6 803.0166 1055.442 50.97026 shoemake 2025-07-11 22:43:15 
TT 210 016.1 -55.3 016.1 -55.3 5.10E-02 005.9 033.0 -34.2 342.2181 399.8593 35.96444 shoemake 2025-07-17 16:23:01 
