PKSF- 8A 
         51.0  28.0   0.0   0.0   1.0
NRM    091.8 -09.1 091.8 -09.1 5.81E-02 003.0 123.8 -26.4 184.4877 90.74566 231.8363 shoemake 2024-07-17 18:21:32 
NRM    093.8 -08.5 093.8 -08.5 5.86E-02 005.0 126.0 -26.5 330.8103 333.2310 221.3147 shoemake 2024-07-18 21:42:35 
NRM    146.0  27.9 146.0  27.9 2.90E-02 061.6 184.6  00.0 405.6301 4767.708 2632.950 shoemake 2024-07-19 12:55:23 
NRM    093.5 -08.8 093.5 -08.8 5.85E-02 004.4 125.6 -26.7 372.3787 130.6847 218.1246 shoemake 2024-07-19 15:48:45 
LT1 77 092.4 -08.9 092.4 -08.9 5.92E-02 002.8 124.4 -26.4 201.6863 48.80565 206.0104 shoemake 2024-08-02 23:33:27 
LT2 77 093.7 -08.5 093.7 -08.5 5.91E-02 008.0 125.9 -26.6 701.0202 385.0826 213.2961 shoemake 2024-08-13 20:06:26 
TT  70 093.4 -08.8 093.4 -08.8 5.69E-02 003.7 125.5 -26.7 288.8739 101.2814 205.6206 shoemake 2024-08-14 22:12:23 
TT 100 091.3 -10.9 091.3 -10.9 5.70E-02 015.0 122.4 -27.8 1323.512 729.8023 199.1452 shoemake 2025-07-09 21:36:27 
TT 160 088.0 -13.3 088.0 -13.3 1.52E-02 012.0 117.9 -28.7 668.7927 1260.397 780.5247 shoemake 2025-07-11 22:18:35 
TT 210 094.7 -08.4 094.7 -08.4 2.21E-02 012.4 127.0 -26.8 395.4958 266.3872 84.80157 shoemake 2025-07-17 15:58:19 
