PKSF- 8D 
         51.0  28.0   0.0   0.0   1.0
NRM    083.7 -22.8 083.7 -22.8 1.26E-01 003.0 108.6 -35.3 510.9214 334.2867 277.9846 shoemake 2024-07-17 18:31:50 
NRM    081.6 -24.6 081.6 -24.6 1.27E-01 002.5 105.4 -35.9 436.2052 286.3749 243.5420 shoemake 2024-07-18 21:50:47 
LT1 77 087.7 -21.0 087.7 -21.0 1.26E-01 002.0 113.7 -35.4 395.2425 220.2979 63.22797 shoemake 2024-08-02 23:39:41 
LT2 77 084.3 -23.0 084.3 -23.0 1.26E-01 006.1 109.0 -35.7 1262.493 475.9307 94.19118 shoemake 2024-08-13 20:13:51 
TT  70 085.7 -22.3 085.7 -22.3 1.18E-01 004.4 110.9 -35.7 843.8911 317.1980 68.60815 shoemake 2024-08-14 22:19:37 
TT 100 086.2 -22.8 086.2 -22.8 1.21E-01 007.3 111.1 -36.4 1441.406 609.9276 61.35066 shoemake 2025-07-09 21:43:46 
TT 160 086.9 -22.1 086.9 -22.1 4.16E-02 007.3 112.1 -36.1 487.3575 218.0732 21.94473 shoemake 2025-07-11 22:25:53 
TT 210 087.3 -20.9 087.3 -20.9 3.87E-02 002.7 113.3 -35.2 161.6647 95.38542 21.61396 shoemake 2025-07-17 16:05:40 
TT 240 083.5 -20.2 083.5 -20.2 1.25E-02 005.2 109.9 -32.9 102.3198 54.38377 8.877069 shoemake 2025-07-21 15:58:12 
TT 270 077.3 -22.0 077.3 -22.0 1.07E-02 008.5 102.8 -31.7 155.2048 41.11201 6.084569 shoemake 2025-07-23 16:37:26 
TT 300 084.1 -16.9 084.1 -16.9 6.78E-03 001.0 112.2 -30.2 11.40489 7.522463 3.655536 shoemake 2025-07-25 14:00:51 
TT 330 080.2 -16.9 080.2 -16.9 5.00E-03 003.8 108.4 -28.5 29.96521 15.11608 3.044444 shoemake 2025-07-30 19:02:06 
TT 360 078.4 -19.5 078.4 -19.5 1.97E-03 002.1 105.3 -30.0 6.703908 2.480734 1.154384 shoemake 2025-07-31 22:27:05 
TT 390 071.4 -21.1 071.4 -21.1 1.33E-03 001.9 097.9 -28.1 3.980205 1.846941 1.022094 shoemake 2025-08-03 17:01:25 
TT 420 073.4 -17.8 073.4 -17.8 1.13E-03 003.4 101.5 -26.2 6.238732 2.201409 1.121837 shoemake 2025-08-05 16:06:53 
TT 450 069.8 -15.0 069.8 -15.0 1.04E-03 000.9 099.7 -22.1 1.312318 1.120307 0.754052 shoemake 2025-08-07 14:20:30 
