PKSF- 0F 
         77.5  32.0   0.0   0.0   1.0
NRM    284.2  24.7 284.2  24.7 2.94E-01 013.3 279.0  34.9 6171.017 6108.449 4010.603 shoemake 2024-07-17 21:03:52 
NRM    287.5  23.2 287.5  23.2 3.60E-01 002.6 283.1  35.4 1121.647 1100.846 729.9243 shoemake 2024-07-18 22:40:22 
LT1 77 283.6  23.2 283.6  23.2 2.47E-01 006.3 279.4  33.4 2361.891 2564.290 314.0105 shoemake 2024-08-03 00:18:06 
LT2 77 286.8  23.7 286.8  23.7 3.42E-01 002.9 282.0  35.4 1504.636 1061.763 260.7485 shoemake 2024-08-13 20:58:52 
TT  70 285.7  23.7 285.7  23.7 2.96E-01 006.6 280.9  34.9 3318.279 909.3859 199.6611 shoemake 2024-08-14 23:03:44 
TT 100 285.9  24.3 285.9  24.3 3.06E-01 007.8 280.8  35.5 4116.896 871.0756 209.8204 shoemake 2025-07-09 22:28:04 
TT 160 284.7  25.0 284.7  25.0 1.98E-01 008.2 279.1  35.4 2795.958 654.0338 131.5348 shoemake 2025-07-11 23:10:20 
TT 210 286.2  23.9 286.2  23.9 9.52E-02 002.1 281.3  35.3 306.9919 218.3048 47.15921 shoemake 2025-07-17 16:50:08 
TT 240 285.7  24.5 285.7  24.5 8.87E-02 004.6 280.4  35.5 661.6000 285.8803 56.09930 shoemake 2025-07-21 16:42:50 
TT 270 289.8  23.4 289.8  23.4 2.84E-02 008.8 285.1  36.7 414.4836 146.6166 21.74862 shoemake 2025-07-23 17:22:01 
TT 300 290.9  22.7 290.9  22.7 2.42E-02 005.4 286.5  36.7 210.7360 92.90550 13.98996 shoemake 2025-07-25 14:45:32 
TT 330 293.2  22.2 293.2  22.2 1.24E-02 005.5 289.2  37.5 108.7273 54.94063 6.570246 shoemake 2025-07-30 19:44:07 
TT 360 295.8  20.7 295.8  20.7 1.19E-02 004.6 292.8  37.5 85.30732 42.61420 7.776890 shoemake 2025-07-31 23:09:04 
TT 390 297.0  20.5 297.0  20.5 1.14E-02 006.0 294.1  37.9 106.7609 55.19300 6.799136 shoemake 2025-08-03 17:45:56 
TT 420 292.7  22.8 292.7  22.8 9.80E-03 004.2 288.2  37.7 66.07467 28.44654 7.000899 shoemake 2025-08-05 16:51:29 
TT 450 295.5  21.3 295.5  21.3 4.59E-03 004.5 291.9  37.9 32.48913 16.47475 3.017955 shoemake 2025-08-07 15:05:10 
