PKSF- 7C 
        123.5  36.0   0.0   0.0   1.0
NRM    095.1 -49.9 095.1 -49.9 9.80E-03 005.5 039.2 -26.1 57.05406 70.80505 23.96605 shoemake 2024-07-17 17:59:54 
NRM    030.8 -36.1 030.8 -36.1 7.21E-03 045.4 358.0 -00.1 25.77298 559.6045 470.4626 shoemake 2024-07-18 21:23:11 
NRM    083.5 -54.7 083.5 -54.7 9.92E-03 004.5 029.7 -26.3 41.22957 64.90738 17.24452 shoemake 2024-07-19 12:35:38 
LT1 77 079.6 -56.9 079.6 -56.9 1.01E-02 001.7 026.3 -27.1 15.22115 26.66907 6.650428 shoemake 2024-08-02 23:18:37 
LT2 77 087.3 -54.8 087.3 -54.8 1.00E-02 007.6 031.7 -27.6 70.50899 113.4490 7.657072 shoemake 2024-08-13 19:48:49 
TT  70 087.3 -54.2 087.3 -54.2 9.33E-03 002.8 032.1 -27.0 26.41125 36.77163 7.576231 shoemake 2024-08-14 21:55:12 
TT 100 100.3 -48.7 100.3 -48.7 9.63E-03 000.8 043.1 -27.2 10.00444 12.95085 2.934057 shoemake 2025-07-09 21:19:06 
TT 160 082.3 -55.7 082.3 -55.7 7.58E-03 006.5 028.5 -26.8 43.75890 75.31816 2.876811 shoemake 2025-07-11 22:01:14 
TT 210 076.5 -52.6 076.5 -52.6 5.82E-03 004.9 026.7 -22.5 25.29141 43.00596 2.333393 shoemake 2025-07-17 15:40:58 
TT 240 063.8 -48.8 063.8 -48.8 4.03E-03 010.2 020.4 -16.0 26.71750 67.85527 1.366148 shoemake 2025-07-21 15:33:21 
TT 270 052.3 -43.5 052.3 -43.5 2.82E-03 005.5 013.8 -08.8 6.909420 26.51161 1.475433 shoemake 2025-07-23 16:12:35 
TT 300 044.3 -39.7 044.3 -39.7 1.97E-03 005.2 008.5 -04.2 3.121003 17.69502 1.512320 shoemake 2025-07-25 13:36:03 
TT 330 032.4 -35.6 032.4 -35.6 1.19E-03 006.2 359.3  00.4 1.427181 12.89268 0.603497 shoemake 2025-07-30 18:38:47 
TT 360 040.9 -33.1 040.9 -33.1 9.70E-04 000.8 006.4  02.7 1.308687 1.260298 0.720851 shoemake 2025-07-31 22:03:36 
TT 390 039.0 -33.6 039.0 -33.6 8.14E-04 001.4 004.7  02.2 1.057504 1.852851 0.619002 shoemake 2025-08-03 16:36:39 
TT 420 034.9 -33.0 034.9 -33.0 7.42E-04 008.1 001.4  03.0 0.871745 10.58239 0.379399 shoemake 2025-08-05 15:42:00 
TT 450 035.3 -31.8 035.3 -31.8 5.00E-04 011.8 001.7  04.2 0.896110 10.45008 0.290895 shoemake 2025-08-07 13:55:36 
