PKSF- 9F 
         54.0  28.0   0.0   0.0   1.0
NRM    346.6 -56.9 346.6 -56.9 1.33E-01 002.8 014.2 -30.2 300.0578 483.3284 322.4560 shoemake 2024-07-17 18:58:37 
NRM    346.5 -56.9 346.5 -56.9 1.35E-01 002.1 014.1 -30.2 283.4458 333.0448 272.5752 shoemake 2024-07-18 22:15:34 
LT1 77 346.8 -56.3 346.8 -56.3 1.26E-01 007.2 014.4 -29.7 499.8265 1513.845 153.0395 shoemake 2024-08-02 23:58:43 
LT2 77 348.1 -56.0 348.1 -56.0 1.26E-01 006.6 015.3 -29.5 513.2787 1344.452 207.6839 shoemake 2024-08-13 20:36:24 
TT  70 344.9 -55.9 344.9 -55.9 1.15E-01 002.7 013.3 -29.1 253.9459 458.1306 179.5316 shoemake 2024-08-14 22:41:37 
TT 100 348.5 -55.9 348.5 -55.9 1.17E-01 007.5 015.6 -29.5 484.5529 1478.282 84.30985 shoemake 2025-07-09 22:05:56 
TT 160 351.0 -56.1 351.0 -56.1 5.53E-02 010.6 017.1 -30.0 340.5736 975.6415 36.72949 shoemake 2025-07-11 22:48:08 
TT 210 003.5 -53.0 003.5 -53.0 3.84E-02 003.1 026.1 -29.2 131.2300 167.1994 19.23677 shoemake 2025-07-17 16:27:54 
TT 240 002.8 -49.5 002.8 -49.5 1.04E-02 006.0 027.0 -25.8 62.46421 91.15746 5.680773 shoemake 2025-07-21 16:20:32 
TT 270 002.0 -49.3 002.0 -49.3 9.43E-03 007.5 026.5 -25.4 60.32671 109.3250 6.935676 shoemake 2025-07-23 16:59:43 
TT 300 007.4 -41.6 007.4 -41.6 4.59E-03 001.5 033.1 -19.4 11.57672 7.399455 2.532094 shoemake 2025-07-25 14:23:12 
TT 330 008.0 -39.8 008.0 -39.8 4.07E-03 002.7 034.2 -17.9 8.376420 17.95620 2.848690 shoemake 2025-07-30 19:23:06 
TT 360 004.3 -35.7 004.3 -35.7 1.35E-03 001.4 032.8 -13.0 2.062274 1.706877 2.566414 shoemake 2025-07-31 22:48:06 
TT 390 007.2 -29.6 007.2 -29.6 1.08E-03 007.6 037.1 -08.1 9.276087 11.05863 1.175444 shoemake 2025-08-03 17:23:38 
TT 420 003.2 -29.9 003.2 -29.9 9.56E-04 006.2 033.6 -07.2 5.984611 8.564322 0.895532 shoemake 2025-08-05 16:29:10 
TT 450 352.2 -32.1 352.2 -32.1 9.33E-04 007.6 024.0 -06.9 5.549770 11.27664 0.534919 shoemake 2025-08-07 14:42:50 
