PKSF- 1C 
        160.0  55.0   0.0   0.0   1.0
NRM    158.7 -45.3 158.7 -45.3 3.30E-02 001.2 050.0 -23.4 37.89918 39.22850 51.86243 shoemake 2024-07-17 14:14:00 
NRM    170.9 -33.2 170.9 -33.2 3.00E-02 027.6 066.5 -26.5 1548.259 236.6453 73.01467 shoemake 2024-07-18 18:34:17 
NRM    156.7 -48.7 156.7 -48.7 3.34E-02 003.0 046.1 -23.7 128.9704 111.7893 59.15371 shoemake 2024-07-19 12:01:00 
LT1 77 158.4 -45.6 158.4 -45.6 3.17E-02 006.8 049.6 -23.3 293.6973 241.4753 20.15019 shoemake 2024-08-02 20:36:42 
LT2 77 159.9 -43.3 159.9 -43.3 3.16E-02 002.2 052.4 -23.2 90.44101 81.34688 26.78849 shoemake 2024-08-13 17:16:04 
TT  70 153.7 -49.0 153.7 -49.0 2.87E-02 002.2 044.7 -22.1 82.28315 68.74311 28.87113 shoemake 2024-08-14 19:23:42 
TT 100 157.6 -45.5 157.6 -45.5 2.97E-02 005.9 049.4 -22.8 234.4449 200.7554 14.47782 shoemake 2025-07-09 18:49:06 
TT 160 155.5 -47.8 155.5 -47.8 2.87E-02 009.3 046.5 -22.6 349.0964 320.0278 16.92175 shoemake 2025-07-11 19:31:07 
TT 210 150.2 -45.6 150.2 -45.6 2.04E-02 002.1 046.6 -18.3 70.85464 39.73708 18.94308 shoemake 2025-07-17 13:09:46 
TT 240 148.1 -44.9 148.1 -44.9 1.89E-02 002.0 046.4 -16.7 64.98712 30.37356 14.88112 shoemake 2025-07-21 13:01:53 
TT 270 134.9 -42.3 134.9 -42.3 1.09E-02 008.5 042.6 -07.5 115.5525 114.1342 9.270703 shoemake 2025-07-23 13:41:22 
TT 300 128.4 -45.3 128.4 -45.3 5.22E-03 040.6 037.2 -06.2 442.4875 335.6457 59.99458 shoemake 2025-07-25 11:05:04 
TT 300 133.3 -41.7 133.3 -41.7 1.05E-02 005.5 042.2 -06.2 72.16489 70.19197 8.794720 shoemake 2025-07-28 11:52:49 
TT 330 122.9 -35.0 122.9 -35.0 6.56E-03 001.7 041.1  04.3 19.63017 6.348165 8.932281 shoemake 2025-07-29 15:06:45 
TT 360 126.0 -31.3 126.0 -31.3 3.17E-03 042.5 045.4  05.2 237.0306 240.6752 30.97416 shoemake 2025-07-31 19:41:26 
TT 360 121.5 -34.5 121.5 -34.5 6.36E-03 001.7 040.5  05.4 13.09626 14.88125 3.256163 shoemake 2025-08-01 11:07:50 
TT 390 124.8 -30.6 124.8 -30.6 6.14E-03 006.5 045.2  06.4 50.10131 48.94512 3.763791 shoemake 2025-08-03 14:05:34 
TT 420 120.3 -29.8 120.3 -29.8 5.62E-03 002.8 042.8  09.6 20.70371 19.49979 2.631288 shoemake 2025-08-05 13:10:49 
TT 450 107.8 -18.2 107.8 -18.2 2.19E-03 008.3 040.5  25.7 21.40609 23.62807 0.898272 shoemake 2025-08-06 19:55:27 
