PKSF- 8F 
         51.0  28.0   0.0   0.0   1.0
NRM    085.4 -26.2 085.4 -26.2 1.15E-01 010.1 108.2 -39.0 1920.320 683.1660 259.4115 shoemake 2024-07-17 18:37:17 
NRM    084.2 -26.4 084.2 -26.4 1.18E-01 002.7 106.9 -38.7 424.8521 305.2814 210.5059 shoemake 2024-07-18 21:56:15 
LT1 77 083.6 -26.8 083.6 -26.8 1.15E-01 007.9 106.0 -38.7 1542.865 455.6730 62.61129 shoemake 2024-08-02 23:43:52 
LT2 77 079.7 -28.6 079.7 -28.6 1.16E-01 005.4 101.0 -38.4 1077.178 240.7892 73.01395 shoemake 2024-08-13 20:18:56 
TT  70 085.0 -25.7 085.0 -25.7 1.07E-01 006.3 108.1 -38.4 1118.329 367.1285 70.74225 shoemake 2024-08-14 22:24:35 
TT 100 085.2 -27.1 085.2 -27.1 1.08E-01 012.3 107.4 -39.6 2248.069 717.7549 36.65129 shoemake 2025-07-09 21:48:39 
TT 160 083.0 -28.0 083.0 -28.0 3.43E-02 013.0 104.7 -39.4 766.3791 210.3913 10.87446 shoemake 2025-07-11 22:30:49 
TT 210 080.6 -27.7 080.6 -27.7 3.19E-02 005.0 102.5 -38.1 267.4515 78.61134 20.97367 shoemake 2025-07-17 16:10:34 
TT 240 073.7 -27.4 073.7 -27.4 1.08E-02 004.9 096.2 -34.7 90.82404 23.96919 10.35515 shoemake 2025-07-21 16:03:15 
TT 270 076.2 -25.6 076.2 -25.6 9.32E-03 008.4 099.6 -34.2 135.0461 27.25123 5.109839 shoemake 2025-07-23 16:42:28 
TT 300 080.0 -21.1 080.0 -21.1 5.81E-03 000.8 105.9 -32.1 6.965442 6.425037 4.501665 shoemake 2025-07-25 14:05:53 
TT 330 069.3 -24.4 069.3 -24.4 4.51E-03 007.1 094.1 -30.0 55.59990 8.135374 3.351566 shoemake 2025-07-30 19:06:48 
TT 360 074.2 -21.9 074.2 -21.9 1.51E-03 003.0 100.0 -30.1 7.564763 2.355335 0.982929 shoemake 2025-07-31 22:31:46 
TT 390 067.2 -22.6 067.2 -22.6 1.02E-03 002.6 093.2 -27.5 4.486083 1.202082 0.492629 shoemake 2025-08-03 17:06:27 
TT 420 069.6 -19.7 069.6 -19.7 8.16E-04 004.1 097.1 -26.1 5.813870 1.257567 0.458824 shoemake 2025-08-05 16:11:53 
TT 450 064.2 -19.3 064.2 -19.3 8.28E-04 006.8 092.4 -23.2 9.834401 0.914851 0.527147 shoemake 2025-08-07 14:25:29 
