PKSF- 4K 
         59.0  48.0   0.0   0.0   1.0
NRM    088.5 -34.0 088.5 -34.0 8.74E-03 003.1 079.0 -42.8 39.35370 23.85090 13.90384 shoemake 2024-07-17 15:41:08 
NRM    085.3 -40.4 085.3 -40.4 8.91E-03 004.0 069.6 -43.4 54.92006 26.51788 17.41161 shoemake 2024-07-18 20:27:52 
LT1 77 089.1 -34.0 089.1 -34.0 9.28E-03 005.3 079.2 -43.3 82.28807 26.18033 9.043257 shoemake 2024-08-02 22:30:24 
LT2 77 084.8 -41.0 084.8 -41.0 9.41E-03 001.5 068.6 -43.2 14.21081 15.01771 14.16484 shoemake 2024-08-13 18:58:54 
TT  70 087.8 -35.7 087.8 -35.7 9.14E-03 001.1 076.5 -43.1 11.15274 10.58713 8.251677 shoemake 2024-08-14 21:05:02 
TT 100 087.1 -39.8 087.1 -39.8 9.27E-03 010.7 071.1 -44.3 167.4965 49.33629 7.616929 shoemake 2025-07-09 20:30:04 
TT 160 084.3 -40.0 084.3 -40.0 3.57E-03 015.1 069.6 -42.5 98.59151 263.9476 257.7167 shoemake 2025-07-11 21:12:10 
TT 210 082.6 -38.5 082.6 -38.5 5.45E-03 001.9 070.6 -40.7 13.98234 14.22122 3.695382 shoemake 2025-07-17 14:51:23 
