PKSF- 3E 
         78.0  73.0   0.0   0.0   1.0
NRM    222.7  08.7 222.7  08.7 1.15E-01 008.9 249.0 -29.9 1659.924 675.5785 183.8733 shoemake 2024-07-17 15:05:03 
NRM    227.9 -03.7 227.9 -03.7 1.18E-01 003.3 264.5 -29.6 614.3434 246.2272 220.1852 shoemake 2024-07-18 19:40:50 
LT1 77 224.5  02.2 224.5  02.2 1.16E-01 011.7 256.7 -30.9 2330.977 566.8745 90.87474 shoemake 2024-08-02 21:54:39 
LT1 77 226.1 -00.9 226.1 -00.9 1.19E-01 004.6 260.7 -30.4 958.6223 107.4915 93.81470 shoemake 2024-08-05 11:42:07 
LT2 77 226.5 -02.1 226.5 -02.1 1.18E-01 006.0 262.1 -30.5 1216.526 225.7297 102.4596 shoemake 2024-08-13 18:16:28 
TT  70 226.2 -03.8 226.2 -03.8 1.10E-01 005.8 264.0 -31.3 1104.169 164.5725 74.39572 shoemake 2024-08-14 20:23:32 
TT 100 226.4 -03.8 226.4 -03.8 1.13E-01 004.1 264.1 -31.2 807.7216 162.4972 68.79572 shoemake 2025-07-09 19:48:12 
TT 160 222.1 -03.6 222.1 -03.6 8.33E-02 007.3 262.3 -35.1 1047.664 178.7519 50.60490 shoemake 2025-07-11 20:30:13 
TT 210 222.5 -05.6 222.5 -05.6 8.16E-02 008.7 264.7 -35.3 1248.253 149.3828 73.51291 shoemake 2025-07-17 14:09:22 
TT 240 225.4 -10.6 225.4 -10.6 1.52E-02 003.1 271.5 -33.9 81.93957 24.12178 14.06016 shoemake 2025-07-21 14:01:24 
TT 270 228.5 -15.4 228.5 -15.4 4.74E-03 055.3 277.9 -31.9 61.23505 426.0489 267.6778 shoemake 2025-07-23 14:40:49 
TT 270 227.2 -09.7 227.2 -09.7 9.48E-03 001.6 270.9 -31.9 24.53013 11.76951 5.987672 shoemake 2025-07-24 10:57:59 
TT 300 240.1 -10.4 240.1 -10.4 2.36E-03 003.0 275.2 -19.8 12.22256 2.750262 1.251890 shoemake 2025-07-25 12:04:20 
TT 330 257.9 -14.0 257.9 -14.0 1.02E-03 002.7 283.4 -03.9 4.877568 1.032527 0.580152 shoemake 2025-07-30 17:11:17 
TT 360 279.8 -25.1 279.8 -25.1 4.87E-04 001.6 301.0  11.5 1.302087 1.103183 0.377440 shoemake 2025-07-31 20:37:19 
TT 390 279.7 -15.2 279.7 -15.2 3.99E-04 004.8 291.6  15.5 3.110236 1.590619 0.314228 shoemake 2025-08-03 15:04:59 
TT 420 289.4 -12.6 289.4 -12.6 3.19E-04 007.6 293.3  25.1 3.773596 2.059159 0.919876 shoemake 2025-08-05 14:10:10 
TT 450 294.6 -17.7 294.6 -17.7 3.23E-04 008.1 300.9  27.2 3.954265 2.488598 0.282500 shoemake 2025-08-06 20:54:14 
