PKSF- 2J 
         83.5  64.0   0.0   0.0   1.0
NRM    349.5  64.9 349.5  64.9 6.76E-02 002.0 182.5  51.0 156.9015 169.0193 79.67539 shoemake 2024-07-17 14:54:17 
NRM    354.9  63.8 354.9  63.8 6.82E-02 009.5 178.9  52.2 219.4489 1115.162 94.42165 shoemake 2024-07-18 19:26:51 
NRM    350.1  64.5 350.1  64.5 6.90E-02 002.7 182.2  51.4 222.7190 224.0568 95.76646 shoemake 2024-07-19 12:15:23 
LT1 77 347.6  65.5 347.6  65.5 6.51E-02 003.0 183.7  50.4 53.65650 340.2868 25.90540 shoemake 2024-08-02 21:43:59 
LT2 77 339.5  64.6 339.5  64.6 6.40E-02 004.2 189.2  50.4 72.20180 461.6063 38.32638 shoemake 2024-08-13 18:03:54 
TT  70 338.3  64.7 338.3  64.7 4.92E-02 001.5 189.9  50.1 45.18962 124.1542 24.67023 shoemake 2024-08-14 20:10:13 
TT 100 327.0  60.9 327.0  60.9 5.13E-02 002.2 199.9  50.8 99.47760 174.1164 13.34401 shoemake 2025-07-09 19:35:46 
TT 160 334.0  63.5 334.0  63.5 2.65E-02 006.8 193.3  50.4 82.85436 307.4329 8.190936 shoemake 2025-07-11 20:17:51 
TT 210 332.0  62.3 332.0  62.3 1.12E-02 006.3 195.6  51.0 38.99016 117.5832 6.815752 shoemake 2025-07-17 13:56:53 
TT 240 345.4  58.6 345.4  58.6 6.02E-03 004.5 187.6  56.9 12.88213 45.62036 3.399835 shoemake 2025-07-21 13:49:07 
TT 270 000.9  54.9 000.9  54.9 4.00E-03 002.4 171.1  60.6 7.176117 15.16035 1.911209 shoemake 2025-07-23 14:28:33 
TT 300 019.5  48.6 019.5  48.6 3.00E-03 002.1 144.8  59.6 6.904989 8.709873 0.768378 shoemake 2025-07-25 11:52:06 
TT 330 032.3  37.9 032.3  37.9 8.99E-04 072.8 119.6  55.2 27.26724 47.78266 82.63904 shoemake 2025-07-30 16:58:54 
TT 330 031.5  35.8 031.5  35.8 1.85E-03 002.2 116.1  56.0 5.684211 4.275678 0.663454 shoemake 2025-07-31 10:38:30 
TT 360 031.8  30.2 031.8  30.2 1.39E-03 001.8 106.2  56.0 3.703668 2.547009 0.322210 shoemake 2025-07-31 20:25:43 
TT 390 172.4  63.0 172.4  63.0 3.18E-04 072.8 179.6 -01.0 2.584042 50.80666 97.94419 shoemake 2025-08-03 14:52:44 
TT 390 028.7  35.2 028.7  35.2 1.07E-03 004.0 115.5  58.4 6.441161 3.914318 0.517935 shoemake 2025-08-04 12:17:43 
TT 420 030.1  33.4 030.1  33.4 9.26E-04 005.5 112.0  57.4 8.110423 3.791069 0.217240 shoemake 2025-08-05 13:57:56 
TT 450 027.7  34.9 027.7  34.9 6.28E-04 004.4 115.1  59.2 4.332839 2.323628 0.291002 shoemake 2025-08-06 20:42:02 
