PKSF- 2K 
         83.5  64.0   0.0   0.0   1.0
NRM    331.9  63.0 331.9  63.0 6.58E-02 003.7 195.0  50.4 158.3655 388.6125 93.65676 shoemake 2024-07-17 14:56:25 
NRM    339.1  64.1 339.1  64.1 6.73E-02 003.8 189.8  50.8 236.1897 363.3190 107.5136 shoemake 2024-07-18 19:29:38 
LT1 77 345.7  65.6 345.7  65.6 6.45E-02 005.9 184.9  50.1 54.21247 662.0965 40.52151 shoemake 2024-08-02 21:46:07 
LT2 77 341.9  65.0 341.9  65.0 6.38E-02 007.4 187.5  50.3 85.47584 824.7646 39.30059 shoemake 2024-08-13 18:06:28 
TT  70 331.9  63.8 331.9  63.8 5.24E-02 002.9 194.4  49.7 64.25984 254.4623 43.05706 shoemake 2024-08-14 20:12:42 
TT 100 340.2  64.4 340.2  64.4 5.42E-02 007.8 188.9  50.7 122.0558 734.1387 33.22903 shoemake 2025-07-09 19:38:16 
TT 160 333.6  64.2 333.6  64.2 3.27E-02 005.4 193.1  49.8 75.12171 302.3651 29.70444 shoemake 2025-07-11 20:20:21 
TT 210 330.7  63.1 330.7  63.1 1.50E-02 004.9 195.7  50.0 38.31154 122.7998 18.82454 shoemake 2025-07-17 13:59:22 
TT 240 350.6  63.2 350.6  63.2 7.31E-03 004.8 182.0  52.7 12.32089 60.11211 7.881630 shoemake 2025-07-21 13:51:35 
TT 270 356.7  60.8 356.7  60.8 4.41E-03 007.7 177.1  55.1 8.250880 58.87920 1.595209 shoemake 2025-07-23 14:31:02 
TT 300 011.0  56.7 011.0  56.7 2.78E-03 003.8 162.3  56.8 6.843014 17.44920 0.922496 shoemake 2025-07-25 11:54:34 
TT 330 023.0  46.0 023.0  46.0 1.43E-03 003.4 138.0  59.1 5.364579 6.627882 1.096928 shoemake 2025-07-30 17:01:46 
TT 360 028.3  39.4 028.3  39.4 1.03E-03 002.4 123.5  57.9 2.877142 3.393160 0.228578 shoemake 2025-07-31 20:28:01 
TT 390 170.1  64.0 170.1  64.0 3.83E-04 063.3 178.6 -00.0 1.961079 21.87715 74.41704 shoemake 2025-08-03 14:55:13 
TT 390 027.2  43.1 027.2  43.1 8.17E-04 002.2 130.6  57.6 2.199029 2.309153 0.494622 shoemake 2025-08-04 12:20:14 
TT 420 026.4  45.4 026.4  45.4 7.00E-04 003.2 135.0  57.2 2.563773 3.054819 0.148253 shoemake 2025-08-05 14:00:24 
TT 450 027.2  42.3 027.2  42.3 5.04E-04 006.0 129.2  57.8 4.046392 3.521063 0.231402 shoemake 2025-08-06 20:44:29 
