PKSF- 1L 
        160.0  55.0   0.0   0.0   1.0
NRM    147.6 -41.1 147.6 -41.1 3.94E-02 002.0 049.5 -14.3 69.49271 97.46897 76.96473 shoemake 2024-07-17 14:33:05 
NRM    147.2 -42.4 147.2 -42.4 3.99E-02 002.0 048.2 -14.8 92.15572 64.36770 94.52003 shoemake 2024-07-18 18:59:11 
LT1 77 148.7 -37.8 148.7 -37.8 3.66E-02 001.0 052.8 -13.1 33.29485 27.55127 50.85088 shoemake 2024-08-02 20:55:34 
LT2 77 151.4 -34.6 151.4 -34.6 3.57E-02 007.2 056.7 -13.1 380.0274 240.1229 53.98173 shoemake 2024-08-13 17:38:42 
TT  70 147.0 -35.7 147.0 -35.7 2.38E-02 002.5 053.7 -10.8 88.92219 45.03155 31.71871 shoemake 2024-08-14 19:45:40 
TT 100 143.0 -41.0 143.0 -41.0 2.45E-02 007.3 047.5 -11.4 234.9361 205.7785 27.53997 shoemake 2025-07-09 19:11:13 
TT 160 139.0 -40.4 139.0 -40.4 1.86E-02 006.0 046.1 -08.6 148.0429 131.1544 18.55633 shoemake 2025-07-11 19:53:13 
TT 210 140.7 -30.1 140.7 -30.1 6.11E-03 026.2 054.9 -03.2 375.1860 534.0906 36.68330 shoemake 2025-07-17 13:32:08 
TT 210 137.0 -33.6 137.0 -33.6 1.24E-02 007.9 050.3 -03.0 133.6146 109.3703 14.25581 shoemake 2025-07-17 18:05:51 
TT 240 132.5 -32.3 132.5 -32.3 1.01E-02 002.3 048.7  00.6 40.34844 17.63914 7.569382 shoemake 2025-07-21 13:24:14 
TT 270 125.2 -30.4 125.2 -30.4 6.92E-03 004.8 045.6  06.4 43.13111 39.78440 6.764554 shoemake 2025-07-23 14:03:41 
TT 300 123.6 -29.7 123.6 -29.7 6.43E-03 008.1 045.0  07.8 68.86306 61.43795 6.415462 shoemake 2025-07-25 11:27:21 
TT 330 118.1 -25.1 118.1 -25.1 3.65E-03 006.2 044.3  14.5 30.95069 25.13338 3.643530 shoemake 2025-07-29 15:29:00 
TT 360 117.0 -24.1 117.0 -24.1 3.45E-03 002.6 044.1  15.9 10.42405 11.29735 3.526501 shoemake 2025-07-31 20:02:25 
TT 390 112.7 -25.7 112.7 -25.7 3.36E-03 001.1 039.8  17.0 4.097356 5.015121 3.689397 shoemake 2025-08-03 14:27:52 
TT 420 110.4 -24.4 110.4 -24.4 2.89E-03 012.0 038.9  19.2 38.78441 47.75874 2.308089 shoemake 2025-08-05 13:33:08 
TT 450 104.0 -16.6 104.0 -16.6 1.10E-03 005.4 038.0  29.0 6.467310 8.204561 0.780559 shoemake 2025-08-06 20:17:28 
