PKSF- 8E 
         51.0  28.0   0.0   0.0   1.0
NRM    082.6 -25.6 082.6 -25.6 9.74E-02 006.4 105.8 -37.1 1022.323 353.3960 219.8738 shoemake 2024-07-17 18:34:33 
NRM    086.3 -23.8 086.3 -23.8 9.90E-02 002.6 110.6 -37.3 345.5098 247.9351 172.7018 shoemake 2024-07-18 21:53:30 
LT1 77 083.8 -24.7 083.8 -24.7 9.73E-02 007.1 107.6 -37.0 1152.047 347.2692 73.41991 shoemake 2024-08-02 23:41:46 
LT2 77 083.3 -25.2 083.3 -25.2 9.71E-02 008.5 106.7 -37.1 1402.108 399.9216 79.23111 shoemake 2024-08-13 20:16:22 
TT  70 082.9 -25.4 082.9 -25.4 9.08E-02 002.7 106.2 -37.2 408.4758 146.6736 52.82269 shoemake 2024-08-14 22:22:05 
TT 100 085.5 -24.2 085.5 -24.2 9.35E-02 003.4 109.5 -37.3 526.6366 214.4528 35.15638 shoemake 2025-07-09 21:46:11 
TT 160 082.6 -26.1 082.6 -26.1 3.03E-02 009.8 105.5 -37.6 506.2510 144.3240 13.12804 shoemake 2025-07-11 22:28:20 
TT 210 085.9 -23.1 085.9 -23.1 2.81E-02 002.9 110.6 -36.5 128.1552 63.95988 17.73245 shoemake 2025-07-17 16:08:06 
