PKSF- 0J 
         77.5  32.0   0.0   0.0   1.0
NRM    292.5  17.8 292.5  17.8 2.32E-01 005.6 291.3  33.3 1696.349 2478.869 1673.538 shoemake 2024-07-17 21:15:56 
NRM    287.0  21.4 287.0  21.4 2.52E-01 002.4 283.7  33.7 689.3644 597.3233 554.5513 shoemake 2024-07-18 22:51:27 
LT1 77 287.6  23.4 287.6  23.4 2.14E-01 008.9 282.9  35.6 3027.916 2685.818 438.0670 shoemake 2024-08-03 00:26:43 
LT1 77 291.5  20.3 291.5  20.3 2.30E-01 006.1 288.7  34.9 1778.064 2541.577 622.9456 shoemake 2024-08-05 12:15:52 
LT1 77 346.3 -31.6 346.3 -31.6 9.34E-02 068.0 359.2  00.4 263.5835 19505.30 14065.20 shoemake 2024-08-05 14:13:33 
LT1 77 293.0  17.6 293.0  17.6 2.44E-01 004.4 291.8  33.5 1764.852 560.1447 247.3185 shoemake 2024-08-05 14:45:07 
LT2 77 286.1  21.6 286.1  21.6 2.42E-01 002.7 282.8  33.3 1071.479 208.4184 292.4022 shoemake 2024-08-13 21:09:00 
TT  70 291.9  18.2 291.9  18.2 2.10E-01 004.7 290.5  33.4 1625.563 504.2649 278.8859 shoemake 2024-08-14 23:13:37 
TT 100 289.7  21.1 289.7  21.1 2.11E-01 014.8 286.6  34.8 5389.001 1504.853 225.3936 shoemake 2025-07-09 22:37:57 
TT 160 286.0  22.1 286.0  22.1 1.27E-01 001.1 282.3  33.7 170.7773 162.8762 139.8603 shoemake 2025-07-11 23:20:15 
TT 210 292.8  18.5 292.8  18.5 5.70E-02 003.8 291.2  34.1 334.6905 168.1537 90.26204 shoemake 2025-07-17 17:00:04 
TT 240 290.1  20.3 290.1  20.3 4.85E-02 002.6 287.4  34.3 192.1209 104.1186 81.60191 shoemake 2025-07-21 16:52:46 
TT 270 298.3  16.4 298.3  16.4 2.14E-02 007.7 298.0  34.9 256.7134 133.8525 28.48304 shoemake 2025-07-23 17:32:04 
TT 300 296.0  17.5 296.0  17.5 1.63E-02 001.7 295.0  34.8 39.10199 27.17127 25.01088 shoemake 2025-07-25 14:55:31 
TT 330 303.4  14.7 303.4  14.7 1.02E-02 005.1 304.3  35.8 72.20151 56.33631 17.37174 shoemake 2025-07-30 19:53:33 
TT 360 299.7  17.3 299.7  17.3 8.93E-03 009.4 298.8  36.4 130.3583 68.30157 9.933021 shoemake 2025-07-31 23:18:19 
TT 390 294.8  20.5 294.8  20.5 7.95E-03 011.8 291.8  36.8 154.6232 59.69676 7.931406 shoemake 2025-08-03 17:55:58 
TT 420 304.6  14.1 304.6  14.1 6.48E-03 004.7 305.9  35.7 44.24711 29.35666 5.140530 shoemake 2025-08-05 17:01:26 
TT 450 300.1  16.9 300.1  16.9 3.71E-03 004.5 299.6  36.2 24.54795 15.38720 3.192166 shoemake 2025-08-07 15:15:03 
