PKSF- 4F 
         59.0  48.0   0.0   0.0   1.0
NRM    081.2 -14.3 081.2 -14.3 9.44E-03 001.7 094.1 -26.1 18.40027 12.54130 17.05595 shoemake 2024-07-17 15:30:26 
NRM    078.8 -18.0 078.8 -18.0 9.59E-03 002.2 089.3 -26.7 25.63033 17.78493 20.69945 shoemake 2024-07-18 20:13:57 
LT1 77 080.8 -15.9 080.8 -15.9 1.01E-02 007.1 092.4 -26.8 125.1511 8.343299 7.244450 shoemake 2024-08-02 22:19:47 
LT2 77 079.9 -16.7 079.9 -16.7 1.03E-02 003.7 091.1 -26.6 66.09511 7.774511 10.29946 shoemake 2024-08-13 18:46:20 
TT  70 082.3 -13.9 082.3 -13.9 9.80E-03 003.9 095.2 -26.6 65.30469 8.124790 9.897545 shoemake 2024-08-14 20:52:47 
TT 100 086.1 -10.3 086.1 -10.3 1.01E-02 002.4 100.9 -27.0 41.48753 13.01259 5.815582 shoemake 2025-07-09 20:17:40 
TT 160 084.0 -13.3 084.0 -13.3 8.05E-03 008.0 096.9 -27.5 111.4461 17.29119 6.232042 shoemake 2025-07-11 20:59:45 
TT 210 078.4 -18.3 078.4 -18.3 7.14E-03 001.1 088.7 -26.5 12.25801 9.424113 8.124824 shoemake 2025-07-17 14:38:52 
TT 240 068.6 -21.1 068.6 -21.1 2.71E-03 004.9 080.1 -21.1 22.75573 3.715052 3.567239 shoemake 2025-07-21 14:31:20 
TT 270 072.8 -15.9 072.8 -15.9 2.54E-03 003.9 087.1 -20.9 17.25308 2.304848 2.290420 shoemake 2025-07-23 15:10:39 
TT 300 002.4 -08.4 002.4 -08.4 6.11E-04 002.0 039.7  30.9 1.186875 1.224018 1.625145 shoemake 2025-07-25 12:34:12 
TT 330 354.9 -02.8 354.9 -02.8 5.90E-04 001.6 034.6  39.3 1.241172 1.294608 0.281223 shoemake 2025-07-30 17:39:43 
TT 360 332.1  06.4 332.1  06.4 2.90E-04 005.2 005.6  54.3 1.234938 2.456703 0.273207 shoemake 2025-07-31 21:05:26 
TT 390 330.8  07.6 330.8  07.6 2.86E-04 005.4 003.5  55.6 1.144995 2.555594 0.137592 shoemake 2025-08-03 15:34:44 
TT 420 325.2  08.3 325.2  08.3 2.98E-04 005.3 353.6  56.2 1.132920 2.580891 0.145980 shoemake 2025-08-05 14:40:03 
TT 450 327.2  07.1 327.2  07.1 3.23E-04 003.1 357.2  55.1 1.076241 1.537663 0.137202 shoemake 2025-08-06 21:23:48 
