PKSF- 4D 
         59.0  48.0   0.0   0.0   1.0
NRM    089.1  01.7 089.1  01.7 6.30E-03 001.4 112.6 -20.8 9.504355 6.462167 11.07048 shoemake 2024-07-17 15:26:15 
NRM    092.5  04.3 092.5  04.3 6.39E-03 001.9 117.2 -21.2 15.47572 10.72472 13.28494 shoemake 2024-07-18 20:08:29 
LT1 77 092.7  04.6 092.7  04.6 6.85E-03 001.1 117.5 -21.0 10.54482 8.475501 4.798397 shoemake 2024-08-02 22:15:40 
LT2 77 089.3  01.5 089.3  01.5 6.92E-03 003.8 112.6 -21.1 41.84047 19.80010 5.703421 shoemake 2024-08-13 18:41:21 
TT  70 091.5  03.4 091.5  03.4 6.60E-03 005.0 115.7 -21.1 50.99031 26.84388 4.507307 shoemake 2024-08-14 20:47:54 
TT 100 088.9  00.2 088.9  00.2 3.41E-03 056.3 111.4 -21.7 123.4566 315.1545 134.9069 shoemake 2025-07-09 20:12:50 
TT 100 089.2  00.6 089.2  00.6 6.79E-03 006.5 111.9 -21.6 71.09963 29.62534 2.978809 shoemake 2025-07-10 14:36:51 
TT 160 091.6  00.2 091.6  00.2 5.67E-03 010.2 113.5 -23.5 92.17143 44.68825 2.344415 shoemake 2025-07-11 20:54:52 
TT 210 087.5 -02.8 087.5 -02.8 5.26E-03 001.2 108.0 -22.9 8.177629 10.07111 3.209186 shoemake 2025-07-17 14:34:00 
TT 240 080.5 -05.7 080.5 -05.7 2.51E-03 008.6 100.5 -19.8 36.62419 10.13410 2.025948 shoemake 2025-07-21 14:26:15 
TT 270 085.9  00.4 085.9  00.4 2.35E-03 007.8 109.2 -19.5 29.88482 11.58247 1.441615 shoemake 2025-07-23 15:05:38 
TT 300 034.2  05.6 034.2  05.6 4.81E-04 003.8 077.3  22.0 3.013905 0.731632 1.091219 shoemake 2025-07-25 12:29:08 
TT 330 023.8  12.0 023.8  12.0 4.77E-04 001.4 074.6  33.8 0.861164 0.976778 0.343649 shoemake 2025-07-30 17:35:01 
TT 360 353.1  19.6 353.1  19.6 1.71E-04 005.8 050.1  59.6 1.226266 1.299705 0.091936 shoemake 2025-07-31 21:00:42 
TT 390 338.6  18.2 338.6  18.2 1.98E-04 005.1 022.2  64.7 0.961418 1.538064 0.039969 shoemake 2025-08-03 15:29:45 
TT 420 333.7  16.0 333.7  16.0 1.02E-04 078.1 010.6  63.6 4.767598 0.990596 9.748838 shoemake 2025-08-05 14:35:01 
TT 420 334.8  16.0 334.8  16.0 2.04E-04 004.0 013.0  63.5 0.862222 1.180359 0.105428 shoemake 2025-08-05 20:00:59 
TT 450 335.4  15.7 335.4  15.7 1.03E-04 043.7 014.1  63.1 4.899137 1.430706 9.853306 shoemake 2025-08-06 21:18:49 
TT 450 333.3  14.7 333.3  14.7 2.07E-04 003.9 009.4  62.4 0.853672 1.201654 0.136385 shoemake 2025-08-07 17:31:25 
