PKSF- 0L 
         77.5  32.0   0.0   0.0   1.0
NRM    289.0  17.7 289.0  17.7 2.79E-01 007.0 288.0  31.5 3205.120 4242.509 3125.549 shoemake 2024-07-17 21:22:01 
NRM    287.9  18.6 287.9  18.6 3.23E-01 003.7 286.4  31.7 1666.465 899.8644 1011.696 shoemake 2024-07-18 22:57:04 
LT1 77 286.9  20.7 286.9  20.7 2.36E-01 008.2 284.1  33.0 3045.530 2877.741 551.7006 shoemake 2024-08-03 00:31:05 
LT1 77 290.0  18.6 290.0  18.6 2.71E-01 009.0 288.4  32.8 2730.832 5176.066 2287.600 shoemake 2024-08-05 12:21:54 
LT1 77 347.0 -32.0 347.0 -32.0 6.12E-02 077.7 359.7  00.0 343.8867 27861.17 17804.25 shoemake 2024-08-05 14:19:34 
LT1 77 287.6  18.9 287.6  18.9 3.13E-01 002.7 286.0  31.8 1308.782 665.8429 241.4419 shoemake 2024-08-05 14:52:07 
LT2 77 288.0  19.0 288.0  19.0 3.12E-01 002.1 286.2  32.2 980.5107 559.0485 228.3140 shoemake 2024-08-13 21:13:58 
TT  70 292.5  16.0 292.5  16.0 2.74E-01 001.8 292.4  31.8 770.5746 339.2018 209.7850 shoemake 2024-08-14 23:18:28 
TT 100 289.3  18.4 289.3  18.4 2.80E-01 007.4 287.9  32.3 3444.829 1148.088 170.5173 shoemake 2025-07-09 22:42:57 
TT 160 286.8  19.7 286.8  19.7 1.58E-01 004.7 284.7  32.1 1233.398 400.2156 78.82006 shoemake 2025-07-11 23:25:11 
TT 210 289.4  19.0 289.4  19.0 6.91E-02 006.9 287.5  32.8 776.0315 322.8518 53.29180 shoemake 2025-07-17 17:05:06 
TT 240 291.1  18.2 291.1  18.2 5.52E-02 006.2 289.7  33.1 536.5596 280.5070 56.03309 shoemake 2025-07-21 16:57:40 
TT 270 291.1  18.8 291.1  18.8 2.87E-02 002.1 289.3  33.6 92.12831 59.01534 22.15342 shoemake 2025-07-23 17:37:00 
TT 300 294.4  17.3 294.4  17.3 2.10E-02 004.0 293.5  33.9 126.8359 76.36138 17.57697 shoemake 2025-07-25 15:00:25 
TT 330 294.3  18.2 294.3  18.2 1.40E-02 004.4 292.9  34.6 93.44033 57.86598 15.11258 shoemake 2025-07-30 19:58:14 
TT 360 297.8  16.8 297.8  16.8 1.16E-02 006.3 297.2  35.1 112.8810 60.63791 5.679134 shoemake 2025-07-31 23:22:56 
TT 390 299.7  15.8 299.7  15.8 9.78E-03 008.4 299.7  35.1 123.3403 74.44859 3.163627 shoemake 2025-08-03 18:00:53 
TT 420 301.0  14.8 301.0  14.8 7.91E-03 006.2 301.7  34.8 72.44400 47.04613 3.439083 shoemake 2025-08-05 17:06:19 
TT 450 299.7  15.4 299.7  15.4 5.15E-03 004.7 300.0  34.8 35.80029 22.81391 2.572975 shoemake 2025-08-07 15:19:58 
