PKSF- 7A 
        123.5  36.0   0.0   0.0   1.0
NRM    097.3 -30.5 097.3 -30.5 8.17E-03 008.7 052.0 -10.8 99.26816 71.51751 28.22066 shoemake 2024-07-17 17:54:22 
NRM    096.7 -31.3 096.7 -31.3 8.33E-03 003.0 051.2 -11.3 28.90857 17.24915 29.94423 shoemake 2024-07-18 21:17:40 
LT1 77 098.7 -30.8 098.7 -30.8 8.63E-03 004.4 052.9 -11.7 51.86622 34.80425 22.27682 shoemake 2024-08-02 23:14:26 
LT2 77 096.6 -32.2 096.6 -32.2 8.66E-03 004.5 050.6 -12.0 53.13990 38.27388 19.55623 shoemake 2024-08-13 19:43:54 
TT  70 105.0 -27.4 105.0 -27.4 8.14E-03 002.5 059.5 -12.1 21.80230 18.47116 21.54745 shoemake 2024-08-14 21:50:22 
TT 100 103.4 -28.8 103.4 -28.8 8.33E-03 007.2 057.5 -12.4 89.52094 52.40443 20.66929 shoemake 2025-07-09 21:14:13 
TT 160 106.1 -27.8 106.1 -27.8 7.04E-03 003.3 060.1 -12.9 34.47979 14.21161 17.59835 shoemake 2025-07-11 21:56:25 
TT 210 095.2 -31.0 095.2 -31.0 5.19E-03 008.3 050.2 -10.4 60.08075 43.86524 13.84554 shoemake 2025-07-17 15:36:04 
