PKSF- 3H 
         78.0  73.0   0.0   0.0   1.0
NRM    229.3 -03.5 229.3 -03.5 8.57E-02 005.3 264.7 -28.3 774.4084 143.7783 135.1845 shoemake 2024-07-17 15:11:18 
NRM    227.1  01.3 227.1  01.3 8.71E-02 003.7 258.8 -28.7 509.4107 200.9372 183.7381 shoemake 2024-07-18 19:49:03 
LT1 77 224.8  05.4 224.8  05.4 8.69E-02 001.1 253.4 -29.4 146.5852 78.08412 72.02592 shoemake 2024-08-02 22:00:53 
LT2 77 225.6  03.3 225.6  03.3 8.68E-02 003.4 256.1 -29.4 479.7551 161.4826 75.78830 shoemake 2024-08-13 18:23:55 
TT  70 226.8 -03.5 226.8 -03.5 7.93E-02 005.5 263.9 -30.6 762.0861 87.63369 68.47819 shoemake 2024-08-14 20:30:51 
TT 100 225.6 -00.6 225.6 -00.6 8.16E-02 007.6 260.3 -30.9 1070.588 206.2537 44.19516 shoemake 2025-07-09 19:55:29 
TT 160 221.4 -03.4 221.4 -03.4 5.80E-02 010.4 261.7 -35.7 1049.460 164.8549 29.98224 shoemake 2025-07-11 20:37:32 
TT 210 222.9 -07.4 222.9 -07.4 5.74E-02 004.6 267.0 -35.5 462.5111 85.88440 40.30473 shoemake 2025-07-17 14:16:41 
