PKSF- 1E 
        160.0  55.0   0.0   0.0   1.0
NRM    156.5 -43.8 156.5 -43.8 3.45E-02 004.6 050.7 -21.3 207.0173 180.3989 55.58328 shoemake 2024-07-17 14:18:15 
NRM    159.2 -41.4 159.2 -41.4 3.45E-02 011.1 053.9 -21.9 590.8462 325.6176 78.12381 shoemake 2024-07-18 18:39:51 
NRM    155.8 -45.6 155.8 -45.6 3.51E-02 001.6 048.7 -21.7 71.49329 59.04458 61.68696 shoemake 2024-07-19 12:06:39 
LT1 77 149.1 -53.1 149.1 -53.1 3.25E-02 010.8 039.4 -21.5 402.9882 469.4764 22.60656 shoemake 2024-08-02 20:40:55 
LT1 77 157.0 -43.2 157.0 -43.2 3.32E-02 002.7 051.4 -21.3 117.6726 99.65916 20.76715 shoemake 2024-08-05 11:39:13 
LT2 77 155.1 -45.6 155.1 -45.6 3.25E-02 007.8 048.5 -21.2 334.4932 294.7004 25.49727 shoemake 2024-08-13 17:21:11 
TT  70 156.0 -41.0 156.0 -41.0 2.58E-02 004.1 053.0 -19.6 155.0314 102.0486 20.33474 shoemake 2024-08-14 19:28:39 
TT 100 153.1 -46.0 153.1 -46.0 2.68E-02 004.4 047.3 -20.2 152.1554 143.5210 9.949475 shoemake 2025-07-09 18:54:02 
TT 160 152.8 -45.1 152.8 -45.1 2.46E-02 004.6 048.0 -19.7 153.5182 126.9653 10.36134 shoemake 2025-07-11 19:36:04 
TT 210 144.3 -45.8 144.3 -45.8 1.64E-02 005.9 044.1 -15.0 131.8839 109.0342 9.855410 shoemake 2025-07-17 13:14:45 
TT 240 143.9 -43.4 143.9 -43.4 1.48E-02 007.2 045.9 -13.4 147.6141 118.1706 11.27272 shoemake 2025-07-21 13:06:52 
TT 270 131.2 -41.5 131.2 -41.5 8.84E-03 007.2 041.3 -04.9 78.70093 80.99877 4.207221 shoemake 2025-07-23 13:46:23 
TT 300 130.7 -39.3 130.7 -39.3 8.33E-03 005.3 042.7 -03.1 59.48102 50.90027 4.856749 shoemake 2025-07-25 11:10:01 
TT 330 124.5 -30.5 124.5 -30.5 2.53E-03 061.5 045.1  06.7 189.7163 190.3284 31.54864 shoemake 2025-07-29 15:11:46 
TT 330 120.5 -33.7 120.5 -33.7 5.06E-03 005.5 040.4  06.5 32.28927 37.24235 2.556930 shoemake 2025-07-31 10:35:50 
TT 360 122.8 -29.6 122.8 -29.6 4.77E-03 000.7 044.6  08.3 6.271101 3.998165 2.321196 shoemake 2025-07-31 19:46:03 
TT 390 122.7 -29.1 122.7 -29.1 4.66E-03 006.8 044.9  08.8 39.38934 39.21194 1.885493 shoemake 2025-08-03 14:10:35 
TT 420 105.0 -36.2 105.0 -36.2 2.07E-03 050.7 028.3  11.6 190.5617 102.7213 44.61698 shoemake 2025-08-05 13:15:47 
TT 420 115.3 -30.3 115.3 -30.3 4.14E-03 000.7 039.0  11.9 3.356674 4.994870 1.931964 shoemake 2025-08-05 19:53:13 
TT 450 106.1 -18.9 106.1 -18.9 1.61E-03 006.6 038.5  26.0 12.45410 13.93211 0.800310 shoemake 2025-08-06 20:00:19 
