PKSF- 7D 
        123.5  36.0   0.0   0.0   1.0
NRM    098.4 -57.5 098.4 -57.5 1.46E-02 002.9 035.7 -33.3 42.68691 52.35280 32.86254 shoemake 2024-07-17 18:04:50 
NRM    031.6 -36.1 031.6 -36.1 1.05E-02 046.9 358.7 -00.1 34.94276 695.7782 877.8952 shoemake 2024-07-18 21:25:55 
NRM    078.7 -64.8 078.7 -64.8 1.48E-02 003.8 021.4 -33.8 46.30716 84.98032 24.99758 shoemake 2024-07-19 12:38:25 
LT1 77 076.5 -66.6 076.5 -66.6 1.49E-02 006.7 019.4 -34.9 61.34492 162.2493 10.39896 shoemake 2024-08-02 23:20:42 
LT2 77 082.9 -65.1 082.9 -65.1 1.50E-02 004.6 023.0 -35.0 51.54426 109.5790 13.14216 shoemake 2024-08-13 19:51:20 
TT  70 091.4 -61.9 091.4 -61.9 1.36E-02 005.0 029.0 -34.6 63.29080 99.54694 12.37631 shoemake 2024-08-14 21:57:38 
TT 100 076.7 -66.3 076.7 -66.3 1.41E-02 002.7 019.6 -34.7 24.03369 62.87004 5.709549 shoemake 2025-07-09 21:21:31 
TT 160 083.3 -63.7 083.3 -63.7 1.07E-02 009.8 024.2 -33.9 80.94910 166.7516 3.737064 shoemake 2025-07-11 22:03:41 
TT 210 064.5 -63.4 064.5 -63.4 8.28E-03 005.6 015.5 -29.9 28.64057 76.27237 3.388342 shoemake 2025-07-17 15:43:24 
TT 240 053.6 -55.4 053.6 -55.4 5.00E-03 009.4 012.1 -20.7 19.15248 80.94652 2.381220 shoemake 2025-07-21 15:35:53 
TT 270 034.4 -49.5 034.4 -49.5 3.56E-03 004.0 000.8 -13.5 2.721004 24.67925 2.088162 shoemake 2025-07-23 16:15:04 
TT 300 035.7 -41.3 035.7 -41.3 2.24E-03 005.3 001.8 -05.3 1.692752 20.78769 1.372298 shoemake 2025-07-25 13:38:33 
TT 330 032.5 -37.2 032.5 -37.2 1.43E-03 006.3 359.4 -01.2 1.640739 15.67565 0.817078 shoemake 2025-07-30 18:41:04 
TT 360 022.2 -34.9 022.2 -34.9 1.13E-03 010.5 350.9  00.6 3.757030 20.63258 0.575492 shoemake 2025-07-31 22:06:00 
TT 390 031.8 -35.4 031.8 -35.4 9.33E-04 005.9 358.8  00.6 1.365234 9.579946 0.505133 shoemake 2025-08-03 16:39:09 
TT 420 027.9 -35.3 027.9 -35.3 8.75E-04 007.8 355.6  00.6 1.442714 11.91356 0.533713 shoemake 2025-08-05 15:44:31 
TT 450 025.4 -33.9 025.4 -33.9 6.41E-04 004.0 353.4  01.9 1.105339 4.398992 0.268306 shoemake 2025-08-07 13:58:08 
