PKSF- 7G 
        123.5  36.0   0.0   0.0   1.0
NRM    079.9 -76.1 079.9 -76.1 1.82E-02 009.4 014.0 -43.5 85.58358 284.9378 39.93885 shoemake 2024-07-17 18:13:09 
NRM    032.4 -36.0 032.4 -36.0 1.14E-02 053.8 359.2 -00.0 52.20923 787.7736 1362.327 shoemake 2024-07-18 21:34:11 
NRM    091.5 -73.0 091.5 -73.0 1.86E-02 003.9 019.9 -43.1 62.41351 109.8614 27.55819 shoemake 2024-07-19 12:46:49 
LT1 77 079.7 -77.5 079.7 -77.5 1.84E-02 009.7 012.7 -44.6 80.17059 305.5936 14.50517 shoemake 2024-08-02 23:27:00 
LT1 77 098.2 -72.0 098.2 -72.0 1.86E-02 006.1 022.8 -43.9 91.60902 175.9071 13.11516 shoemake 2024-08-05 11:51:37 
LT2 77 098.8 -73.0 098.8 -73.0 1.85E-02 009.2 021.9 -44.6 120.6779 275.1631 14.78165 shoemake 2024-08-13 19:58:54 
TT  70 085.4 -75.5 085.4 -75.5 1.67E-02 003.3 015.9 -43.9 44.30444 83.76405 18.71916 shoemake 2024-08-14 22:05:05 
TT 100 087.1 -77.6 087.1 -77.6 1.69E-02 013.5 014.4 -45.7 112.2126 390.6521 8.400724 shoemake 2025-07-09 21:28:55 
TT 160 081.3 -75.9 081.3 -75.9 1.30E-02 004.8 014.4 -43.6 39.45282 103.5268 6.146905 shoemake 2025-07-11 22:11:08 
TT 210 060.3 -77.0 060.3 -77.0 1.04E-02 008.4 007.9 -42.1 35.56361 150.0977 4.948129 shoemake 2025-07-17 15:50:47 
