PKSF- 1G 
        160.0  55.0   0.0   0.0   1.0
NRM    154.2 -39.6 154.2 -39.6 4.83E-02 001.3 053.6 -17.7 67.94432 46.78870 76.18943 shoemake 2024-07-17 14:22:33 
NRM    153.3 -41.7 153.3 -41.7 4.86E-02 006.2 051.3 -18.2 417.6552 314.4351 94.22034 shoemake 2024-07-18 18:45:28 
NRM    149.0 -46.4 149.0 -46.4 4.88E-02 001.5 045.5 -18.0 85.85980 68.78167 96.76481 shoemake 2024-07-19 12:09:31 
LT1 77 151.7 -43.5 151.7 -43.5 4.57E-02 002.3 049.0 -18.1 160.4996 93.96185 24.89762 shoemake 2024-08-02 20:45:10 
LT2 77 155.9 -38.6 155.9 -38.6 4.48E-02 007.6 055.3 -18.3 483.7522 357.2801 44.63525 shoemake 2024-08-13 17:26:13 
TT  70 150.8 -41.7 150.8 -41.7 3.17E-02 006.8 050.3 -16.6 301.2781 226.3166 24.20074 shoemake 2024-08-14 19:33:33 
TT 100 149.3 -43.8 149.3 -43.8 3.31E-02 001.0 047.9 -16.8 47.01165 39.62816 19.61272 shoemake 2025-07-09 18:59:02 
TT 160 152.9 -38.1 152.9 -38.1 2.87E-02 007.5 054.4 -16.0 314.5802 210.2488 12.84095 shoemake 2025-07-11 19:41:02 
TT 210 142.4 -40.9 142.4 -40.9 1.89E-02 008.3 047.3 -11.0 219.1730 172.2879 9.945622 shoemake 2025-07-17 13:19:48 
TT 240 144.2 -36.5 144.2 -36.5 1.71E-02 004.4 051.7 -09.5 116.6650 65.22568 9.542288 shoemake 2025-07-21 13:11:48 
TT 270 130.2 -37.5 130.2 -37.5 1.04E-02 004.6 043.7 -01.6 62.57215 56.05168 4.571122 shoemake 2025-07-23 13:51:18 
TT 300 128.6 -36.6 128.6 -36.6 9.82E-03 005.3 043.4 -00.1 69.56737 59.18658 4.444872 shoemake 2025-07-25 11:14:54 
TT 330 119.7 -30.3 119.7 -30.3 5.56E-03 000.6 042.0  09.5 7.373213 9.054343 2.709241 shoemake 2025-07-29 15:16:47 
TT 360 118.3 -30.0 118.3 -30.0 5.25E-03 007.8 041.3  10.6 48.69185 52.73953 2.606757 shoemake 2025-07-31 19:50:39 
TT 390 120.3 -28.1 120.3 -28.1 5.20E-03 008.1 043.9  10.9 51.41164 53.39840 2.723358 shoemake 2025-08-03 14:15:30 
TT 420 118.1 -26.4 118.1 -26.4 4.87E-03 005.9 043.5  13.5 36.12150 35.79628 2.467827 shoemake 2025-08-05 13:20:40 
TT 450 103.2 -19.4 103.2 -19.4 1.75E-03 005.2 035.7  27.0 9.887054 12.76576 0.939279 shoemake 2025-08-06 20:05:09 
