PKSF- 2B 
         83.5  64.0   0.0   0.0   1.0
NRM    006.0  50.8 006.0  50.8 5.40E-02 002.8 162.0  63.3 161.9757 202.1575 49.56737 shoemake 2024-07-17 14:37:21 
NRM    009.1  49.3 009.1  49.3 5.53E-02 003.0 156.4  63.6 198.2417 208.4823 55.55477 shoemake 2024-07-18 19:04:45 
LT1 77 006.2  50.8 006.2  50.8 5.26E-02 001.5 161.7  63.3 43.77961 127.2636 23.44618 shoemake 2024-08-02 20:59:49 
LT2 77 007.2  50.4 007.2  50.4 5.27E-02 001.7 160.1  63.4 50.04565 142.6154 25.02105 shoemake 2024-08-13 17:43:51 
TT  70 005.4  50.9 005.4  50.9 4.33E-02 002.1 162.8  63.4 44.72845 149.0517 19.12518 shoemake 2024-08-14 19:50:40 
TT 100 005.5  50.3 005.5  50.3 4.54E-02 003.0 162.2  63.9 99.69277 218.6412 13.70563 shoemake 2025-07-09 19:16:08 
TT 160 006.7  47.0 006.7  47.0 2.89E-02 004.0 156.6  66.5 88.77638 185.5203 9.922007 shoemake 2025-07-11 19:58:13 
TT 210 009.2  43.8 009.2  43.8 1.55E-02 002.6 148.1  68.0 42.24913 58.31201 5.630171 shoemake 2025-07-17 13:37:06 
