PKSF- 1D 
        160.0  55.0   0.0   0.0   1.0
NRM    155.0 -47.4 155.0 -47.4 3.19E-02 002.0 046.7 -22.1 62.47358 83.61212 51.37079 shoemake 2024-07-17 14:16:07 
NRM    162.9 -40.9 162.9 -40.9 3.03E-02 021.4 055.8 -24.1 1070.812 506.1721 69.79716 shoemake 2024-07-18 18:37:03 
NRM    155.0 -48.8 155.0 -48.8 3.23E-02 002.6 045.4 -22.7 101.0566 97.35015 60.46115 shoemake 2024-07-19 12:03:49 
LT1 77 156.1 -46.4 156.1 -46.4 3.04E-02 007.8 048.0 -22.2 323.3224 264.6256 38.13938 shoemake 2024-08-02 20:38:47 
LT2 77 157.8 -43.6 157.8 -43.6 3.02E-02 007.3 051.3 -22.0 305.0826 232.0756 40.47698 shoemake 2024-08-13 17:18:37 
TT  70 156.6 -42.2 156.6 -42.2 2.56E-02 003.0 052.2 -20.5 117.1967 63.49965 26.54823 shoemake 2024-08-14 19:26:10 
TT 100 156.9 -43.2 156.9 -43.2 2.66E-02 006.2 051.4 -21.2 231.3353 175.4493 21.77009 shoemake 2025-07-09 18:51:33 
TT 160 153.7 -46.0 153.7 -46.0 2.53E-02 004.0 047.5 -20.7 141.7845 107.0302 13.22019 shoemake 2025-07-11 19:33:35 
TT 210 148.2 -44.1 148.2 -44.1 1.71E-02 000.9 047.1 -16.4 34.87557 15.34386 7.100065 shoemake 2025-07-17 13:12:15 
TT 240 145.2 -44.1 145.2 -44.1 1.55E-02 003.8 045.9 -14.5 91.31181 56.47210 6.541927 shoemake 2025-07-21 13:04:23 
TT 270 131.3 -42.7 131.3 -42.7 9.16E-03 002.1 040.5 -05.8 28.33359 21.94181 4.187497 shoemake 2025-07-23 13:43:55 
TT 300 129.9 -41.3 129.9 -41.3 8.63E-03 001.6 040.8 -04.1 24.19446 12.69327 4.446731 shoemake 2025-07-25 11:07:33 
TT 330 121.1 -34.2 121.1 -34.2 5.27E-03 001.0 040.5  05.8 4.834856 12.28666 2.789040 shoemake 2025-07-29 15:09:14 
TT 360 125.1 -29.6 125.1 -29.6 5.06E-03 001.0 046.0  07.0 5.720213 7.421222 2.975142 shoemake 2025-07-31 19:43:45 
TT 390 112.3 -37.4 112.3 -37.4 4.96E-03 004.1 032.8  07.6 19.72208 29.53676 3.579546 shoemake 2025-08-03 14:08:05 
TT 420 114.1 -31.8 114.1 -31.8 4.30E-03 007.0 037.3  11.3 33.24833 41.42124 2.104842 shoemake 2025-08-05 13:13:19 
TT 450 101.3 -21.4 101.3 -21.4 1.72E-03 002.2 032.8  26.2 3.959313 5.383228 1.167679 shoemake 2025-08-06 19:57:54 
