PKSF- 5E 
         87.0  36.0   0.0   0.0   1.0
NRM    310.2  65.1 310.2  65.1 1.33E-01 003.3 225.6  64.7 464.4381 559.4799 506.7781 shoemake 2024-07-17 15:51:34 
NRM    319.0  66.1 319.0  66.1 1.51E-01 005.1 221.8  68.1 834.4518 1047.397 159.2458 shoemake 2024-07-18 20:41:33 
NRM    173.7  36.0 173.7  36.0 4.78E-02 071.7 177.5  00.0 587.4117 3285.804 15075.52 shoemake 2024-07-19 12:24:13 
NRM    321.5  69.6 321.5  69.6 1.52E-01 003.6 212.0  67.7 615.0942 740.4417 139.4401 shoemake 2024-07-19 15:32:40 
LT1 77 311.9  67.8 311.9  67.8 1.36E-01 001.5 219.2  65.0 231.8735 182.8782 564.3211 shoemake 2024-08-02 22:40:48 
LT2 77 316.9  66.6 316.9  66.6 1.48E-01 001.2 221.1  67.2 150.9923 259.1748 89.40123 shoemake 2024-08-13 19:11:23 
TT  70 316.5  64.8 316.5  64.8 1.32E-01 001.1 225.5  67.3 211.3879 142.4496 55.77726 shoemake 2024-08-14 21:17:16 
TT 100 317.7  66.0 317.7  66.0 1.37E-01 002.5 222.4  67.6 489.6737 349.7605 62.61752 shoemake 2025-07-09 20:42:12 
TT 160 319.0  67.3 319.0  67.3 1.27E-01 002.5 218.7  67.8 446.4920 349.1150 75.65246 shoemake 2025-07-11 21:24:22 
TT 210 321.7  66.0 321.7  66.0 6.17E-02 002.6 221.1  69.2 233.4795 165.8621 30.24343 shoemake 2025-07-17 15:03:39 
TT 240 321.7  65.3 321.7  65.3 5.99E-02 002.1 222.9  69.4 193.9903 125.6598 41.31336 shoemake 2025-07-21 14:56:12 
TT 270 333.1  61.2 333.1  61.2 1.68E-02 002.4 230.7  75.5 59.60938 36.51097 9.668464 shoemake 2025-07-23 15:35:29 
TT 300 334.9  60.4 334.9  60.4 1.48E-02 002.1 232.8  76.6 48.30401 25.85746 4.075427 shoemake 2025-07-25 12:59:03 
TT 330 341.6  54.0 341.6  54.0 7.39E-03 001.5 263.7  81.1 14.69765 12.91771 1.950485 shoemake 2025-07-30 18:03:30 
TT 360 342.1  53.3 342.1  53.3 6.87E-03 001.6 268.4  81.3 14.06721 13.00151 1.403223 shoemake 2025-07-31 21:28:43 
TT 390 342.4  53.0 342.4  53.0 6.77E-03 002.7 270.9  81.4 29.39532 13.28409 1.719219 shoemake 2025-08-03 15:59:33 
TT 420 341.1  52.7 341.1  52.7 5.90E-03 002.4 271.6  80.6 22.61460 11.26534 1.840334 shoemake 2025-08-05 15:04:52 
TT 450 342.4  54.1 342.4  54.1 3.38E-03 001.6 263.6  81.6 7.212713 6.156819 1.068409 shoemake 2025-08-07 13:18:23 
