PKSF- 5J 
         87.0  36.0   0.0   0.0   1.0
NRM    315.8  72.0 315.8  72.0 1.23E-01 003.0 208.7  65.0 439.5808 430.0706 354.1531 shoemake 2024-07-17 17:29:27 
NRM    328.9  75.7 328.9  75.7 1.28E-01 003.0 196.4  65.8 459.6834 478.0624 121.0965 shoemake 2024-07-18 20:55:29 
LT1 77 317.7  72.6 317.7  72.6 1.24E-01 000.8 206.8  65.3 135.6638 119.2968 41.07286 shoemake 2024-08-02 22:57:28 
LT2 77 315.3  70.8 315.3  70.8 1.24E-01 002.1 211.4  65.3 284.0364 343.7438 128.6098 shoemake 2024-08-13 19:23:51 
TT  70 314.4  69.3 314.4  69.3 1.07E-01 001.7 215.1  65.5 220.4811 209.7804 72.55643 shoemake 2024-08-14 21:30:47 
TT 100 318.6  72.0 318.6  72.0 1.11E-01 002.0 207.8  65.8 265.1661 296.9311 40.15627 shoemake 2025-07-09 20:54:33 
TT 160 319.1  71.6 319.1  71.6 9.40E-02 003.1 208.6  66.1 311.8497 418.6505 37.61400 shoemake 2025-07-11 21:36:41 
TT 210 323.5  68.4 323.5  68.4 3.94E-02 005.0 214.1  68.9 219.0997 268.6786 26.58691 shoemake 2025-07-17 15:16:12 
TT 240 324.0  69.7 324.0  69.7 3.62E-02 002.2 210.9  68.5 103.0516 99.16664 31.01748 shoemake 2025-07-21 15:08:30 
TT 270 336.7  64.0 336.7  64.0 1.25E-02 003.2 217.5  75.7 51.90187 48.53996 9.005478 shoemake 2025-07-23 15:47:46 
TT 300 339.3  62.3 339.3  62.3 1.05E-02 001.5 221.0  77.7 20.29093 18.21465 4.729755 shoemake 2025-07-25 13:11:21 
TT 330 342.6  56.7 342.6  56.7 5.70E-03 001.7 245.5  81.5 13.52790 10.89501 1.775953 shoemake 2025-07-30 18:15:25 
TT 360 343.7  56.3 343.7  56.3 5.35E-03 001.6 247.8  82.2 11.41141 10.14508 1.650041 shoemake 2025-07-31 21:40:15 
TT 390 345.5  55.5 345.5  55.5 4.99E-03 001.5 252.6  83.3 9.147292 9.075136 1.049613 shoemake 2025-08-03 16:11:51 
TT 420 345.1  55.8 345.1  55.8 4.69E-03 001.9 250.4  83.1 11.78665 9.696119 1.252767 shoemake 2025-08-05 15:17:08 
TT 450 345.6  57.5 345.6  57.5 1.15E-03 061.0 236.1  82.8 8.913790 12.99757 121.8134 shoemake 2025-08-07 13:30:41 
TT 450 344.5  56.2 344.5  56.2 2.30E-03 001.7 248.0  82.6 5.030296 4.694408 0.604237 shoemake 2025-08-07 17:46:29 
