PKSF- 0G 
         77.5  32.0   0.0   0.0   1.0
NRM    281.8  24.3 281.8  24.3 3.12E-01 007.8 277.0  33.3 4166.521 5363.086 4313.823 shoemake 2024-07-17 21:06:50 
NRM    284.4  24.1 284.4  24.1 3.75E-01 003.1 279.5  34.6 1400.203 1548.543 767.4134 shoemake 2024-07-18 22:43:05 
LT1 77 282.6  23.5 282.6  23.5 2.52E-01 007.5 278.3  33.1 3024.232 2602.798 337.9824 shoemake 2024-08-03 00:20:13 
LT2 77 281.1  26.1 281.1  26.1 3.60E-01 001.8 275.2  34.4 934.9741 712.3090 280.1721 shoemake 2024-08-13 21:01:24 
TT  70 286.0  22.6 286.0  22.6 3.09E-01 007.3 282.0  34.2 3850.634 829.4728 240.7110 shoemake 2024-08-14 23:06:12 
TT  70 283.4  24.0 283.4  24.0 3.12E-01 002.8 278.7  33.9 1461.346 402.7609 241.9758 shoemake 2024-08-15 12:21:19 
TT 100 287.4  22.2 287.4  22.2 3.21E-01 004.3 283.6  34.5 2371.085 581.7241 153.3576 shoemake 2025-07-09 22:30:31 
TT 160 280.9  26.1 280.9  26.1 1.95E-01 002.7 274.9  34.3 909.0684 272.6679 107.7475 shoemake 2025-07-11 23:12:47 
TT 210 282.4  25.6 282.4  25.6 9.25E-02 005.3 276.7  34.7 837.7094 200.5082 81.43729 shoemake 2025-07-17 16:52:34 
TT 240 282.5  25.4 282.5  25.4 8.52E-02 001.4 276.9  34.6 188.6702 142.6681 102.4564 shoemake 2025-07-21 16:45:23 
TT 270 288.0  23.1 288.0  23.1 3.06E-02 005.9 283.6  35.5 295.4761 109.1906 27.61100 shoemake 2025-07-23 17:24:31 
TT 300 283.7  26.2 283.7  26.2 2.54E-02 006.0 277.4  35.8 263.3148 58.04705 20.91147 shoemake 2025-07-25 14:48:03 
TT 330 292.9  20.9 292.9  20.9 1.40E-02 003.7 289.7  36.2 79.92330 41.91425 14.66067 shoemake 2025-07-30 19:46:27 
TT 360 292.9  21.1 292.9  21.1 1.31E-02 004.6 289.6  36.4 99.11127 37.20762 7.553280 shoemake 2025-07-31 23:11:24 
TT 390 295.4  20.4 295.4  20.4 1.23E-02 007.7 292.5  37.0 154.6054 64.99304 9.223457 shoemake 2025-08-03 17:48:27 
TT 420 295.7  19.5 295.7  19.5 1.04E-02 002.4 293.4  36.4 39.40576 19.48097 5.849809 shoemake 2025-08-05 16:54:01 
TT 450 293.6  21.4 293.6  21.4 4.98E-03 004.5 290.1  37.0 36.35717 14.38923 2.783411 shoemake 2025-08-07 15:07:40 
