PKSF- 2G 
         83.5  64.0   0.0   0.0   1.0
NRM    028.9  15.1 028.9  15.1 6.50E-02 002.3 079.0  55.1 207.3478 155.8017 77.62991 shoemake 2024-07-17 14:48:00 
NRM    026.3  11.0 026.3  11.0 6.62E-02 003.1 070.5  55.4 268.4109 225.8148 78.81851 shoemake 2024-07-18 19:18:39 
LT1 77 027.7  12.1 027.7  12.1 6.27E-02 001.4 073.4  54.8 144.2525 54.78578 27.88535 shoemake 2024-08-02 21:37:45 
LT2 77 027.6  12.3 027.6  12.3 6.21E-02 004.0 073.6  55.0 414.4032 114.5847 37.78534 shoemake 2024-08-13 17:56:17 
TT  70 026.9  10.8 026.9  10.8 4.72E-02 001.1 070.7  54.9 48.23732 73.24664 27.57492 shoemake 2024-08-14 20:02:49 
TT 100 351.9 -63.9 351.9 -63.9 4.69E-03 082.4 359.4  00.1 101.2928 2929.694 4370.805 shoemake 2025-07-09 19:28:29 
TT 100 027.0  13.0 027.0  13.0 2.47E-02 073.3 074.2  55.8 410.6838 1432.072 2187.826 shoemake 2025-07-10 14:31:40 
TT 100 029.0  20.3 029.0  20.3 4.87E-02 010.1 087.7  56.8 842.1088 218.5232 44.88213 shoemake 2025-07-10 15:02:43 
TT 160 028.7  20.4 028.7  20.4 1.30E-02 017.4 087.7  57.0 48.95470 753.8066 1162.206 shoemake 2025-07-11 20:10:31 
TT 160 028.1  16.9 028.1  16.9 2.60E-02 001.6 081.4  56.5 52.01286 53.25976 15.08015 shoemake 2025-07-12 16:10:48 
TT 210 027.0  21.1 027.0  21.1 1.20E-02 003.1 088.2  58.8 59.19281 27.30324 3.442056 shoemake 2025-07-17 13:49:34 
TT 240 022.2  16.2 022.2  16.2 7.09E-03 003.3 075.8  61.4 39.04498 14.75328 2.380998 shoemake 2025-07-21 13:41:33 
TT 270 014.6  03.7 014.6  03.7 2.15E-03 069.8 046.1  59.8 80.50835 83.66935 198.7708 shoemake 2025-07-23 14:21:00 
TT 270 016.4  05.7 016.4  05.7 4.27E-03 001.3 051.4  60.0 7.360361 6.654526 0.681766 shoemake 2025-07-24 10:55:25 
TT 300 009.8  01.6 009.8  01.6 3.65E-03 002.2 035.7  60.8 7.807157 11.89867 0.982231 shoemake 2025-07-25 11:44:34 
TT 330 354.7 -08.7 354.7 -08.7 1.76E-03 002.2 002.5  55.2 3.674020 5.703352 1.262069 shoemake 2025-07-29 15:46:22 
TT 360 179.1 -33.9 179.1 -33.9 3.64E-09 079.0 328.7 -79.1 0.000429 0.000469 0.001036 shoemake 2025-07-31 20:18:40 
TT 360 354.3 -09.1 354.3 -09.1 8.13E-04 025.9 001.8  54.9 49.98598 2.656375 71.09501 shoemake 2025-08-01 11:12:55 
TT 360 353.1 -08.6 353.1 -08.6 1.63E-03 002.4 359.7  55.4 3.350865 6.016185 0.979637 shoemake 2025-08-01 13:06:37 
TT 390 353.2 -08.2 353.2 -08.2 1.32E-03 004.8 359.9  55.8 3.139948 10.52031 1.892770 shoemake 2025-08-03 14:45:10 
TT 420 355.5 -08.7 355.5 -08.7 1.10E-03 004.6 003.8  55.3 2.178817 8.581396 0.993565 shoemake 2025-08-05 13:50:23 
TT 450 343.4 -03.3 343.4 -03.3 3.51E-04 076.8 340.5  59.2 18.09711 6.454540 32.20027 shoemake 2025-08-06 20:34:37 
TT 450 356.9 -06.1 356.9 -06.1 3.49E-04 017.9 006.7  57.8 19.84266 2.686037 31.59434 shoemake 2025-08-07 17:28:40 
