PKSF- 1K 
        160.0  55.0   0.0   0.0   1.0
NRM    148.4 -37.0 148.4 -37.0 5.41E-02 004.7 053.3 -12.4 342.1795 273.8192 95.99834 shoemake 2024-07-17 14:31:00 
NRM    147.0 -38.7 147.0 -38.7 5.49E-02 001.6 051.2 -12.6 92.24432 56.71171 130.8525 shoemake 2024-07-18 18:56:28 
LT1 77 146.5 -39.5 146.5 -39.5 5.08E-02 002.3 050.3 -12.7 149.2036 135.6520 32.67283 shoemake 2024-08-02 20:53:31 
LT2 77 148.8 -37.2 148.8 -37.2 5.00E-02 000.8 053.3 -12.8 45.97133 42.89192 38.05341 shoemake 2024-08-13 17:36:10 
TT  70 149.5 -34.2 149.5 -34.2 3.33E-02 003.2 056.2 -11.6 162.6604 95.95013 27.64546 shoemake 2024-08-14 19:43:14 
TT 100 150.7 -33.6 150.7 -33.6 3.40E-02 010.4 057.3 -12.1 523.7239 338.7004 17.20714 shoemake 2025-07-09 19:08:47 
TT 160 143.9 -38.9 143.9 -38.9 2.63E-02 006.7 049.6 -10.6 241.3230 198.3838 13.72202 shoemake 2025-07-11 19:50:46 
TT 210 143.2 -29.9 143.2 -29.9 1.76E-02 001.5 056.5 -04.7 30.32011 39.83469 13.98968 shoemake 2025-07-17 13:29:41 
TT 240 135.5 -33.7 135.5 -33.7 1.44E-02 010.2 049.4 -02.1 210.6870 153.7035 11.62768 shoemake 2025-07-21 13:21:43 
TT 270 126.3 -32.4 126.3 -32.4 9.84E-03 004.7 044.9  04.3 61.02926 54.39861 6.775764 shoemake 2025-07-23 14:01:09 
TT 300 126.6 -30.1 126.6 -30.1 9.19E-03 005.4 046.7  05.8 69.13844 53.65754 6.152987 shoemake 2025-07-25 11:24:50 
TT 330 121.1 -24.1 121.1 -24.1 5.09E-03 007.4 047.1  13.5 53.92888 39.82167 2.972794 shoemake 2025-07-29 15:26:32 
TT 360 123.0 -20.9 123.0 -20.9 4.81E-03 006.6 050.7  14.7 44.33923 33.85049 2.484507 shoemake 2025-07-31 20:00:04 
TT 390 119.0 -22.3 119.0 -22.3 4.56E-03 016.5 046.8  16.1 99.02030 92.43653 2.599636 shoemake 2025-08-03 14:25:21 
TT 390 118.9 -23.2 118.9 -23.2 4.74E-03 000.7 046.2  15.5 5.245577 4.439819 2.658830 shoemake 2025-08-04 12:10:03 
TT 420 118.0 -20.9 118.0 -20.9 4.19E-03 007.1 047.0  17.7 39.34650 34.43618 2.657433 shoemake 2025-08-05 13:30:37 
TT 450 109.2 -13.4 109.2 -13.4 1.48E-03 008.1 044.9  28.8 15.43691 14.30609 1.128430 shoemake 2025-08-06 20:15:01 
