PKSF- 4G 
         59.0  48.0   0.0   0.0   1.0
NRM    083.4 -20.7 083.4 -20.7 9.51E-03 003.9 089.9 -31.7 61.53933 15.85690 13.52428 shoemake 2024-07-17 15:32:32 
NRM    080.2 -25.8 080.2 -25.8 9.68E-03 004.0 082.9 -32.4 61.54949 21.62251 18.00936 shoemake 2024-07-18 20:16:42 
LT1 77 084.0 -20.3 084.0 -20.3 1.02E-02 006.1 090.6 -32.0 108.7844 9.696111 7.669557 shoemake 2024-08-02 22:21:52 
LT2 77 080.6 -24.7 080.6 -24.7 1.03E-02 002.6 084.3 -32.0 46.16841 7.614445 8.825365 shoemake 2024-08-13 18:48:52 
TT  70 084.4 -19.6 084.4 -19.6 9.83E-03 001.6 091.5 -31.8 25.06906 9.853445 6.492050 shoemake 2024-08-14 20:55:16 
TT 100 088.5 -15.8 088.5 -15.8 1.01E-02 006.0 098.0 -32.4 104.1087 21.46357 6.081556 shoemake 2025-07-09 20:20:07 
TT 160 083.1 -21.4 083.1 -21.4 8.02E-03 004.4 089.0 -31.9 61.24566 10.15799 4.726783 shoemake 2025-07-11 21:02:14 
TT 210 081.2 -22.7 081.2 -22.7 6.84E-03 007.9 086.6 -31.3 95.49168 8.015923 3.996238 shoemake 2025-07-17 14:41:19 
TT 240 069.2 -27.9 069.2 -27.9 2.56E-03 005.9 074.5 -25.6 26.17344 5.850174 1.478612 shoemake 2025-07-21 14:33:50 
TT 270 071.6 -24.6 071.6 -24.6 2.41E-03 006.7 078.9 -25.4 28.07469 5.018424 1.927385 shoemake 2025-07-23 15:13:10 
TT 300 006.9 -15.8 006.9 -15.8 6.04E-04 001.8 039.9  22.4 1.138756 1.442972 0.829126 shoemake 2025-07-25 12:36:42 
TT 330 357.8 -15.0 357.8 -15.0 5.93E-04 006.0 031.7  27.0 3.627294 5.125213 0.323469 shoemake 2025-07-30 17:42:06 
TT 360 326.2 -00.0 326.2 -00.0 3.52E-04 006.6 356.1  47.9 1.249253 3.982182 0.255814 shoemake 2025-07-31 21:07:46 
TT 390 322.0  03.4 322.0  03.4 3.19E-04 005.0 349.1  50.9 1.319447 2.543143 0.152678 shoemake 2025-08-03 15:37:15 
TT 420 319.1  03.2 319.1  03.2 3.12E-04 002.3 344.8  50.3 1.023981 1.021579 0.197804 shoemake 2025-08-05 14:42:33 
TT 450 316.6  04.2 316.6  04.2 3.58E-04 004.4 340.5  50.6 1.306198 2.506159 0.198259 shoemake 2025-08-06 21:26:15 
