PKSF- 2E 
         83.5  64.0   0.0   0.0   1.0
NRM    355.2  57.3 355.2  57.3 6.48E-02 002.0 178.1  58.7 164.8904 157.9607 76.55334 shoemake 2024-07-17 14:43:49 
NRM    354.6  57.1 354.6  57.1 6.60E-02 003.4 178.6  58.8 236.1540 312.6563 85.12437 shoemake 2024-07-18 19:13:10 
LT1 77 351.4  57.7 351.4  57.7 6.21E-02 002.4 181.9  58.3 111.9141 234.5425 60.07500 shoemake 2024-08-02 21:33:35 
LT2 77 351.5  57.8 351.5  57.8 6.20E-02 001.1 181.8  58.2 110.4641 56.27653 32.35671 shoemake 2024-08-13 17:51:20 
TT  70 353.2  57.3 353.2  57.3 4.73E-02 001.9 180.1  58.7 92.80086 126.7268 35.88512 shoemake 2024-08-14 19:57:59 
TT 100 358.1  55.7 358.1  55.7 4.90E-02 008.2 174.5  60.0 95.34663 701.1640 22.33569 shoemake 2025-07-09 19:23:38 
TT 160 356.1  53.6 356.1  53.6 2.84E-02 006.1 176.4  62.3 52.29940 299.8872 11.05850 shoemake 2025-07-11 20:05:39 
TT 210 352.6  51.6 352.6  51.6 1.47E-02 005.5 181.0  64.4 32.30380 137.8783 6.311797 shoemake 2025-07-17 13:44:38 
TT 240 357.3  50.2 357.3  50.2 9.35E-03 002.0 173.7  65.6 20.26109 27.72147 5.733324 shoemake 2025-07-21 13:36:34 
TT 270 011.3  50.7 011.3  50.7 4.95E-03 003.4 155.6  61.7 11.34486 27.28065 2.819104 shoemake 2025-07-23 14:16:06 
TT 300 015.3  45.6 015.3  45.6 4.20E-03 001.8 143.7  63.7 7.300086 11.65633 1.674436 shoemake 2025-07-25 11:39:38 
TT 330 031.0  31.3 031.0  31.3 1.77E-03 002.9 108.0  56.7 7.789497 4.824971 0.747210 shoemake 2025-07-29 15:41:30 
TT 360 033.0  30.4 033.0  30.4 1.74E-03 002.1 106.6  54.9 5.426704 3.671656 0.575331 shoemake 2025-07-31 20:13:56 
TT 390 032.7  33.7 032.7  33.7 1.55E-03 003.9 112.3  55.2 9.309602 5.291426 0.547234 shoemake 2025-08-03 14:40:15 
TT 420 031.1  32.0 031.1  32.0 1.27E-03 004.1 109.3  56.5 8.374613 3.696897 0.352184 shoemake 2025-08-05 13:45:26 
TT 450 030.3  37.8 030.3  37.8 6.59E-04 004.0 119.9  56.7 3.707242 2.769650 0.503248 shoemake 2025-08-06 20:29:37 
