PKSF- 6F 
         37.5  38.0   0.0   0.0   1.0
NRM    045.1  02.7 045.1  02.7 5.70E-02 007.1 097.8 -02.6 686.0928 91.92734 159.3419 shoemake 2024-07-17 17:51:34 
NRM    039.6 -02.1 039.6 -02.1 5.78E-02 002.6 090.5 -03.1 228.1461 25.20265 125.1876 shoemake 2024-07-18 21:14:52 
LT1 77 039.5 -01.9 039.5 -01.9 5.61E-02 006.0 090.6 -02.9 592.2916 31.48601 35.90217 shoemake 2024-08-02 23:12:18 
LT2 77 033.2 -06.8 033.2 -06.8 5.62E-02 002.7 082.6 -02.8 253.3712 48.21174 46.86999 shoemake 2024-08-13 19:41:26 
TT  70 040.1 -01.6 040.1 -01.6 5.00E-02 002.7 091.3 -03.0 237.2005 35.92205 40.70012 shoemake 2024-08-14 21:47:57 
TT 100 044.0  01.1 044.0  01.1 5.17E-02 003.1 096.0 -03.2 279.7010 41.34331 18.67960 shoemake 2025-07-09 21:11:44 
TT 160 041.7 -00.7 041.7 -00.7 3.90E-02 007.1 093.0 -03.2 485.5362 40.70822 15.33596 shoemake 2025-07-11 21:53:58 
TT 210 037.2 -03.5 037.2 -03.5 1.47E-02 011.3 087.8 -02.7 293.8547 10.89359 6.705184 shoemake 2025-07-17 15:33:34 
TT 240 037.9 -03.7 037.9 -03.7 9.58E-03 008.5 088.3 -03.3 142.7672 12.69543 4.702575 shoemake 2025-07-21 15:25:56 
TT 270 032.7 -04.3 032.7 -04.3 4.05E-03 011.3 083.7 -00.5 80.76784 7.999143 3.350579 shoemake 2025-07-23 16:05:12 
TT 300 037.0  03.0 037.0  03.0 3.19E-03 000.7 091.6  02.5 3.245028 3.464446 2.119012 shoemake 2025-07-25 13:28:42 
TT 330 021.1 -01.4 021.1 -01.4 1.64E-03 006.5 076.2  08.8 17.86226 4.749421 1.955263 shoemake 2025-07-30 18:31:50 
TT 360 026.7  03.4 026.7  03.4 1.44E-03 003.5 083.7  09.2 8.616483 1.970559 1.144718 shoemake 2025-07-31 21:56:32 
TT 390 021.7  00.3 021.7  00.3 1.25E-03 004.1 077.8  09.7 8.550874 2.389130 1.120844 shoemake 2025-08-03 16:29:20 
TT 420 022.0  02.0 022.0  02.0 1.16E-03 006.6 079.1  10.9 13.23022 2.960358 0.768943 shoemake 2025-08-05 15:34:34 
TT 450 013.4  00.1 013.4  00.1 7.25E-04 004.7 070.8  14.5 5.522394 2.496979 0.705521 shoemake 2025-08-07 13:48:06 
