PKSF- 2C 
         83.5  64.0   0.0   0.0   1.0
NRM    002.9  53.7 002.9  53.7 6.03E-02 002.4 168.1  61.4 155.2067 194.8652 59.51909 shoemake 2024-07-17 14:39:32 
NRM    000.9  54.1 000.9  54.1 6.16E-02 002.9 170.8  61.3 211.6578 231.1782 62.90574 shoemake 2024-07-18 19:07:34 
LT1 77 003.9  54.0 003.9  54.0 5.82E-02 002.0 167.1  60.9 94.16638 178.5668 27.57290 shoemake 2024-08-02 21:01:58 
LT2 77 001.4  53.8 001.4  53.8 5.82E-02 004.2 169.9  61.5 44.76126 423.0950 49.24170 shoemake 2024-08-13 17:46:22 
TT  70 001.6  53.9 001.6  53.9 4.63E-02 001.9 169.7  61.4 47.89633 144.3730 23.56253 shoemake 2024-08-14 19:53:08 
TT 100 002.8  52.7 002.8  52.7 4.85E-02 004.9 167.6  62.3 113.6949 401.3701 18.01369 shoemake 2025-07-09 19:18:38 
TT 160 005.4  50.2 005.4  50.2 3.03E-02 004.3 162.1  64.1 77.50667 212.4604 12.10910 shoemake 2025-07-11 20:00:44 
TT 210 002.8  49.2 002.8  49.2 1.66E-02 004.5 164.8  65.7 41.84762 124.9600 7.037110 shoemake 2025-07-17 13:39:38 
TT 240 006.0  47.7 006.0  47.7 1.18E-02 004.3 158.7  66.1 30.10634 83.34592 7.543479 shoemake 2025-07-21 13:31:39 
TT 270 016.5  44.0 016.5  44.0 5.63E-03 005.6 139.7  64.0 33.49374 44.09509 3.741365 shoemake 2025-07-23 14:11:12 
TT 300 021.5  43.9 021.5  43.9 5.04E-03 003.4 135.3  61.0 18.36297 23.51902 1.991311 shoemake 2025-07-25 11:34:45 
TT 330 033.5  29.9 033.5  29.9 1.92E-03 006.0 105.8  54.4 18.90745 6.877915 0.371699 shoemake 2025-07-29 15:36:34 
TT 360 034.3  30.7 034.3  30.7 1.89E-03 001.3 107.2  53.8 3.095992 3.259485 0.504848 shoemake 2025-07-31 20:09:20 
TT 390 035.5  30.1 035.5  30.1 8.96E-04 027.9 106.4  52.8 16.53951 55.65991 76.26517 shoemake 2025-08-03 14:35:22 
TT 390 251.2 -44.7 251.2 -44.7 1.97E-09 064.5 309.2 -25.0 0.000276 0.000359 0.000096 shoemake 2025-08-04 12:15:07 
TT 390 035.9  30.6 035.9  30.6 8.99E-04 065.7 107.2  52.4 17.38047 56.03727 76.16129 shoemake 2025-08-04 12:51:29 
TT 390 035.5  30.5 035.5  30.5 1.80E-03 001.4 107.0  52.8 3.097977 3.190307 0.814106 shoemake 2025-08-04 13:12:28 
TT 420 034.9  32.5 034.9  32.5 1.51E-03 001.3 110.2  53.3 2.507057 2.801901 0.451720 shoemake 2025-08-05 13:40:33 
TT 450 033.8  32.7 033.8  32.7 7.33E-04 002.6 110.5  54.2 3.003726 1.576461 0.307799 shoemake 2025-08-06 20:24:47 
