PKSF- 6E 
         37.5  38.0   0.0   0.0   1.0
NRM    048.0  06.0 048.0  06.0 1.07E-01 014.2 102.1 -01.8 2616.600 576.4068 308.4052 shoemake 2024-07-17 17:48:45 
NRM    033.2 -06.0 033.2 -06.0 1.10E-01 003.4 083.1 -02.2 586.3965 97.49833 280.5580 shoemake 2024-07-18 21:12:03 
LT1 77 032.9 -06.2 032.9 -06.2 1.07E-01 006.1 082.8 -02.2 1128.700 150.9095 84.60115 shoemake 2024-08-02 23:10:08 
LT2 77 043.3  02.1 043.3  02.1 1.07E-01 004.5 096.1 -02.0 825.7823 108.8771 112.4329 shoemake 2024-08-13 19:38:55 
TT  70 038.5 -01.7 038.5 -01.7 9.45E-02 006.9 089.9 -02.1 1131.583 60.43114 98.61672 shoemake 2024-08-14 21:45:31 
TT 100 037.5 -03.0 037.5 -03.0 9.83E-02 001.8 088.4 -02.5 296.4563 64.47782 58.74901 shoemake 2025-07-09 21:09:14 
TT 160 038.8 -01.8 038.8 -01.8 7.32E-02 010.4 090.1 -02.3 1348.075 35.69546 42.08158 shoemake 2025-07-11 21:51:29 
TT 210 036.9 -02.4 036.9 -02.4 2.54E-02 013.5 088.2 -01.7 609.1739 18.68397 17.11019 shoemake 2025-07-17 15:31:01 
TT 240 036.5 -03.3 036.5 -03.3 1.79E-02 015.0 087.3 -02.1 478.6516 13.80451 13.41298 shoemake 2025-07-21 15:23:29 
TT 270 039.4  03.1 039.4  03.1 7.98E-03 002.6 093.6  01.1 35.81016 9.871543 5.514170 shoemake 2025-07-23 16:02:44 
TT 300 031.8  01.5 031.8  01.5 2.99E-03 069.2 086.6  04.5 19.08042 317.9310 25.39768 shoemake 2025-07-25 13:26:15 
TT 300 034.6  03.5 034.6  03.5 6.08E-03 002.8 090.0  04.4 29.74428 6.191741 3.848052 shoemake 2025-07-28 12:03:32 
TT 330 026.9  04.2 026.9  04.2 3.21E-03 002.7 084.3  09.7 14.60473 4.758135 1.661701 shoemake 2025-07-30 18:29:28 
TT 360 026.3  04.5 026.3  04.5 2.90E-03 002.2 084.1  10.3 10.73569 3.536285 1.503745 shoemake 2025-07-31 21:54:15 
TT 390 018.9 -00.6 018.9 -00.6 2.57E-03 005.6 074.9  10.7 24.15041 7.307592 1.426996 shoemake 2025-08-03 16:26:52 
TT 420 017.2 -00.3 017.2 -00.3 2.26E-03 004.4 073.7  11.9 16.84258 5.467315 1.186132 shoemake 2025-08-05 15:32:06 
TT 450 011.3  01.1 011.3  01.1 1.37E-03 008.1 069.6  16.5 18.42174 6.959868 0.627934 shoemake 2025-08-07 13:45:39 
