PKSF- 4H 
         59.0  48.0   0.0   0.0   1.0
NRM    084.2 -26.8 084.2 -26.8 1.17E-02 003.1 084.4 -35.9 56.89601 20.53885 18.72419 shoemake 2024-07-17 15:34:40 
NRM    087.5 -23.9 087.5 -23.9 1.19E-02 002.9 089.5 -36.7 51.33449 28.55008 21.09632 shoemake 2024-07-18 20:19:29 
LT1 77 085.5 -25.9 085.5 -25.9 1.25E-02 003.8 086.2 -36.3 81.78677 10.56342 7.353243 shoemake 2024-08-02 22:23:59 
LT2 77 083.5 -28.6 083.5 -28.6 1.26E-02 003.5 082.2 -36.4 74.90992 19.75300 6.965036 shoemake 2024-08-13 18:51:24 
TT  70 086.3 -24.6 086.3 -24.6 1.20E-02 003.5 088.0 -36.2 73.46850 10.18274 8.769645 shoemake 2024-08-14 20:57:46 
TT 100 085.2 -27.6 085.2 -27.6 1.22E-02 010.0 084.2 -37.1 214.2132 28.12885 6.718343 shoemake 2025-07-09 20:22:34 
TT 160 083.0 -28.8 083.0 -28.8 9.57E-03 009.4 081.6 -36.1 155.8448 25.10869 7.550619 shoemake 2025-07-11 21:04:44 
TT 210 079.9 -30.0 079.9 -30.0 8.08E-03 003.7 078.5 -34.5 51.94894 10.45111 10.25467 shoemake 2025-07-17 14:43:49 
TT 240 072.5 -28.2 072.5 -28.2 2.90E-03 006.1 076.1 -28.1 30.09271 7.303546 3.012624 shoemake 2025-07-21 14:36:18 
TT 270 070.8 -29.7 070.8 -29.7 2.77E-03 005.5 073.8 -27.7 25.50313 8.208513 2.062716 shoemake 2025-07-23 15:15:40 
TT 300 359.6 -27.9 359.6 -27.9 7.59E-04 010.2 027.8  14.5 6.688751 11.97470 1.083861 shoemake 2025-07-25 12:39:10 
TT 330 000.1 -22.9 000.1 -22.9 7.06E-04 006.6 030.4  18.9 4.436075 6.925310 0.470061 shoemake 2025-07-30 17:44:31 
TT 360 320.3 -01.1 320.3 -01.1 4.72E-04 004.3 347.7  46.2 2.059524 2.965518 0.717322 shoemake 2025-07-31 21:10:04 
TT 390 315.1  00.5 315.1  00.5 4.41E-04 004.9 339.7  46.7 2.071452 3.316242 0.311752 shoemake 2025-08-03 15:39:44 
TT 420 319.6 -00.3 319.6 -00.3 4.10E-04 002.1 346.4  46.9 1.246684 1.227073 0.264957 shoemake 2025-08-05 14:45:01 
TT 450 320.1  03.5 320.1  03.5 4.48E-04 004.5 346.3  50.8 1.593851 3.211205 0.252380 shoemake 2025-08-06 21:28:41 
