PKSF- 7F 
        123.5  36.0   0.0   0.0   1.0
NRM    082.9 -71.6 082.9 -71.6 1.95E-02 004.9 018.4 -40.3 62.46429 148.7371 45.89653 shoemake 2024-07-17 18:10:22 
NRM    038.6 -35.9 038.6 -35.9 1.48E-02 043.4 004.3 -00.1 63.31977 317.4653 1359.032 shoemake 2024-07-18 21:31:24 
NRM    077.5 -72.7 077.5 -72.7 1.98E-02 002.8 015.8 -40.3 55.55064 73.87208 32.95644 shoemake 2024-07-19 12:43:59 
LT1 77 088.7 -71.6 088.7 -71.6 1.99E-02 000.8 020.3 -41.5 17.05095 22.93545 11.46258 shoemake 2024-08-02 23:24:53 
LT2 77 091.2 -71.1 091.2 -71.1 2.00E-02 004.0 021.5 -41.6 48.06363 130.8052 12.26062 shoemake 2024-08-13 19:56:23 
TT  70 087.4 -71.6 087.4 -71.6 1.78E-02 001.6 019.9 -41.2 24.57100 43.91106 11.44243 shoemake 2024-08-14 22:02:36 
TT 100 081.6 -73.7 081.6 -73.7 1.84E-02 006.4 016.3 -41.8 65.88851 196.2643 6.529139 shoemake 2025-07-09 21:26:26 
TT 160 071.9 -74.3 071.9 -74.3 1.39E-02 006.4 012.9 -40.9 44.16894 149.7252 5.439853 shoemake 2025-07-11 22:08:38 
TT 210 063.6 -73.1 063.6 -73.1 1.11E-02 007.8 010.9 -38.8 39.99188 147.3680 5.549741 shoemake 2025-07-17 15:48:18 
