PKSF- 0D 
         77.5  32.0   0.0   0.0   1.0
NRM    288.6  22.4 288.6  22.4 3.21E-01 007.0 284.6  35.3 3977.632 5141.330 4659.763 shoemake 2024-07-17 20:57:54 
NRM    293.3  21.4 293.3  21.4 3.85E-01 004.0 289.8  36.8 2078.703 2036.210 577.5055 shoemake 2024-07-18 22:34:56 
LT1 77 287.0  22.9 287.0  22.9 2.56E-01 008.6 282.7  34.9 3560.720 2725.476 299.0625 shoemake 2024-08-03 00:13:52 
LT1 77 287.7  23.9 287.7  23.9 3.16E-01 006.5 282.6  36.0 2353.333 5484.235 4346.741 shoemake 2024-08-05 12:06:52 
LT1 77 345.3 -31.7 345.3 -31.7 1.18E-01 071.9 358.3  00.3 869.8472 29763.60 24661.74 shoemake 2024-08-05 14:04:34 
LT1 77 291.7  22.5 291.7  22.5 3.83E-01 003.7 287.4  36.9 2188.467 1209.580 143.4905 shoemake 2024-08-05 14:31:55 
LT2 77 292.1  22.4 292.1  22.4 3.75E-01 002.8 288.0  37.1 1700.609 836.9678 225.6545 shoemake 2024-08-13 20:53:56 
TT  70 288.3  24.1 288.3  24.1 3.22E-01 003.9 283.1  36.6 2096.091 662.3008 193.4824 shoemake 2024-08-14 22:58:50 
TT 100 289.2  24.0 289.2  24.0 3.33E-01 005.6 284.1  36.9 3149.708 970.8916 196.7802 shoemake 2025-07-09 22:23:12 
TT 160 284.0  27.3 284.0  27.3 2.41E-01 007.1 276.9  36.9 2952.313 572.8008 103.6034 shoemake 2025-07-11 23:05:28 
TT 210 288.0  24.8 288.0  24.8 1.18E-01 006.3 282.3  37.0 1240.714 413.1716 62.42154 shoemake 2025-07-17 16:45:15 
