PKSF- 0C 
         77.5  32.0   0.0   0.0   1.0
NRM    282.5  22.9 282.5  22.9 1.17E-01 032.8 278.6  32.6 2527.160 10639.19 6718.081 shoemake 2024-07-17 20:20:10 
NRM    290.2  21.8 290.2  21.8 2.75E-01 009.0 286.5  35.6 4169.218 3197.931 3720.938 shoemake 2024-07-17 20:54:53 
NRM    285.4  26.7 285.4  26.7 3.14E-01 004.1 278.5  37.2 1988.497 1031.276 565.8673 shoemake 2024-07-18 22:32:11 
LT1 77 295.2  18.0 295.2  18.0 2.30E-01 008.4 293.9  34.8 2863.429 2728.297 368.9042 shoemake 2024-08-03 00:11:44 
LT1 77 288.8  23.2 288.8  23.2 2.72E-01 007.6 284.2  36.1 2419.228 4224.070 3113.639 shoemake 2024-08-05 12:03:54 
LT1 77 296.9  19.7 296.9  19.7 1.57E-01 025.6 294.4  37.2 5539.849 12189.08 10142.99 shoemake 2024-08-05 14:01:36 
LT1 77 289.7  24.3 289.7  24.3 3.12E-01 008.6 284.3  37.5 4515.469 1325.388 90.54075 shoemake 2024-08-05 14:28:26 
LT2 77 290.9  23.3 290.9  23.3 3.10E-01 001.6 286.1  37.2 806.8641 351.9274 188.6100 shoemake 2024-08-13 20:51:27 
TT  70 293.8  21.6 293.8  21.6 2.64E-01 006.2 290.1  37.2 2694.575 992.0482 173.7259 shoemake 2024-08-14 22:56:25 
TT 100 290.9  24.1 290.9  24.1 2.71E-01 009.0 285.6  37.9 4102.407 1218.084 158.2579 shoemake 2025-07-09 22:20:48 
TT 160 290.3  24.3 290.3  24.3 2.13E-01 008.0 284.8  37.8 2890.379 852.1951 105.9433 shoemake 2025-07-11 23:03:00 
TT 210 291.1  23.7 291.1  23.7 1.13E-01 004.2 286.1  37.6 770.8775 338.7087 92.75004 shoemake 2025-07-17 16:42:48 
TT 240 292.6  22.7 292.6  22.7 1.11E-01 005.9 288.3  37.5 1065.682 459.8680 106.6179 shoemake 2025-07-21 16:35:21 
TT 270 296.4  21.1 296.4  21.1 2.51E-02 008.2 293.1  38.1 332.4562 146.6351 21.26087 shoemake 2025-07-23 17:14:38 
TT 300 296.0  21.4 296.0  21.4 2.28E-02 001.3 292.4  38.2 49.05869 24.40000 20.03207 shoemake 2025-07-25 14:38:01 
TT 330 297.1  21.4 297.1  21.4 1.09E-02 001.4 293.6  38.7 19.25427 21.14108 13.17725 shoemake 2025-07-30 19:37:13 
TT 360 301.0  19.4 301.0  19.4 1.07E-02 003.4 298.9  38.9 55.78690 30.66975 6.415149 shoemake 2025-07-31 23:01:58 
TT 390 303.1  18.8 303.1  18.8 1.05E-02 010.3 301.5  39.3 163.0988 99.50803 4.913938 shoemake 2025-08-03 17:38:31 
TT 420 302.8  18.3 302.8  18.3 9.98E-03 003.3 301.5  38.7 48.86659 31.27568 4.105957 shoemake 2025-08-05 16:44:00 
TT 450 301.5  19.5 301.5  19.5 4.63E-03 007.1 299.3  39.1 50.99165 27.98747 1.830819 shoemake 2025-08-07 14:57:36 
