PKSF- 7B 
        123.5  36.0   0.0   0.0   1.0
NRM    085.8 -42.1 085.8 -42.1 8.88E-03 008.9 037.7 -16.1 85.76726 108.3369 23.39914 shoemake 2024-07-17 17:57:09 
NRM    082.7 -43.9 082.7 -43.9 9.04E-03 005.5 034.8 -16.6 49.30549 70.80283 18.77129 shoemake 2024-07-18 21:20:26 
NRM    038.1 -35.9 038.1 -35.9 7.24E-03 039.0 003.9 -00.0 37.04857 515.8848 277.5053 shoemake 2024-07-19 12:32:52 
NRM    083.1 -43.8 083.1 -43.8 9.03E-03 005.9 035.2 -16.7 48.82286 78.41224 17.20558 shoemake 2024-07-19 15:40:45 
NRM    028.0 -35.8 028.0 -35.8 6.43E-03 046.7 355.7  00.1 65.37680 620.3864 279.1002 shoemake 2024-07-19 17:22:04 
NRM    099.7 -36.1 099.7 -36.1 9.05E-03 002.5 050.6 -16.7 29.03205 21.35704 19.14265 shoemake 2024-07-19 19:53:44 
LT1 77 091.0 -40.9 091.0 -40.9 9.32E-03 000.6 041.9 -17.0 7.177298 6.748442 6.565040 shoemake 2024-08-02 23:16:33 
LT2 77 097.3 -38.0 097.3 -38.0 9.35E-03 000.9 047.8 -17.2 10.07246 9.288430 6.952887 shoemake 2024-08-13 19:46:22 
TT  70 092.0 -40.6 092.0 -40.6 8.66E-03 002.7 042.7 -17.1 28.49031 28.64587 6.773614 shoemake 2024-08-14 21:52:48 
TT 100 090.8 -41.6 090.8 -41.6 8.87E-03 007.2 041.4 -17.5 74.41492 84.38845 2.597012 shoemake 2025-07-09 21:16:40 
TT 160 086.6 -43.3 086.6 -43.3 7.34E-03 003.5 037.7 -17.4 29.22166 34.21655 2.188927 shoemake 2025-07-11 21:58:50 
TT 210 091.7 -37.3 091.7 -37.3 5.54E-03 000.6 044.3 -14.2 6.611593 5.145346 2.122555 shoemake 2025-07-17 15:38:32 
TT 240 074.4 -40.5 074.4 -40.5 4.21E-03 007.7 030.6 -10.9 30.63477 47.87971 1.631419 shoemake 2025-07-21 15:30:51 
TT 270 056.8 -39.0 056.8 -39.0 2.82E-03 008.3 018.1 -05.2 13.62536 38.86172 1.281554 shoemake 2025-07-23 16:10:07 
TT 300 043.2 -37.4 043.2 -37.4 1.95E-03 004.4 007.9 -01.8 2.539571 14.92139 1.185421 shoemake 2025-07-25 13:33:34 
TT 330 030.2 -31.0 030.2 -31.0 1.25E-03 004.8 357.3  04.9 1.461467 10.37701 0.829249 shoemake 2025-07-30 18:36:28 
TT 360 037.2 -30.9 037.2 -30.9 1.03E-03 002.7 003.3  05.0 1.258075 4.785709 0.792052 shoemake 2025-07-31 22:01:13 
TT 390 034.0 -32.0 034.0 -32.0 8.62E-04 001.9 000.6  04.0 0.998746 2.810197 0.618795 shoemake 2025-08-03 16:34:12 
TT 420 025.0 -31.3 025.0 -31.3 7.64E-04 006.9 352.9  04.4 1.349769 9.215599 0.396579 shoemake 2025-08-05 15:39:30 
TT 450 034.0 -28.4 034.0 -28.4 5.01E-04 004.0 000.6  07.6 0.781915 3.492853 0.251118 shoemake 2025-08-07 13:53:05 
