PKSF- 8C 
         51.0  28.0   0.0   0.0   1.0
NRM    085.6 -21.2 085.6 -21.2 8.93E-02 012.5 111.4 -34.7 1809.962 778.9611 201.3500 shoemake 2024-07-17 18:26:58 
NRM    092.2 -17.4 092.2 -17.4 9.21E-02 003.4 120.2 -34.1 460.3107 269.4962 184.5915 shoemake 2024-07-18 21:48:04 
LT1 77 088.7 -18.7 088.7 -18.7 9.18E-02 002.0 116.0 -33.8 291.6833 145.5555 51.12544 shoemake 2024-08-02 23:37:38 
LT2 77 087.7 -19.3 087.7 -19.3 9.21E-02 004.1 114.6 -33.9 585.1300 290.2930 66.88103 shoemake 2024-08-13 20:11:22 
TT  70 088.9 -18.7 088.9 -18.7 8.69E-02 002.0 116.1 -33.9 269.6528 153.2101 55.27059 shoemake 2024-08-14 22:17:12 
TT 100 088.3 -20.1 088.3 -20.1 8.85E-02 010.9 114.8 -34.9 1542.456 724.5932 32.47218 shoemake 2025-07-09 21:41:20 
TT 160 093.0 -16.9 093.0 -16.9 3.36E-02 008.1 121.3 -33.9 404.4439 254.2463 12.05459 shoemake 2025-07-11 22:23:27 
TT 210 093.9 -16.3 093.9 -16.3 3.10E-02 010.6 122.5 -33.8 485.7274 323.6502 14.90243 shoemake 2025-07-17 16:03:14 
TT 240 090.2 -15.3 090.2 -15.3 1.00E-02 008.8 119.2 -31.4 130.7054 85.99103 6.304943 shoemake 2025-07-21 15:55:41 
TT 270 082.3 -18.3 082.3 -18.3 8.42E-03 004.6 109.8 -30.6 62.44756 27.21526 4.955240 shoemake 2025-07-23 16:34:57 
TT 300 087.0 -13.6 087.0 -13.6 5.40E-03 000.8 116.8 -28.5 6.791552 6.527071 2.356205 shoemake 2025-07-25 13:58:19 
TT 330 081.7 -14.3 081.7 -14.3 3.87E-03 002.7 111.3 -26.9 15.64021 10.27306 2.032105 shoemake 2025-07-30 18:59:50 
TT 360 208.1 -52.5 208.1 -52.5 4.51E-09 071.6 286.4 -53.2 0.000652 0.000691 0.001019 shoemake 2025-07-31 22:24:42 
TT 360 076.4 -17.3 076.4 -17.3 8.28E-04 035.0 104.7 -27.1 19.99368 76.26446 40.37103 shoemake 2025-08-01 11:16:09 
TT 360 080.1 -15.7 080.1 -15.7 1.65E-03 003.8 109.0 -27.4 10.24149 4.079845 1.123642 shoemake 2025-08-01 13:09:51 
TT 390 074.9 -17.3 074.9 -17.3 1.10E-03 002.9 103.2 -26.5 5.262882 1.954279 0.939709 shoemake 2025-08-03 16:58:56 
TT 420 072.1 -17.3 072.1 -17.3 9.13E-04 009.8 100.6 -25.2 15.39710 3.553212 1.108816 shoemake 2025-08-05 16:04:21 
TT 450 073.1  36.1 073.1  36.1 8.24E-09 027.2 126.2  21.9 0.000126 0.000300 0.000313 shoemake 2025-08-07 14:17:59 
TT 450 075.3 -12.3 075.3 -12.3 8.34E-04 010.4 106.2 -22.3 14.68498 4.563361 0.705454 shoemake 2025-08-07 17:56:37 
