PKSF- 8G 
         51.0  28.0   0.0   0.0   1.0
NRM    080.9 -28.9 080.9 -28.9 1.20E-01 002.7 102.0 -39.3 426.1273 310.8072 250.5274 shoemake 2024-07-17 18:40:02 
NRM    082.5 -28.6 082.5 -28.6 1.21E-01 003.1 103.7 -39.7 535.5989 336.6386 213.5095 shoemake 2024-07-18 21:59:01 
LT1 77 080.4 -29.6 080.4 -29.6 1.18E-01 008.3 101.1 -39.6 1681.346 396.1090 67.55961 shoemake 2024-08-02 23:46:01 
LT1 77 083.2 -28.0 083.2 -28.0 1.19E-01 005.9 104.8 -39.5 1168.387 393.5782 69.61732 shoemake 2024-08-05 11:54:46 
LT2 77 079.2 -29.7 079.2 -29.7 1.19E-01 003.0 099.8 -39.2 605.8570 175.3898 81.45934 shoemake 2024-08-13 20:21:30 
TT  70 081.0 -28.9 081.0 -28.9 1.10E-01 002.3 102.1 -39.3 425.8870 128.2344 90.84499 shoemake 2024-08-14 22:27:04 
TT 100 081.6 -29.8 081.6 -29.8 1.11E-01 011.6 102.0 -40.4 2222.607 535.3644 36.31260 shoemake 2025-07-09 21:51:07 
TT 160 081.0 -29.1 081.0 -29.1 3.55E-02 007.1 101.9 -39.5 427.4480 114.9809 15.22610 shoemake 2025-07-11 22:33:20 
TT 210 082.8 -27.7 082.8 -27.7 3.25E-02 007.4 104.6 -39.1 404.4700 127.9608 17.90709 shoemake 2025-07-17 16:13:03 
TT 240 078.6 -26.7 078.6 -26.7 1.13E-02 007.4 101.2 -36.3 141.8026 42.46866 8.963978 shoemake 2025-07-21 16:05:44 
TT 270 074.4 -27.7 074.4 -27.7 9.93E-03 006.5 096.6 -35.2 111.7074 20.19536 6.930359 shoemake 2025-07-23 16:44:58 
TT 300 073.5 -24.6 073.5 -24.6 6.38E-03 000.9 097.8 -32.2 7.736605 8.220180 3.647588 shoemake 2025-07-25 14:08:21 
TT 330 072.4 -23.5 072.4 -23.5 4.96E-03 005.6 097.4 -30.7 47.48657 11.19159 3.299007 shoemake 2025-07-30 19:09:09 
TT 360 072.6 -23.7 072.6 -23.7 1.58E-03 006.4 097.5 -31.0 17.58934 3.093846 0.871579 shoemake 2025-07-31 22:34:05 
TT 390 066.3 -24.0 066.3 -24.0 1.12E-03 007.1 091.6 -28.3 13.77619 1.263986 0.578747 shoemake 2025-08-03 17:08:57 
TT 420 063.4 -23.7 063.4 -23.7 8.40E-04 007.6 089.2 -26.6 11.16271 0.942437 0.543666 shoemake 2025-08-05 16:14:21 
TT 450 059.2 -23.1 059.2 -23.1 8.33E-04 006.0 085.9 -24.2 8.687792 1.132513 0.413260 shoemake 2025-08-07 14:27:56 
