PKSF- 2A 
         83.5  64.0   0.0   0.0   1.0
NRM    007.7  46.4 007.7  46.4 1.76E-02 002.4 154.4  66.7 55.93932 47.62681 13.53629 shoemake 2024-07-17 14:35:12 
NRM    006.2  46.7 006.2  46.7 1.80E-02 003.8 157.0  67.0 77.41394 90.27201 19.28539 shoemake 2024-07-18 19:01:57 
LT1 77 007.5  46.5 007.5  46.5 1.74E-02 001.4 154.9  66.6 22.86620 34.80763 13.39074 shoemake 2024-08-02 20:57:42 
LT2 77 007.5  46.5 007.5  46.5 1.73E-02 002.2 154.8  66.6 16.70760 62.09049 15.24840 shoemake 2024-08-13 17:41:16 
TT  70 008.3  46.3 008.3  46.3 1.51E-02 001.5 153.4  66.5 34.35561 17.45231 7.912574 shoemake 2024-08-14 19:48:10 
TT 100 004.6  46.7 004.6  46.7 7.95E-03 047.3 159.5  67.4 306.4707 116.6684 785.2787 shoemake 2025-07-09 19:13:40 
TT 100 008.0  45.8 008.0  45.8 7.96E-03 057.7 153.1  67.0 293.5797 151.3742 787.1469 shoemake 2025-07-10 14:29:07 
TT 100 010.6  44.7 010.6  44.7 1.59E-02 002.7 147.7  66.7 36.34933 67.32959 10.31533 shoemake 2025-07-10 15:00:11 
TT 160 012.6  41.8 012.6  41.8 1.11E-02 002.0 139.7  67.6 29.88936 25.04548 4.888470 shoemake 2025-07-11 19:55:42 
TT 210 011.2  39.8 011.2  39.8 6.02E-03 002.8 137.2  69.6 15.09973 26.13522 2.766236 shoemake 2025-07-17 13:34:36 
