PKSF- 6B 
         37.5  38.0   0.0   0.0   1.0
NRM    039.9 -01.7 039.9 -01.7 9.40E-02 003.3 091.0 -03.0 483.7022 40.75497 260.8806 shoemake 2024-07-17 17:40:25 
NRM    038.7 -03.1 038.7 -03.1 9.47E-02 002.2 089.2 -03.3 264.4726 48.72720 238.7158 shoemake 2024-07-18 21:03:40 
LT1 77 039.7 -02.3 039.7 -02.3 9.59E-02 001.5 090.5 -03.3 234.6724 57.99002 106.8660 shoemake 2024-08-02 23:03:43 
LT2 77 035.0 -06.0 035.0 -06.0 9.62E-02 003.3 084.5 -03.3 546.6711 91.84358 101.6757 shoemake 2024-08-13 19:31:19 
TT  70 038.5 -04.0 038.5 -04.0 4.23E-02 047.4 088.5 -03.9 128.4578 4514.507 311.9719 shoemake 2024-08-14 21:38:05 
TT  70 040.3 -02.1 040.3 -02.1 8.50E-02 001.8 091.0 -03.5 240.7255 52.87065 96.55782 shoemake 2024-08-15 12:15:53 
TT 100 043.3  00.1 043.3  00.1 8.73E-02 000.8 094.8 -03.6 100.3725 52.99397 72.02251 shoemake 2025-07-09 21:01:49 
TT 160 036.4 -05.2 036.4 -05.2 6.68E-02 017.2 086.1 -03.6 2062.952 136.1785 62.45186 shoemake 2025-07-11 21:43:59 
TT 160 039.4 -02.8 039.4 -02.8 6.98E-02 006.5 090.0 -03.5 791.7351 29.04045 61.81881 shoemake 2025-07-12 16:16:13 
TT 210 031.2 -07.6 031.2 -07.6 2.13E-02 004.5 080.5 -02.3 165.9847 13.16864 19.99836 shoemake 2025-07-17 15:23:32 
TT 240 037.4 -02.3 037.4 -02.3 1.70E-02 006.2 088.6 -01.9 184.4676 21.99028 16.13195 shoemake 2025-07-21 15:16:04 
TT 270 027.6 -05.3 027.6 -05.3 5.52E-03 013.9 079.1  01.8 134.0708 25.37897 4.752443 shoemake 2025-07-23 15:55:15 
TT 300 032.0  00.2 032.0  00.2 4.15E-03 000.9 086.0  03.4 5.879096 3.754738 3.354987 shoemake 2025-07-25 13:18:54 
TT 330 025.6  04.2 025.6  04.2 2.17E-03 002.1 083.3  10.5 8.078469 2.404098 1.420154 shoemake 2025-07-30 18:22:20 
TT 360 026.4  04.7 026.4  04.7 1.97E-03 001.1 084.3  10.4 3.374573 2.017821 1.756391 shoemake 2025-07-31 21:47:20 
TT 390 020.3  02.2 020.3  02.2 1.78E-03 004.9 077.8  12.1 15.05661 3.497265 1.568853 shoemake 2025-08-03 16:19:21 
TT 420 017.3  00.9 017.3  00.9 1.70E-03 007.5 074.5  12.9 21.69167 5.909511 1.452225 shoemake 2025-08-05 15:24:41 
TT 450 015.1  02.3 015.1  02.3 1.07E-03 008.8 073.6  15.3 15.81829 5.364006 0.955426 shoemake 2025-08-07 13:38:15 
