PKSF- 6D 
         37.5  38.0   0.0   0.0   1.0
NRM    034.0 -06.5 034.0 -06.5 1.19E-01 012.2 083.4 -03.1 2531.312 265.9811 365.7554 shoemake 2024-07-17 17:45:57 
NRM    032.6 -05.6 032.6 -05.6 6.11E-02 047.7 082.9 -01.5 829.9313 6478.529 272.8047 shoemake 2024-07-18 21:09:13 
NRM    039.7 -01.8 039.7 -01.8 1.22E-01 003.3 090.8 -02.9 613.6502 55.58469 346.2127 shoemake 2024-07-19 12:30:00 
LT1 77 036.6 -04.5 036.6 -04.5 1.20E-01 001.3 086.7 -03.1 136.4537 160.1560 233.9657 shoemake 2024-08-02 23:07:59 
LT2 77 037.5 -03.6 037.5 -03.6 1.19E-01 010.0 087.9 -02.9 2082.438 135.1897 201.6033 shoemake 2024-08-13 19:36:24 
TT  70 046.2  03.0 046.2  03.0 1.07E-01 001.1 098.9 -03.1 105.0659 84.73009 175.5999 shoemake 2024-08-14 21:43:04 
TT 100 037.2 -04.1 037.2 -04.1 1.10E-01 003.5 087.4 -03.1 646.7260 61.49460 208.7841 shoemake 2025-07-09 21:06:44 
TT 160 033.4 -07.0 033.4 -07.0 7.88E-02 018.8 082.6 -03.1 2651.768 313.4902 148.9629 shoemake 2025-07-11 21:48:59 
TT 160 042.0  00.0 042.0  00.0 8.32E-02 004.8 093.7 -02.9 671.4469 69.22453 155.9169 shoemake 2025-07-12 16:18:44 
TT 210 043.3  01.4 043.3  01.4 2.17E-02 010.8 095.5 -02.6 409.1856 68.30940 38.31180 shoemake 2025-07-17 15:28:30 
TT 240 036.9 -04.1 036.9 -04.1 1.55E-02 015.1 087.2 -03.0 416.6918 11.11084 26.82444 shoemake 2025-07-21 15:21:02 
TT 270 037.4 -01.2 037.4 -01.2 5.86E-03 005.5 089.3 -01.0 55.33696 4.546377 11.47249 shoemake 2025-07-23 16:00:16 
TT 300 031.5  01.4 031.5  01.4 4.46E-03 005.6 086.3  04.7 42.66758 2.890057 8.326920 shoemake 2025-07-25 13:23:49 
TT 330 023.0  03.8 023.0  03.8 2.42E-03 008.0 081.0  11.8 33.10480 6.103073 3.958887 shoemake 2025-07-30 18:27:05 
TT 360 020.4  02.9 020.4  02.9 2.15E-03 006.0 078.3  12.7 21.78945 5.347110 3.430180 shoemake 2025-07-31 21:51:57 
TT 390 018.2  01.3 018.2  01.3 1.89E-03 008.6 075.5  12.6 27.54740 7.764334 2.912213 shoemake 2025-08-03 16:24:24 
TT 420 022.8  06.5 022.8  06.5 1.75E-03 005.9 082.5  14.0 17.92390 2.828546 2.483081 shoemake 2025-08-05 15:29:38 
TT 450 012.4  00.4 012.4  00.4 5.52E-04 045.3 070.1  15.3 19.41305 53.54763 15.60910 shoemake 2025-08-07 13:43:12 
TT 450 024.9  10.2 024.9  10.2 5.51E-04 051.3 086.6  15.7 3.639641 56.63556 15.90385 shoemake 2025-08-07 17:51:31 
