PKSF- 7H 
        123.5  36.0   0.0   0.0   1.0
NRM    110.7 -68.1 110.7 -68.1 2.81E-02 005.8 030.8 -44.7 150.4091 233.3717 63.25669 shoemake 2024-07-17 18:15:57 
NRM    034.8 -35.9 034.8 -35.9 1.91E-02 049.8 001.2  00.0 87.46483 779.2033 2132.755 shoemake 2024-07-18 21:36:59 
NRM    104.0 -70.9 104.0 -70.9 2.86E-02 002.7 025.6 -44.5 87.27414 95.89679 43.76749 shoemake 2024-07-19 12:49:40 
LT1 77 104.0 -71.7 104.0 -71.7 2.84E-02 002.7 024.8 -45.0 70.01939 110.7380 20.20054 shoemake 2024-08-02 23:29:10 
LT2 77 093.6 -75.3 093.6 -75.3 2.84E-02 003.5 018.2 -45.1 66.04285 163.0199 18.68128 shoemake 2024-08-13 20:01:26 
TT  70 102.5 -72.5 102.5 -72.5 2.55E-02 000.9 023.4 -45.2 22.20060 32.48353 16.31136 shoemake 2024-08-14 22:07:32 
TT 100 088.6 -78.1 088.6 -78.1 2.62E-02 007.0 014.2 -46.3 101.8805 309.1113 13.25376 shoemake 2025-07-09 21:31:26 
TT 160 073.5 -79.7 073.5 -79.7 1.92E-02 008.3 009.5 -45.7 64.85574 273.2471 7.527705 shoemake 2025-07-11 22:13:39 
TT 210 058.4 -78.9 058.4 -78.9 1.57E-02 004.5 006.5 -43.7 39.28582 120.5799 7.517887 shoemake 2025-07-17 15:53:18 
TT 240 046.7 -63.2 046.7 -63.2 4.69E-03 004.9 006.8 -27.7 8.165381 39.47706 4.789168 shoemake 2025-07-21 15:45:49 
TT 270 036.0 -59.4 036.0 -59.4 3.87E-03 004.7 001.5 -23.4 3.890433 31.23246 3.503958 shoemake 2025-07-23 16:25:06 
TT 300 034.7 -45.4 034.7 -45.4 2.10E-03 005.2 001.0 -09.4 1.485776 18.80163 2.173707 shoemake 2025-07-25 13:48:27 
TT 330 037.2 -37.6 037.2 -37.6 1.72E-03 003.4 003.1 -01.7 1.702718 9.987588 1.833790 shoemake 2025-07-30 18:50:31 
TT 360 039.7 -38.9 039.7 -38.9 1.21E-03 001.6 005.0 -03.0 1.816263 2.816837 1.820243 shoemake 2025-07-31 22:15:19 
TT 390 036.7 -37.7 036.7 -37.7 4.73E-04 047.4 002.7 -01.8 50.52094 2.578074 1.611369 shoemake 2025-08-03 16:49:07 
TT 390 026.3 -37.9 026.3 -37.9 4.75E-04 039.9 354.5 -02.1 50.53535 4.968587 1.878230 shoemake 2025-08-04 12:23:24 
TT 390 027.4 -37.5 027.4 -37.5 9.50E-04 001.4 355.4 -01.7 1.653718 2.083437 0.875168 shoemake 2025-08-04 12:56:38 
TT 420 025.4 -36.1 025.4 -36.1 9.00E-04 006.6 353.7 -00.4 1.684122 10.26856 0.608067 shoemake 2025-08-05 15:54:27 
TT 450 030.4 -35.8 030.4 -35.8 8.26E-04 004.5 357.6  00.2 1.211566 6.416519 0.576810 shoemake 2025-08-07 14:08:00 
