PKSF- 9G 
         54.0  28.0   0.0   0.0   1.0
NRM    337.9 -56.7 337.9 -56.7 1.18E-01 003.6 008.8 -29.2 263.9461 642.4966 288.1228 shoemake 2024-07-17 19:01:19 
NRM    347.1 -55.8 347.1 -55.8 1.19E-01 002.6 014.7 -29.2 258.5610 409.2029 252.6823 shoemake 2024-07-18 22:18:18 
LT1 77 355.3 -53.8 355.3 -53.8 1.11E-01 009.5 020.6 -28.4 590.9342 1746.011 112.6656 shoemake 2024-08-03 00:00:49 
LT1 77 355.8 -53.4 355.8 -53.4 1.12E-01 002.9 021.0 -28.1 163.7311 532.8749 81.52000 shoemake 2024-08-05 11:57:52 
LT2 77 338.2 -55.3 338.2 -55.3 1.11E-01 005.5 009.2 -27.9 282.7834 1019.382 182.3967 shoemake 2024-08-13 20:38:55 
TT  70 341.9 -54.3 341.9 -54.3 1.00E-01 002.1 011.7 -27.2 75.46149 335.5954 129.8753 shoemake 2024-08-14 22:44:06 
TT 100 350.8 -54.1 350.8 -54.1 1.02E-01 009.7 017.6 -28.0 592.1298 1631.702 105.9069 shoemake 2025-07-09 22:08:22 
TT 160 358.2 -51.1 358.2 -51.1 5.04E-02 005.5 023.4 -26.3 229.3813 431.1776 49.65811 shoemake 2025-07-11 22:50:35 
TT 210 352.6 -51.2 352.6 -51.2 3.19E-02 008.0 019.5 -25.5 190.0686 410.6763 18.56273 shoemake 2025-07-17 16:30:20 
TT 240 347.1 -47.4 347.1 -47.4 8.93E-03 007.3 016.7 -21.0 45.45920 106.6412 3.559239 shoemake 2025-07-21 16:23:04 
TT 270 357.9 -45.1 357.9 -45.1 8.15E-03 005.1 025.0 -20.5 35.69011 64.28182 6.926234 shoemake 2025-07-23 17:02:14 
TT 300 000.4 -38.1 000.4 -38.1 3.96E-03 002.2 028.9 -14.4 12.02584 11.06710 2.256824 shoemake 2025-07-25 14:25:43 
TT 330 355.5 -38.0 355.5 -38.0 3.52E-03 000.7 025.1 -13.3 4.599553 2.630514 3.183756 shoemake 2025-07-30 19:25:25 
TT 360 354.5 -29.3 354.5 -29.3 1.28E-03 006.1 026.6 -04.6 6.111336 12.09630 1.976099 shoemake 2025-07-31 22:50:26 
TT 390 346.2 -28.5 346.2 -28.5 1.05E-03 002.1 019.6 -02.3 1.784047 3.558343 0.939527 shoemake 2025-08-03 17:26:09 
TT 420 354.8 -26.8 354.8 -26.8 8.77E-04 009.9 027.4 -02.2 7.436446 13.45101 0.810066 shoemake 2025-08-05 16:31:41 
TT 450 355.6 -25.3 355.6 -25.3 8.68E-04 001.7 028.5 -00.9 1.740222 2.168704 0.478684 shoemake 2025-08-07 14:45:19 
