PKSF- 9B 
         54.0  28.0   0.0   0.0   1.0
NRM    034.1 -57.4 034.1 -57.4 7.53E-02 034.1 042.4 -41.2 3538.249 3673.985 169.6724 shoemake 2024-07-17 18:45:35 
NRM    027.8 -51.5 027.8 -51.5 8.95E-02 005.1 042.6 -34.3 570.3283 519.1095 222.7258 shoemake 2024-07-18 22:04:36 
NRM    320.2 -27.7 320.2 -27.7 4.26E-02 062.9 356.8  00.3 438.8263 6401.020 5544.777 shoemake 2024-07-19 13:01:06 
NRM    036.2 -48.0 036.2 -48.0 8.96E-02 002.5 050.4 -34.1 266.4819 228.2995 223.4267 shoemake 2024-07-19 15:56:42 
LT1 77 040.8 -47.1 040.8 -47.1 8.78E-02 005.7 054.1 -35.1 743.2693 428.0815 184.9031 shoemake 2024-08-02 23:50:21 
LT2 77 040.7 -46.9 040.7 -46.9 8.78E-02 001.7 054.2 -34.9 181.0956 76.79625 189.5495 shoemake 2024-08-13 20:26:29 
TT  70 032.5 -50.5 032.5 -50.5 8.46E-02 001.7 046.3 -34.9 75.49493 167.7835 182.8987 shoemake 2024-08-14 22:31:57 
TT 100 042.8 -47.3 042.8 -47.3 8.60E-02 009.5 055.4 -36.0 1224.842 741.7724 138.8938 shoemake 2025-07-09 21:56:08 
TT 160 050.7 -48.3 050.7 -48.3 5.68E-02 007.4 060.0 -40.0 665.2367 315.9627 76.81277 shoemake 2025-07-11 22:38:21 
TT 210 046.6 -50.5 046.6 -50.5 5.08E-02 005.6 055.5 -40.1 451.3602 215.0815 60.86856 shoemake 2025-07-17 16:18:04 
TT 240 045.0 -43.1 045.0 -43.1 1.43E-02 002.5 059.8 -33.5 56.60561 16.72271 22.81419 shoemake 2025-07-21 16:10:37 
TT 270 043.8 -45.0 043.8 -45.0 1.30E-02 011.7 057.7 -34.5 235.9691 129.5900 25.44897 shoemake 2025-07-23 16:49:54 
TT 300 035.1 -38.9 035.1 -38.9 5.21E-03 007.9 055.1 -26.0 63.54280 33.40003 8.659626 shoemake 2025-07-25 14:13:14 
TT 330 035.5 -36.2 035.5 -36.2 4.52E-03 005.6 056.8 -23.7 39.49827 19.65190 7.936964 shoemake 2025-07-30 19:13:52 
TT 360 031.7 -35.3 031.7 -35.3 1.62E-03 008.6 054.3 -21.5 20.05031 13.65706 3.814604 shoemake 2025-07-31 22:38:41 
TT 390 026.6 -36.7 026.6 -36.7 1.42E-03 006.3 049.7 -20.8 12.40438 9.552711 2.960632 shoemake 2025-08-03 17:13:50 
TT 420 035.7 -31.1 035.7 -31.1 1.37E-03 006.0 059.6 -19.3 12.60227 6.711272 2.285051 shoemake 2025-08-05 16:19:12 
TT 450 030.1 -33.8 030.1 -33.8 1.36E-03 004.9 053.8 -19.6 9.762054 6.174968 2.301556 shoemake 2025-08-07 14:32:49 
