PKSF- 5B 
         87.0  36.0   0.0   0.0   1.0
NRM    325.3  61.8 325.3  61.8 7.54E-02 002.3 232.1  71.8 219.4956 209.8100 50.47603 shoemake 2024-07-17 15:45:20 
NRM    327.5  62.7 327.5  62.7 7.73E-02 003.5 228.4  72.5 351.9510 309.5632 62.52178 shoemake 2024-07-18 20:33:21 
LT1 77 324.6  62.7 324.6  62.7 7.79E-02 002.1 229.6  71.3 257.1656 130.9657 42.41599 shoemake 2024-08-02 22:34:34 
LT2 77 324.6  63.0 324.6  63.0 7.81E-02 001.9 228.6  71.2 226.0315 109.2958 47.38102 shoemake 2024-08-13 19:03:49 
TT  70 323.7  61.6 323.7  61.6 7.22E-02 001.8 233.2  71.1 203.9982 97.71785 21.64802 shoemake 2024-08-14 21:09:54 
TT 100 326.5  63.3 326.5  63.3 7.51E-02 004.4 227.0  72.0 456.5779 358.3618 22.60622 shoemake 2025-07-09 20:34:56 
TT 160 325.1  61.3 325.1  61.3 7.38E-02 002.6 233.8  71.7 279.6286 191.0320 35.97566 shoemake 2025-07-11 21:17:02 
TT 210 325.7  62.7 325.7  62.7 5.28E-02 003.0 229.1  71.7 232.7772 153.5941 29.31894 shoemake 2025-07-17 14:56:17 
TT 240 325.3  61.8 325.3  61.8 5.16E-02 001.7 232.0  71.8 110.9301 116.0112 36.59548 shoemake 2025-07-21 14:48:36 
TT 270 335.3  58.5 335.3  58.5 1.49E-02 002.0 240.7  77.3 43.01706 27.65667 11.41158 shoemake 2025-07-23 15:27:57 
TT 300 336.5  58.1 336.5  58.1 1.36E-02 002.3 241.8  78.0 47.17816 26.33249 2.916663 shoemake 2025-07-25 12:51:30 
TT 330 348.6  45.3 348.6  45.3 5.20E-03 001.6 325.4  79.8 10.58872 9.596223 1.688801 shoemake 2025-07-30 17:56:23 
TT 360 351.2  43.6 351.2  43.6 4.84E-03 001.6 338.1  79.0 8.548365 11.05706 1.413218 shoemake 2025-07-31 21:21:41 
TT 390 348.5  43.9 348.5  43.9 4.54E-03 002.4 328.2  78.5 13.97090 13.58782 1.504918 shoemake 2025-08-03 15:52:01 
TT 420 349.5  43.4 349.5  43.4 3.88E-03 002.0 332.6  78.3 8.759976 10.29451 1.260478 shoemake 2025-08-05 14:57:19 
TT 450 347.7  45.2 347.7  45.2 1.13E-03 082.5 322.6  79.4 17.95582 13.88918 120.7061 shoemake 2025-08-07 13:10:58 
TT 450 347.5  45.9 347.5  45.9 2.28E-03 002.2 320.0  80.0 6.690325 5.694726 0.850588 shoemake 2025-08-07 17:36:33 
