PKSF- 2D 
         83.5  64.0   0.0   0.0   1.0
NRM    001.1  55.4 001.1  55.4 7.02E-02 001.8 171.1  60.1 152.2339 154.1800 57.86086 shoemake 2024-07-17 14:41:40 
NRM    003.7  54.9 003.7  54.9 7.11E-02 002.9 168.0  60.1 241.8929 258.0117 69.84556 shoemake 2024-07-18 19:10:22 
LT1 77 003.2  55.6 003.2  55.6 6.77E-02 001.3 169.0  59.5 86.48861 128.1695 28.73327 shoemake 2024-08-02 21:04:06 
LT2 77 356.9  56.5 356.9  56.5 6.68E-02 000.9 176.1  59.4 69.68257 86.85992 36.50453 shoemake 2024-08-13 17:48:52 
TT  70 355.7  56.0 355.7  56.0 5.20E-02 001.1 177.3  59.9 63.19238 80.14357 24.43722 shoemake 2024-08-14 19:55:34 
TT 100 000.5  55.0 000.5  55.0 5.43E-02 004.4 171.6  60.5 108.4422 408.6718 16.84312 shoemake 2025-07-09 19:21:09 
TT 160 358.9  52.5 358.9  52.5 3.27E-02 003.5 172.4  63.1 63.48026 191.4109 9.588434 shoemake 2025-07-11 20:03:13 
TT 210 003.8  50.3 003.8  50.3 8.86E-03 075.4 164.4  64.4 394.7882 112.7569 854.7665 shoemake 2025-07-17 13:42:08 
TT 210 355.4  51.2 355.4  51.2 1.77E-02 003.4 177.0  64.7 34.11472 99.95678 6.986389 shoemake 2025-07-17 18:08:21 
TT 240 003.4  49.5 003.4  49.5 1.19E-02 003.8 164.2  65.2 26.04284 74.46810 8.351809 shoemake 2025-07-21 13:34:07 
TT 270 016.9  47.8 016.9  47.8 5.87E-03 005.5 145.8  61.4 32.87864 45.73735 1.679743 shoemake 2025-07-23 14:13:37 
TT 300 019.0  43.1 019.0  43.1 5.02E-03 003.2 135.9  63.0 19.71311 20.40459 1.547516 shoemake 2025-07-25 11:37:11 
TT 330 031.4  30.9 031.4  30.9 2.00E-03 001.4 107.4  56.3 3.652962 3.670786 0.304796 shoemake 2025-07-29 15:39:03 
TT 360 032.7  31.6 032.7  31.6 1.91E-03 001.3 108.6  55.2 3.149241 3.261082 1.141247 shoemake 2025-07-31 20:11:37 
TT 390 032.1  27.7 032.1  27.7 1.80E-03 002.9 101.7  55.4 8.779375 3.215016 0.805467 shoemake 2025-08-03 14:37:48 
TT 420 031.0  33.4 031.0  33.4 1.48E-03 003.3 111.8  56.7 7.775781 3.920714 0.666351 shoemake 2025-08-05 13:42:59 
TT 450 027.9  40.8 027.9  40.8 7.50E-04 003.0 126.1  57.8 2.676554 2.877669 0.849607 shoemake 2025-08-06 20:27:12 
