PKSF- 1J 
        160.0  55.0   0.0   0.0   1.0
NRM    145.2 -42.5 145.2 -42.5 4.61E-02 001.0 047.2 -13.6 38.64848 42.82138 63.98393 shoemake 2024-07-17 14:28:55 
NRM    142.9 -45.7 142.9 -45.7 4.65E-02 001.4 043.5 -14.2 70.60227 59.33287 94.13893 shoemake 2024-07-18 18:53:44 
LT1 77 148.5 -39.5 148.5 -39.5 4.28E-02 007.3 051.2 -13.9 434.3124 336.5761 26.29493 shoemake 2024-08-02 20:51:27 
LT2 77 147.5 -40.8 147.5 -40.8 4.22E-02 001.8 049.7 -14.0 94.49657 85.06008 38.14541 shoemake 2024-08-13 17:33:39 
TT  70 144.8 -41.5 144.8 -41.5 2.83E-02 003.1 047.9 -12.8 121.0638 91.22188 22.34198 shoemake 2024-08-14 19:40:47 
TT 100 142.6 -44.2 142.6 -44.2 2.94E-02 003.9 044.7 -13.1 141.6111 145.8547 11.58668 shoemake 2025-07-09 19:06:22 
TT 160 141.7 -43.5 141.7 -43.5 2.33E-02 004.3 044.8 -12.1 129.3380 122.0522 9.997569 shoemake 2025-07-11 19:48:21 
TT 210 136.6 -39.5 136.6 -39.5 1.55E-02 005.8 045.6 -06.6 123.9039 99.80407 7.833645 shoemake 2025-07-17 13:27:13 
TT 240 136.5 -35.8 136.5 -35.8 1.33E-02 006.0 048.3 -04.2 115.7365 81.06969 7.999074 shoemake 2025-07-21 13:19:12 
TT 270 128.3 -33.3 128.3 -33.3 8.72E-03 002.4 045.5  02.5 28.98289 23.04699 6.297974 shoemake 2025-07-23 13:58:40 
TT 300 122.3 -36.0 122.3 -36.0 8.01E-03 011.6 040.0  03.8 112.1140 121.4707 4.184149 shoemake 2025-07-25 11:22:19 
TT 330 115.9 -28.7 115.9 -28.7 4.49E-03 006.7 040.5  12.9 39.73384 35.32119 2.194275 shoemake 2025-07-29 15:24:07 
TT 360 113.3 -29.0 113.3 -29.0 4.26E-03 005.4 038.3  14.0 26.39880 30.69958 1.838843 shoemake 2025-07-31 19:57:42 
TT 390 112.6 -29.0 112.6 -29.0 4.18E-03 005.9 037.8  14.4 26.97311 34.48662 2.076260 shoemake 2025-08-03 14:22:52 
TT 420 114.3 -25.2 114.3 -25.2 3.82E-03 005.6 041.4  16.5 26.24513 27.38241 1.950300 shoemake 2025-08-05 13:28:06 
TT 450 104.6 -19.1 104.6 -19.1 1.34E-03 005.8 037.1  26.6 8.782721 10.49244 0.719673 shoemake 2025-08-06 20:12:31 
