PKSF- 5G 
         87.0  36.0   0.0   0.0   1.0
NRM    299.5  71.2 299.5  71.2 1.38E-01 003.0 213.0  60.3 438.6594 541.1078 322.6479 shoemake 2024-07-17 15:55:50 
NRM    318.3  68.5 318.3  68.5 1.76E-01 003.5 215.9  67.1 774.0695 693.1389 224.5027 shoemake 2024-07-18 20:47:09 
LT1 77 303.8  72.0 303.8  72.0 1.43E-01 002.9 211.2  61.5 577.0975 437.2999 503.8324 shoemake 2024-08-02 22:45:05 
LT2 77 316.7  69.2 316.7  69.2 1.70E-01 001.6 214.8  66.3 409.8884 214.8937 115.8046 shoemake 2024-08-13 19:16:26 
TT  70 317.5  69.3 317.5  69.3 1.48E-01 001.5 214.2  66.6 348.1790 181.4242 58.68017 shoemake 2024-08-14 21:23:30 
TT 100 319.2  69.4 319.2  69.4 1.54E-01 004.4 213.4  67.1 865.0250 820.4973 94.34906 shoemake 2025-07-09 20:47:08 
TT 160 316.7  66.8 316.7  66.8 1.38E-01 002.4 220.6  67.0 477.6457 329.3608 84.07932 shoemake 2025-07-11 21:29:22 
TT 210 321.5  66.3 321.5  66.3 6.18E-02 002.6 220.3  69.0 246.8419 138.2086 23.00482 shoemake 2025-07-17 15:08:38 
