PKSF- 2F 
         83.5  64.0   0.0   0.0   1.0
NRM    183.2  05.0 183.2  05.0 7.54E-02 004.8 198.7 -57.5 287.7283 561.6093 97.93977 shoemake 2024-07-17 14:45:55 
NRM    182.0  05.8 182.0  05.8 7.68E-02 002.7 196.0 -57.1 253.1945 253.7483 93.43937 shoemake 2024-07-18 19:15:55 
LT1 77 184.3  05.6 184.3  05.6 7.23E-02 001.2 200.1 -56.6 77.37153 110.3536 67.95725 shoemake 2024-08-02 21:35:41 
LT2 77 182.1  06.2 182.1  06.2 7.20E-02 001.2 196.0 -56.7 62.34835 117.1253 82.45958 shoemake 2024-08-13 17:53:48 
TT  70 181.2  06.0 181.2  06.0 5.46E-02 001.2 194.6 -57.1 58.02490 85.71673 55.50556 shoemake 2024-08-14 20:00:24 
TT 100 181.3  05.6 181.3  05.6 5.69E-02 003.9 195.0 -57.5 119.6149 376.6915 24.67838 shoemake 2025-07-09 19:26:04 
TT 160 178.9  03.6 178.9  03.6 3.08E-02 003.6 191.3 -59.9 61.22911 184.7142 19.59778 shoemake 2025-07-11 20:08:05 
TT 210 175.9  01.4 175.9  01.4 1.52E-02 004.6 185.6 -62.5 30.15914 119.8958 15.37996 shoemake 2025-07-17 13:47:07 
TT 240 180.7 -00.6 180.7 -00.6 9.32E-03 003.0 196.9 -63.6 19.64396 44.02516 8.510364 shoemake 2025-07-21 13:39:02 
TT 270 192.8 -02.6 192.8 -02.6 5.45E-03 004.9 221.9 -60.0 29.13673 36.95375 2.857161 shoemake 2025-07-23 14:18:32 
TT 300 196.0 -05.5 196.0 -05.5 4.26E-03 001.4 230.6 -60.1 8.018897 6.730358 1.338798 shoemake 2025-07-25 11:42:06 
TT 330 211.7 -16.7 211.7 -16.7 1.99E-03 001.4 263.2 -53.2 3.491480 3.677126 1.597289 shoemake 2025-07-29 15:43:56 
TT 360 213.3 -19.6 213.3 -19.6 9.79E-04 043.1 268.6 -52.8 2.336039 63.34083 83.32585 shoemake 2025-07-31 20:16:17 
TT 360 213.9 -20.5 213.9 -20.5 1.96E-03 001.8 270.2 -52.5 5.045802 3.626157 1.350868 shoemake 2025-08-01 11:10:29 
TT 390 211.5 -19.7 211.5 -19.7 1.64E-03 002.7 268.0 -54.4 7.178233 3.190762 1.110041 shoemake 2025-08-03 14:42:42 
TT 420 211.0 -21.6 211.0 -21.6 1.29E-03 003.1 270.8 -55.3 6.491876 2.870732 1.504087 shoemake 2025-08-05 13:47:53 
TT 450 212.0 -12.4 212.0 -12.4 7.05E-04 005.0 257.1 -51.2 6.041772 1.681801 0.281718 shoemake 2025-08-06 20:32:06 
