PKSF- 9C 
         54.0  28.0   0.0   0.0   1.0
NRM    011.9 -54.0 011.9 -54.0 8.90E-02 005.5 031.1 -32.0 435.0017 705.4505 219.3795 shoemake 2024-07-17 18:48:20 
NRM    137.2 -50.6 137.2 -50.6 4.83E-08 043.1 159.5 -77.9 0.003750 0.003214 0.001504 shoemake 2024-07-18 22:07:23 
NRM    013.1 -54.0 013.1 -54.0 9.00E-02 005.1 031.8 -32.3 442.1244 650.9797 167.5970 shoemake 2024-07-19 13:03:55 
NRM    016.6 -52.9 016.6 -52.9 9.00E-02 003.0 034.6 -32.2 283.3151 354.8302 172.8778 shoemake 2024-07-19 15:59:30 
LT1 77 023.7 -51.1 023.7 -51.1 8.65E-02 006.2 040.2 -32.6 634.6482 692.9398 80.92583 shoemake 2024-08-02 23:52:29 
LT2 77 023.5 -51.6 023.5 -51.6 8.61E-02 007.4 039.7 -33.0 737.1461 843.4537 87.47283 shoemake 2024-08-13 20:28:56 
TT  70 009.9 -55.3 009.9 -55.3 8.29E-02 001.0 029.2 -32.7 99.08650 72.81089 97.07208 shoemake 2024-08-14 22:34:20 
TT 100 020.5 -53.0 020.5 -53.0 8.45E-02 007.6 037.0 -33.4 693.0656 893.8026 30.77563 shoemake 2025-07-09 21:58:38 
TT 160 032.2 -54.1 032.2 -54.1 5.06E-02 007.5 043.7 -37.9 472.9116 469.4128 13.62388 shoemake 2025-07-11 22:40:48 
TT 210 032.4 -54.3 032.4 -54.3 4.34E-02 007.1 043.7 -38.1 399.8087 372.4644 13.16761 shoemake 2025-07-17 16:20:33 
TT 240 030.9 -48.9 030.9 -48.9 1.08E-02 007.4 046.2 -33.1 111.3992 88.20381 4.629523 shoemake 2025-07-21 16:13:03 
TT 270 031.3 -49.4 031.3 -49.4 9.98E-03 007.6 046.2 -33.6 99.79450 89.18746 6.070546 shoemake 2025-07-23 16:52:20 
TT 300 026.5 -42.7 026.5 -42.7 4.38E-03 004.0 046.7 -26.1 25.80265 17.12724 1.469829 shoemake 2025-07-25 14:15:41 
TT 330 028.9 -38.3 028.9 -38.3 3.91E-03 001.6 050.7 -23.1 10.07158 5.376832 1.831361 shoemake 2025-07-30 19:16:12 
TT 360 017.7 -37.7 017.7 -37.7 1.19E-03 005.0 042.5 -18.7 6.688266 8.133843 0.773163 shoemake 2025-07-31 22:41:00 
TT 390 014.7 -37.8 014.7 -37.8 1.00E-03 005.6 040.1 -17.9 6.682880 7.370167 0.674618 shoemake 2025-08-03 17:16:16 
TT 420 023.5 -32.7 023.5 -32.7 9.34E-04 000.9 049.1 -16.2 1.390733 1.231296 0.725685 shoemake 2025-08-05 16:21:39 
TT 450 011.7 -36.0 011.7 -36.0 9.10E-04 006.4 038.5 -15.3 6.709437 7.783350 0.458958 shoemake 2025-08-07 14:35:16 
