PKSF- 0A 
         77.5  32.0   0.0   0.0   1.0
NRM    319.0  09.8 319.0  09.8 2.39E-01 017.3 324.2  37.1 6192.977 4650.066 2708.891 shoemake 2024-07-17 19:09:34 
NRM    296.4  20.5 296.4  20.5 2.84E-01 002.8 293.5  37.6 1119.770 706.4813 554.4991 shoemake 2024-07-18 22:26:37 
LT1 77 297.0  17.2 297.0  17.2 2.21E-01 007.9 296.2  35.0 2596.101 2519.408 435.9569 shoemake 2024-08-03 00:07:21 
LT2 77 300.5  17.9 300.5  17.9 2.79E-01 003.3 299.3  37.2 1435.762 728.6517 157.9501 shoemake 2024-08-13 20:46:31 
TT  70 295.4  20.9 295.4  20.9 2.69E-01 002.0 292.2  37.4 805.2747 440.7741 159.9456 shoemake 2024-08-14 22:51:33 
TT 100 298.2  19.9 298.2  19.9 2.75E-01 006.5 295.7  38.0 2785.803 1403.880 198.0705 shoemake 2025-07-09 22:15:49 
TT 160 295.6  21.7 295.6  21.7 1.81E-01 007.4 291.8  38.2 2172.666 908.0550 101.9296 shoemake 2025-07-11 22:58:06 
TT 210 298.6  19.9 298.6  19.9 1.36E-01 007.5 296.0  38.1 1549.256 925.3004 67.83402 shoemake 2025-07-17 16:37:48 
TT 240 298.2  19.8 298.2  19.8 6.26E-02 005.2 295.7  37.8 469.3775 348.3896 57.97278 shoemake 2025-07-21 16:30:28 
TT 270 301.8  18.5 301.8  18.5 2.63E-02 008.5 300.3  38.4 334.8966 207.0381 18.68820 shoemake 2025-07-23 17:09:43 
TT 300 301.4  18.5 301.4  18.5 2.54E-02 003.2 300.0  38.2 130.9953 60.97486 13.57307 shoemake 2025-07-25 14:33:09 
TT 330 305.0  17.4 305.0  17.4 1.01E-02 003.4 304.5  38.9 42.07388 44.72502 7.107714 shoemake 2025-07-30 19:32:31 
TT 360 309.0  15.6 309.0  15.6 1.01E-02 002.6 309.9  39.0 34.59292 31.09952 5.776080 shoemake 2025-07-31 22:57:22 
TT 390 300.9  19.6 300.9  19.6 1.01E-02 003.0 298.7  38.9 44.80059 28.99752 4.857585 shoemake 2025-08-03 17:33:36 
TT 420 302.0  18.9 302.0  18.9 9.93E-03 003.5 300.3  38.8 50.92096 34.28521 4.962624 shoemake 2025-08-05 16:39:07 
TT 450 306.8  16.6 306.8  16.6 4.71E-03 001.0 306.9  38.9 6.013705 5.880736 3.510004 shoemake 2025-08-07 14:52:41 
