PKSF- 5K 
         87.0  36.0   0.0   0.0   1.0
NRM    313.0  71.2 313.0  71.2 1.28E-01 003.6 211.1  64.5 498.1465 582.8948 465.3835 shoemake 2024-07-17 17:31:51 
NRM    321.8  74.1 321.8  74.1 1.33E-01 004.4 202.4  65.5 595.3048 827.1258 155.1241 shoemake 2024-07-18 20:58:13 
LT1 77 313.8  71.8 313.8  71.8 1.29E-01 001.3 209.8  64.6 243.3959 173.5049 62.38775 shoemake 2024-08-02 22:59:33 
LT2 77 313.3  70.7 313.3  70.7 1.29E-01 001.0 212.2  64.7 176.5548 136.6706 64.12710 shoemake 2024-08-13 19:26:18 
TT  70 313.8  70.4 313.8  70.4 1.11E-01 002.0 212.8  65.0 306.6432 251.1381 45.48702 shoemake 2024-08-14 21:33:11 
TT 100 317.5  72.2 317.5  72.2 1.16E-01 003.7 207.6  65.4 459.6292 592.9657 54.71909 shoemake 2025-07-09 20:56:58 
TT 160 320.3  72.6 320.3  72.6 9.66E-02 005.0 206.0  66.0 463.1946 719.6451 53.60754 shoemake 2025-07-11 21:39:05 
TT 210 326.2  70.4 326.2  70.4 3.85E-02 005.6 208.0  68.7 225.6197 308.7608 18.11074 shoemake 2025-07-17 15:18:38 
