PKSF- 2I 
         83.5  64.0   0.0   0.0   1.0
NRM    344.2  62.9 344.2  62.9 5.14E-02 002.8 186.8  52.6 130.6691 211.3693 62.99959 shoemake 2024-07-17 14:52:11 
NRM    344.4  62.4 344.4  62.4 5.24E-02 004.8 186.8  53.1 173.1142 395.5982 83.55211 shoemake 2024-07-18 19:24:06 
LT1 77 345.3  63.2 345.3  63.2 4.89E-02 005.0 185.9  52.5 94.58209 413.3870 29.67097 shoemake 2024-08-02 21:41:54 
LT2 77 338.7  62.6 338.7  62.6 4.85E-02 001.2 190.9  52.1 44.03301 90.12391 33.07296 shoemake 2024-08-13 18:01:20 
TT  70 336.9  62.0 336.9  62.0 3.53E-02 001.0 192.5  52.3 37.57333 51.59620 19.01984 shoemake 2024-08-14 20:07:43 
TT 100 334.5  61.3 334.5  61.3 3.68E-02 002.3 194.8  52.5 76.33076 130.0985 13.60895 shoemake 2025-07-09 19:33:19 
TT 160 332.7  59.8 332.7  59.8 1.64E-02 005.8 197.3  53.3 60.40861 157.7247 5.163988 shoemake 2025-07-11 20:15:23 
TT 210 324.5  52.7 324.5  52.7 6.10E-03 009.4 211.2  55.7 56.87737 83.89074 2.840493 shoemake 2025-07-17 13:54:25 
TT 240 347.0  52.5 347.0  52.5 3.68E-03 005.8 188.5  63.1 10.58701 35.87880 1.989654 shoemake 2025-07-21 13:46:37 
TT 270 005.3  51.1 005.3  51.1 2.78E-03 002.8 163.1  63.3 5.148930 12.42498 2.400930 shoemake 2025-07-23 14:26:00 
TT 300 019.2  40.8 019.2  40.8 2.27E-03 001.3 131.1  64.0 3.730478 3.656485 0.582885 shoemake 2025-07-25 11:49:36 
TT 330 034.4  31.7 034.4  31.7 1.40E-03 003.4 108.9  53.7 7.639960 3.126146 1.654341 shoemake 2025-07-29 15:51:15 
TT 360 034.9  31.0 034.9  31.0 1.16E-03 003.8 107.7  53.3 7.294800 2.899407 0.331813 shoemake 2025-07-31 20:23:24 
TT 390 031.5  30.0 031.5  30.0 9.06E-04 003.4 105.7  56.2 5.013814 1.983799 0.358937 shoemake 2025-08-03 14:50:12 
TT 420 034.5  30.1 034.5  30.1 7.62E-04 001.5 106.2  53.6 1.482011 1.677748 0.045435 shoemake 2025-08-05 13:55:25 
TT 450 028.4  28.6 028.4  28.6 4.85E-04 006.5 102.8  58.8 5.277717 1.699829 0.271713 shoemake 2025-08-06 20:39:35 
