PKSF- 0M 
         77.5  32.0   0.0   0.0   1.0
NRM    283.6  20.1 283.6  20.1 2.87E-01 008.3 281.4  30.8 3480.365 5248.585 3109.601 shoemake 2024-07-17 21:25:01 
NRM    287.5  18.7 287.5  18.7 3.39E-01 002.9 286.0  31.7 1260.317 1039.590 786.8317 shoemake 2024-07-18 22:59:49 
LT1 77 286.1  20.3 286.1  20.3 2.40E-01 007.9 283.7  32.2 2953.609 2818.017 512.8220 shoemake 2024-08-03 00:33:13 
LT2 77 289.1  17.3 289.1  17.3 3.23E-01 001.2 288.3  31.2 398.8928 515.0244 350.3317 shoemake 2024-08-13 21:16:27 
TT  70 291.2  15.5 291.2  15.5 2.85E-01 005.0 291.4  30.7 2292.773 1010.753 232.0164 shoemake 2024-08-14 23:20:52 
TT 100 288.7  17.8 288.7  17.8 2.92E-01 009.4 287.7  31.5 4571.539 1582.674 289.4537 shoemake 2025-07-09 22:45:24 
TT 160 290.3  16.1 290.3  16.1 1.65E-01 002.4 290.2  30.8 643.8384 221.2302 158.0435 shoemake 2025-07-11 23:27:35 
TT 210 292.0  15.5 292.0  15.5 7.31E-02 001.4 292.2  31.1 173.3923 102.8601 40.36004 shoemake 2025-07-17 17:07:35 
TT 240 293.5  15.0 293.5  15.0 5.67E-02 003.3 293.9  31.5 253.3179 232.9120 25.75571 shoemake 2025-07-21 17:00:07 
TT 270 304.3  10.8 304.3  10.8 1.58E-02 047.0 307.3  32.6 876.1408 1138.077 909.7655 shoemake 2025-07-23 17:39:27 
TT 270 292.9  16.0 292.9  16.0 3.22E-02 001.9 292.8  32.0 98.16098 40.08354 33.32024 shoemake 2025-07-24 11:03:55 
TT 300 291.0  17.5 291.0  17.5 2.26E-02 005.7 290.0  32.4 199.1335 105.1042 14.63894 shoemake 2025-07-25 15:02:53 
TT 330 297.4  14.8 297.4  14.8 1.54E-02 005.4 298.0  33.1 117.0934 90.87897 8.874893 shoemake 2025-07-30 20:00:33 
TT 360 295.0  17.1 295.0  17.1 1.18E-02 008.9 294.2  34.0 163.9494 82.57680 9.405760 shoemake 2025-07-31 23:25:17 
TT 390 301.1  13.6 301.1  13.6 1.00E-02 004.4 302.4  33.8 60.07599 47.77460 6.544567 shoemake 2025-08-03 18:03:20 
TT 420 297.6  15.4 297.6  15.4 8.17E-03 007.6 297.8  33.8 93.15980 56.08855 7.829413 shoemake 2025-08-05 17:08:47 
TT 450 297.1  15.2 297.1  15.2 5.68E-03 003.8 297.4  33.3 31.22631 20.87693 4.719614 shoemake 2025-08-07 15:22:29 
