PKSF- 3L 
         78.0  73.0   0.0   0.0   1.0
NRM    232.0 -00.1 232.0 -00.1 1.04E-01 003.0 262.1 -24.6 276.7729 277.7661 395.2711 shoemake 2024-07-17 15:19:53 
NRM    233.8 -05.8 233.8 -05.8 1.06E-01 003.2 268.7 -24.6 281.5348 261.9379 465.9585 shoemake 2024-07-18 20:00:12 
LT1 77 235.1 -16.0 235.1 -16.0 1.06E-01 002.4 279.9 -25.8 81.94987 168.0692 409.8114 shoemake 2024-08-02 22:09:23 
LT2 77 231.5 -02.4 231.5 -02.4 1.05E-01 004.4 264.3 -25.9 711.1986 124.3731 372.0051 shoemake 2024-08-13 18:33:58 
TT  70 231.6 -05.3 231.6 -05.3 9.79E-02 003.6 267.4 -26.6 478.2892 195.4108 345.5722 shoemake 2024-08-14 20:40:42 
TT 100 232.2  00.9 232.2  00.9 5.07E-02 059.5 261.1 -24.1 771.4400 4883.625 2212.266 shoemake 2025-07-09 20:05:27 
TT 100 230.4 -01.5 230.4 -01.5 1.01E-01 004.8 263.0 -26.6 723.0007 157.1244 422.6074 shoemake 2025-07-10 14:34:22 
TT 160 227.9 -10.1 227.9 -10.1 6.42E-02 003.2 271.6 -31.4 181.7683 202.9233 251.9195 shoemake 2025-07-11 20:47:32 
TT 210 228.7 -05.2 228.7 -05.2 2.96E-02 046.2 266.4 -29.3 185.5304 2751.505 1548.661 shoemake 2025-07-17 14:26:38 
TT 210 227.1 -09.0 227.1 -09.0 5.91E-02 003.0 270.2 -31.9 111.8990 167.3396 249.1541 shoemake 2025-07-17 18:13:40 
