PKSF- 4I 
         59.0  48.0   0.0   0.0   1.0
NRM    082.7 -36.4 082.7 -36.4 1.17E-02 003.4 073.2 -39.8 63.09964 25.09488 15.91551 shoemake 2024-07-17 15:36:50 
NRM    084.7 -35.1 084.7 -35.1 1.19E-02 004.6 075.6 -40.6 86.13437 37.45057 22.85536 shoemake 2024-07-18 20:22:17 
LT1 77 086.2 -32.1 086.2 -32.1 1.24E-02 005.9 079.9 -40.2 126.1885 21.88103 5.931817 shoemake 2024-08-02 22:26:08 
LT2 77 083.4 -36.1 083.4 -36.1 1.25E-02 001.6 073.8 -40.1 32.88576 12.08433 7.742312 shoemake 2024-08-13 18:53:55 
TT  70 086.4 -31.5 086.4 -31.5 1.20E-02 003.0 080.8 -40.0 62.48170 11.75110 6.976070 shoemake 2024-08-14 21:00:13 
TT 100 085.1 -34.2 085.1 -34.2 1.24E-02 001.7 076.9 -40.5 32.50964 18.18478 4.640391 shoemake 2025-07-09 20:25:04 
TT 160 085.1 -32.9 085.1 -32.9 9.54E-03 003.1 078.4 -39.8 50.50469 15.28747 3.686888 shoemake 2025-07-11 21:07:16 
TT 210 082.1 -33.4 082.1 -33.4 7.80E-03 002.5 076.2 -37.8 33.88659 9.285845 7.526107 shoemake 2025-07-17 14:46:19 
TT 240 068.2 -39.3 068.2 -39.3 2.71E-03 001.0 063.2 -31.2 4.136984 3.558663 1.914125 shoemake 2025-07-21 14:38:44 
TT 270 069.9 -36.4 069.9 -36.4 2.59E-03 005.5 066.8 -30.8 22.94886 9.426645 1.630777 shoemake 2025-07-23 15:18:08 
TT 300 352.0 -32.0 352.0 -32.0 7.58E-04 003.3 020.0  13.0 1.443404 4.225115 0.626609 shoemake 2025-07-25 12:41:37 
TT 330 356.1 -25.4 356.1 -25.4 7.07E-04 002.5 025.8  18.0 1.515601 2.824570 0.441116 shoemake 2025-07-30 17:46:56 
TT 360 318.9  00.8 318.9  00.8 4.90E-04 004.9 345.2  47.9 1.672479 3.891687 1.466183 shoemake 2025-07-31 21:12:22 
TT 390 314.8  02.3 314.8  02.3 4.84E-04 002.4 338.7  48.3 1.555185 1.578951 0.198261 shoemake 2025-08-03 15:42:13 
TT 420 317.1 -00.1 317.1 -00.1 4.38E-04 003.1 342.8  46.6 1.380181 2.070966 0.211592 shoemake 2025-08-05 14:47:27 
TT 450 315.8  02.7 315.8  02.7 4.54E-04 002.3 340.0  49.0 1.271980 1.512988 0.160861 shoemake 2025-08-06 21:31:07 
