PKSH- 2 sun compass orientation
    770  27.3   5.0   0.0   0.0   1.0
NRM    189.1  35.7 189.1  35.7 9.02E-03 003.6 248.5  34.0 46.63433 18.81459 34.82253 shoemake 2024-07-15 18:17:23 
LT1 77 196.8  32.1 196.8  32.1 8.81E-03 002.6 256.5  31.1 33.91494 7.158441 28.14757 shoemake 2024-07-29 19:57:13 
LT2 77 193.4  32.3 193.4  32.3 8.71E-03 002.0 253.1  31.0 24.40030 9.028465 27.58184 shoemake 2024-08-12 14:02:37 
TT  70 190.2  22.6 190.2  22.6 7.28E-03 003.2 251.0  21.1 30.50547 10.19111 27.83359 shoemake 2024-08-22 19:36:14 
TT  70 190.0  22.8 190.0  22.8 7.28E-03 003.4 250.8  21.2 32.51115 11.16414 28.28166 shoemake 2024-08-22 23:07:44 
TT 100 196.3  22.1 196.3  22.1 7.22E-03 007.5 257.1  21.1 90.35570 19.17900 25.84073 shoemake 2024-08-29 14:42:39 
TT 130 192.6  17.9 192.6  17.9 6.34E-03 008.3 253.8  16.6 86.04930 25.23660 22.84005 shoemake 2024-09-02 18:15:42 
TT 160 198.1  17.0 198.1  17.0 6.38E-03 007.0 259.3  16.1 74.55919 14.77461 21.99357 shoemake 2024-09-04 20:27:40 
TT 190 187.0  15.4 187.0  15.4 5.47E-03 009.9 248.5  13.6 85.88810 35.94653 20.78493 shoemake 2024-09-09 17:36:22 
TT 210 192.0  15.3 192.0  15.3 4.30E-03 007.8 253.4  13.9 54.19682 17.18172 15.44655 shoemake 2024-09-16 13:04:10 
TT 240 197.6  14.1 197.6  14.1 4.38E-03 004.9 259.1  13.2 34.20234 8.399083 14.18439 shoemake 2024-09-18 14:20:03 
TT 270 197.5  13.3 197.5  13.3 2.25E-03 003.5 259.1  12.4 11.29043 3.873851 7.394866 shoemake 2024-10-04 21:28:52 
TT 300 193.3  13.8 193.3  13.8 1.74E-03 005.3 254.9  12.5 14.13372 5.273709 5.914145 shoemake 2024-10-15 16:29:53 
TT 330 191.5  13.7 191.5  13.7 1.72E-03 004.2 253.1  12.3 10.43147 4.576035 5.939368 shoemake 2024-10-23 20:29:25 
TT 360 190.8  13.0 190.8  13.0 1.69E-03 011.3 252.5  11.5 31.79057 10.96234 4.628738 shoemake 2025-05-21 12:08:14 
TT 390 191.7  14.1 191.7  14.1 1.59E-03 009.9 253.3  12.7 25.87063 8.959720 5.696391 shoemake 2025-05-22 14:54:58 
TT 420 199.7  12.6 199.7  12.6 1.57E-03 004.0 261.3  11.9 9.459217 2.511988 5.437354 shoemake 2025-05-25 17:10:03 
TT 420 181.2  14.1 181.2  14.1 3.93E-04 065.7 242.9  11.9 34.60557 63.73736 15.05866 shoemake 2025-06-19 11:40:28 
TT 420 197.5  13.4 197.5  13.4 1.59E-03 002.0 259.1  12.5 2.241756 1.930890 4.989386 shoemake 2025-06-19 16:11:28 
TT 450 103.8  59.2 103.8  59.2 1.79E-05 023.8 168.2  54.3 0.599191 0.610726 0.070623 shoemake 2025-06-30 14:03:37 
TT 450 184.1 -57.1 184.1 -57.1 1.95E-09 082.6 254.3 -58.8 0.000469 0.000221 0.001185 shoemake 2025-06-30 18:39:57 
TT 450 347.8 -84.0 347.8 -84.0 6.64E-09 055.7 027.9 -80.0 0.000420 0.000277 0.000667 shoemake 2025-07-02 17:35:34 
