PKSH- 2 sun compass orientation
    770  27.3   5.0   0.0   0.0   1.0
NRM    181.0  11.1 181.0  11.1 9.41E-03 000.8 242.9   8.9 7.803938 7.123612 8.571668 shoemake 2024-07-15 18:11:14 
LT1 77 184.1   9.9 184.1   9.9 9.28E-03 004.9 246.1   7.9 74.07810 31.34597 5.714751 shoemake 2024-07-29 19:48:24 
LT2 77 186.0   9.6 186.0   9.6 9.24E-03 000.8 248.0   7.8 10.50512 6.781996 7.518744 shoemake 2024-08-12 13:55:11 
TT  70 185.8   9.2 185.8   9.2 7.01E-03 000.7 247.8   7.3 6.094496 4.803913 5.369005 shoemake 2024-08-22 19:28:59 
TT  70 185.5   9.2 185.5   9.2 7.01E-03 000.8 247.5   7.3 8.587695 4.507357 5.449344 shoemake 2024-08-22 23:00:35 
TT 100 186.6   9.1 186.6   9.1 6.95E-03 006.8 248.6   7.3 77.49656 28.91020 5.169132 shoemake 2024-08-29 14:35:21 
TT 130 187.2   9.0 187.2   9.0 5.43E-03 003.7 249.2   7.3 32.97214 11.03231 5.392641 shoemake 2024-09-02 18:08:17 
TT 160 189.8   8.8 189.8   8.8 5.42E-03 003.6 251.8   7.3 32.97228 9.503095 4.851500 shoemake 2024-09-04 20:20:17 
TT 190 187.2  10.1 187.2  10.1 4.47E-03 000.9 249.1   8.3 5.927407 2.569595 4.154915 shoemake 2024-09-09 17:28:49 
TT 210 190.8  11.2 190.8  11.2 2.46E-03 008.7 252.6   9.7 35.91301 10.83271 1.793732 shoemake 2024-09-16 12:56:46 
TT 240 194.3  10.6 194.3  10.6 2.47E-03 007.2 256.1   9.4 30.41664 6.880275 2.079966 shoemake 2024-09-18 14:12:45 
TT 270 193.6  10.9 193.6  10.9 1.85E-03 004.0 255.4   9.7 12.59891 3.170072 1.475803 shoemake 2024-10-04 21:21:23 
TT 300 195.8   9.6 195.8   9.6 1.26E-03 004.9 257.7   8.6 10.42766 2.225170 1.045113 shoemake 2024-10-15 16:22:21 
TT 330 193.5  10.3 193.5  10.3 1.25E-03 003.0 255.4   9.1 6.324067 1.593654 0.397383 shoemake 2024-10-23 20:22:02 
TT 360 192.3  10.5 192.3  10.5 1.22E-03 004.8 254.2   9.2 9.944179 2.844048 0.854429 shoemake 2025-05-21 12:00:48 
TT 390 197.9  10.1 197.9  10.1 1.17E-03 003.1 259.8   9.2 6.115582 1.599603 0.571696 shoemake 2025-05-22 14:47:34 
TT 420 195.6   9.1 195.6   9.1 1.16E-03 003.9 257.6   8.1 7.638178 1.936323 0.959582 shoemake 2025-05-25 16:55:43 
TT 420 194.7   9.8 194.7   9.8 1.16E-03 002.1 256.6   8.7 4.020283 1.412063 0.710588 shoemake 2025-06-18 17:17:07 
TT 450 028.4  42.6 028.4  42.6 7.25E-06 067.3 095.7  42.3 0.288169 0.636522 0.523838 shoemake 2025-06-30 13:56:06 
TT 450 277.2 -41.2 277.2 -41.2 1.92E-09 080.2 341.2 -36.5 0.000418 0.000247 0.000775 shoemake 2025-06-30 18:32:33 
TT 450 018.1  40.3 018.1  40.3 7.81E-06 067.1 085.1  40.9 0.288357 0.689706 0.548010 shoemake 2025-07-02 17:28:04 
