PKSH- 2 sun compass orientation
    770  27.3   5.0   0.0   0.0   1.0
NRM    204.9  16.6 204.9  16.6 3.85E-03 002.9 266.1  16.3 17.69025 3.070327 6.985563 shoemake 2024-07-15 18:00:33 
LT1 77 204.0  16.1 204.0  16.1 3.85E-03 001.7 265.3  15.8 9.988320 3.639390 4.060120 shoemake 2024-07-29 19:33:29 
LT2 77 203.2  16.2 203.2  16.2 3.82E-03 001.3 264.5  15.8 6.723353 3.196142 4.751392 shoemake 2024-08-12 13:42:27 
TT  70 198.2  14.8 198.2  14.8 3.37E-03 000.9 259.6  14.0 3.424084 2.137042 4.456205 shoemake 2024-08-22 19:16:40 
TT  70 198.5  14.8 198.5  14.8 3.37E-03 001.1 259.9  14.0 4.979201 2.291940 4.453834 shoemake 2024-08-22 22:48:17 
TT 100 203.8  14.3 203.8  14.3 3.36E-03 005.9 265.2  13.9 34.04187 3.768899 4.264468 shoemake 2024-08-29 14:22:57 
TT 130 197.3  14.4 197.3  14.4 2.82E-03 003.6 258.8  13.5 17.04651 3.241692 3.435209 shoemake 2024-09-02 17:55:58 
TT 160 202.6  13.9 202.6  13.9 2.79E-03 004.1 264.1  13.4 19.49209 3.145910 3.701092 shoemake 2024-09-04 20:08:04 
TT 190 201.2  14.0 201.2  14.0 2.51E-03 008.4 262.7  13.4 36.63125 5.118867 3.064757 shoemake 2024-09-09 17:16:34 
TT 210 196.6  12.9 196.6  12.9 1.41E-03 011.1 258.2  11.9 27.14094 5.604509 1.571189 shoemake 2024-09-16 12:44:27 
TT 240 195.3  12.5 195.3  12.5 1.41E-03 010.5 257.0  11.4 25.33807 5.939212 1.431799 shoemake 2024-09-18 14:00:19 
TT 270 195.7  15.4 195.7  15.4 1.34E-03 000.9 257.1  14.3 1.520096 0.978808 1.252936 shoemake 2024-10-04 21:09:10 
TT 300 205.3  -0.3 205.3  -0.3 2.78E-04 009.4 268.0  -0.5 4.574234 0.251090 0.288736 shoemake 2024-10-15 16:10:04 
TT 330 197.0   5.1 197.0   5.1 2.56E-04 000.7 259.3   4.2 0.188887 0.130039 0.240576 shoemake 2024-10-23 20:01:58 
TT 360 195.2   5.1 195.2   5.1 2.47E-04 003.0 257.5   4.0 1.222914 0.665691 0.287238 shoemake 2025-05-21 11:48:23 
TT 390 195.4   7.4 195.4   7.4 2.60E-04 012.7 257.5   6.3 5.693753 1.392999 0.375877 shoemake 2025-05-22 14:30:15 
TT 390 195.6   6.6 195.6   6.6 2.66E-04 001.5 257.8   5.6 0.693157 0.675327 0.109197 shoemake 2025-05-22 17:17:22 
TT 420 204.3   3.1 204.3   3.1 2.50E-04 009.7 266.7   2.8 4.241807 0.683177 0.494642 shoemake 2025-05-25 16:43:21 
TT 420 202.7   3.5 202.7   3.5 2.56E-04 004.8 265.1   3.1 2.119274 0.657722 0.291743 shoemake 2025-06-18 17:05:25 
TT 450 164.5  -1.5 164.5  -1.5 5.61E-05 004.7 227.4  -4.9 0.450748 0.432329 0.075675 shoemake 2025-06-30 13:43:45 
