PKSH- 1 sun compass orientation
    770 337.8  23.0   0.0   0.0   1.0
NRM    176.4 -42.1 176.4 -42.1 4.42E-03 010.3 304.3 -31.7 69.55200 39.77553 10.68411 shoemake 2024-07-15 17:48:08 
LT1 77 173.7 -44.7 173.7 -44.7 4.53E-03 000.8 303.6 -34.8 4.209146 6.029105 3.002529 shoemake 2024-07-29 19:18:52 
LT2 77 174.5 -44.8 174.5 -44.8 4.47E-03 001.2 304.3 -34.7 4.574004 8.542742 6.637718 shoemake 2024-08-12 13:29:57 
TT  70 159.4 -40.5 159.4 -40.5 4.41E-03 000.9 289.8 -36.1 4.848400 7.155157 4.482126 shoemake 2024-08-22 19:04:37 
TT  70 152.8 -38.0 152.8 -38.0 4.38E-03 006.8 282.7 -36.4 50.13251 16.35630 4.211970 shoemake 2024-08-22 22:36:12 
TT 100 159.6 -40.3 159.6 -40.3 4.28E-03 001.1 289.8 -35.9 5.939176 7.287961 3.900914 shoemake 2024-08-29 14:10:47 
TT 130 138.0 -30.7 138.0 -30.7 3.20E-03 005.6 265.2 -35.7 31.16949 2.356452 2.051747 shoemake 2024-09-02 17:34:19 
TT 160 135.1 -29.5 135.1 -29.5 3.17E-03 004.9 261.7 -35.8 27.24539 3.090150 1.743248 shoemake 2024-09-04 19:55:47 
TT 190 135.9 -30.4 135.9 -30.4 3.21E-03 006.1 263.0 -36.3 33.94198 3.103893 1.762407 shoemake 2024-09-09 17:04:04 
TT 210 138.8 -28.3 138.8 -28.3 2.04E-03 007.7 264.6 -33.3 27.58163 1.820831 1.867001 shoemake 2024-09-16 12:32:05 
TT 240 134.1 -26.3 134.1 -26.3 2.05E-03 005.0 259.1 -33.3 17.78521 3.115047 1.590820 shoemake 2024-09-18 13:48:03 
TT 270 134.5 -26.6 134.5 -26.6 2.05E-03 001.4 259.6 -33.4 4.849308 1.491790 1.488994 shoemake 2024-10-04 20:56:45 
TT 300 133.0 -25.5 133.0 -25.5 1.62E-03 006.0 257.6 -33.0 16.67321 3.502826 1.432407 shoemake 2024-10-15 15:57:22 
TT 330 130.6 -24.3 130.6 -24.3 1.44E-03 006.1 254.7 -32.8 14.94382 3.802311 0.575755 shoemake 2024-10-23 19:49:38 
TT 360 138.6 -28.0 138.6 -28.0 1.43E-03 004.5 264.3 -33.1 11.10858 1.936002 0.864688 shoemake 2025-05-21 11:36:03 
TT 390 137.4 -27.5 137.4 -27.5 1.43E-03 007.2 262.9 -33.1 18.05035 2.443810 0.980940 shoemake 2025-05-22 14:17:52 
TT 420 128.2 -23.9 128.2 -23.9 1.42E-03 007.2 252.1 -33.3 17.34027 5.202547 0.806830 shoemake 2025-05-25 16:30:53 
TT 420 132.9 -25.6 132.9 -25.6 1.44E-03 001.4 257.6 -33.1 2.742424 2.774230 0.890671 shoemake 2025-06-18 16:53:36 
TT 450 131.0 -25.2 131.0 -25.2 1.40E-03 008.2 255.5 -33.5 19.62542 4.794673 0.957958 shoemake 2025-06-30 13:31:19 
