PKSH- 2 sun compass orientation
    770  27.3   5.0   0.0   0.0   1.0
NRM    184.5  12.4 184.5  12.4 9.21E-03 004.6 246.3  10.4 64.60727 33.43450 10.91768 shoemake 2024-07-15 18:15:22 
LT1 77 181.4  11.4 181.4  11.4 9.14E-03 000.9 243.3   9.2 15.68189 4.869092 4.075671 shoemake 2024-07-29 19:54:17 
LT2 77 184.9  11.0 184.9  11.0 8.99E-03 001.5 246.8   9.1 21.56210 9.920262 6.850286 shoemake 2024-08-12 14:00:08 
TT  70 183.0  10.5 183.0  10.5 6.74E-03 004.1 244.9   8.4 43.96224 18.73381 4.587871 shoemake 2024-08-22 19:33:49 
TT  70 182.4  10.5 182.4  10.5 6.74E-03 004.7 244.3   8.4 50.58626 22.40315 4.608572 shoemake 2024-08-22 23:05:20 
TT 100 179.0  10.6 179.0  10.6 6.73E-03 006.1 241.0   8.2 63.14720 33.65335 4.392138 shoemake 2024-08-29 14:40:12 
TT 130 188.1   9.9 188.1   9.9 5.36E-03 000.9 250.1   8.2 6.229689 4.363834 4.883914 shoemake 2024-09-02 18:13:16 
TT 160 187.2  10.1 187.2  10.1 5.29E-03 008.3 249.1   8.3 72.45789 26.64098 3.756327 shoemake 2024-09-04 20:25:14 
TT 190 180.5  10.1 180.5  10.1 4.48E-03 002.7 242.5   7.8 19.47988 9.123190 2.405695 shoemake 2024-09-09 17:33:53 
TT 210 188.3  10.4 188.3  10.4 3.08E-03 007.5 250.2   8.7 38.30350 12.77818 2.167437 shoemake 2024-09-16 13:01:41 
TT 240 186.5   9.8 186.5   9.8 3.10E-03 001.8 248.5   8.0 8.818085 3.133856 2.476924 shoemake 2024-09-18 14:17:36 
TT 270 187.7  11.3 187.7  11.3 1.75E-03 004.3 249.5   9.6 12.48251 4.537353 1.501747 shoemake 2024-10-04 21:26:23 
TT 300 186.5   9.9 186.5   9.9 1.26E-03 005.7 248.5   8.1 11.63048 4.560033 1.195848 shoemake 2024-10-15 16:27:24 
TT 330 187.5  10.2 187.5  10.2 1.27E-03 007.0 249.4   8.5 14.61073 5.543039 0.349127 shoemake 2024-10-23 20:26:59 
TT 360 184.3  10.3 184.3  10.3 1.25E-03 009.7 246.2   8.3 19.46875 8.615349 0.638392 shoemake 2025-05-21 12:05:48 
TT 390 191.1  10.1 191.1  10.1 1.19E-03 008.9 253.0   8.7 17.72441 5.712698 0.587665 shoemake 2025-05-22 14:52:32 
TT 420 195.1   9.2 195.1   9.2 1.16E-03 005.0 257.1   8.1 9.912346 2.446672 0.803279 shoemake 2025-05-25 17:07:36 
TT 420 185.4  10.4 185.4  10.4 1.17E-03 004.1 247.3   8.5 7.699584 3.481588 0.514405 shoemake 2025-06-19 11:38:09 
TT 450 309.8  56.8 309.8  56.8 1.25E-05 026.6 014.5  61.7 0.448142 0.474093 0.062416 shoemake 2025-06-30 14:01:10 
TT 450 300.9  56.2 300.9  56.2 1.23E-05 026.6 004.1  61.2 0.445731 0.457393 0.042382 shoemake 2025-06-30 18:37:31 
TT 450 302.4  57.5 302.4  57.5 1.22E-05 026.8 005.9  62.5 0.445704 0.456360 0.038998 shoemake 2025-07-02 17:33:06 
