PKSH- 1 sun compass orientation
    770 337.8  23.0   0.0   0.0   1.0
NRM    148.9 -45.5 148.9 -45.5 5.20E-03 001.8 284.5 -44.3 11.42520 10.88486 8.904965 shoemake 2024-07-15 17:46:00 
LT1 77 145.6 -44.1 145.6 -44.1 5.32E-03 003.0 280.7 -44.4 26.71412 6.406205 2.865001 shoemake 2024-07-29 19:15:54 
LT2 77 147.1 -44.6 147.1 -44.6 5.26E-03 005.0 282.3 -44.3 44.61431 9.394418 4.071543 shoemake 2024-08-12 13:27:24 
TT  70 139.7 -39.4 139.7 -39.4 5.12E-03 002.5 272.1 -42.7 21.35146 3.808992 7.284953 shoemake 2024-08-22 19:02:09 
TT  70 141.9 -40.5 141.9 -40.5 5.10E-03 004.6 274.9 -42.8 40.39844 5.278923 7.093395 shoemake 2024-08-22 22:33:45 
TT 100 146.5 -40.3 146.5 -40.3 4.77E-03 001.8 278.7 -40.8 14.24899 4.769933 5.528164 shoemake 2024-08-29 14:08:19 
TT 130 136.1 -32.8 136.1 -32.8 3.04E-03 002.2 264.5 -38.3 11.43986 2.261888 1.813174 shoemake 2024-09-02 17:31:50 
TT 160 129.3 -31.0 129.3 -31.0 2.97E-03 006.6 256.9 -39.3 33.83408 7.295145 1.765807 shoemake 2024-09-04 19:53:19 
TT 190 132.3 -30.5 132.3 -30.5 2.99E-03 002.0 259.6 -37.7 10.20825 2.584099 1.705879 shoemake 2024-09-09 17:01:37 
TT 210 136.6 -27.5 136.6 -27.5 1.78E-03 004.6 262.1 -33.4 14.06304 1.750146 1.472019 shoemake 2024-09-16 12:29:38 
TT 240 136.1 -27.9 136.1 -27.9 1.75E-03 005.5 261.8 -34.0 16.59031 2.246058 1.295728 shoemake 2024-09-18 13:45:35 
TT 270 132.5 -26.0 132.5 -26.0 1.74E-03 003.2 257.3 -33.6 9.521079 2.542067 0.907826 shoemake 2024-10-04 20:54:18 
TT 300 135.4 -26.5 135.4 -26.5 1.38E-03 001.3 260.4 -33.0 2.924578 1.162635 1.014160 shoemake 2024-10-15 15:54:55 
TT 330 114.8 -17.7 114.8 -17.7 1.16E-03 003.2 235.5 -32.2 5.265828 3.628919 0.298897 shoemake 2024-10-23 19:47:11 
TT 360 135.2 -26.1 135.2 -26.1 1.16E-03 001.1 260.0 -32.7 2.043534 1.472332 0.411249 shoemake 2025-05-21 11:33:32 
TT 390 134.9 -26.2 134.9 -26.2 1.16E-03 004.6 259.8 -32.9 9.136404 2.140738 0.446564 shoemake 2025-05-22 14:15:22 
TT 420 131.4 -25.2 131.4 -25.2 1.15E-03 007.3 255.9 -33.3 14.34419 3.766767 0.489629 shoemake 2025-05-25 16:28:23 
TT 420 133.6 -26.3 133.6 -26.3 1.16E-03 006.7 258.6 -33.5 13.28885 3.119197 0.404522 shoemake 2025-06-18 16:51:15 
TT 450 131.3 -24.9 131.3 -24.9 1.13E-03 007.4 255.6 -33.1 14.11046 4.056126 0.506722 shoemake 2025-06-30 13:28:49 
