PKSH- 1 sun compass orientation
    770 337.8  23.0   0.0   0.0   1.0
NRM    033.8 -65.8 033.8 -65.8 3.27E-03 003.5 079.4 -76.5 13.26621 12.90486 19.86360 shoemake 2024-07-15 17:52:20 
LT1 77 046.7 -65.2 046.7 -65.2 3.23E-03 001.9 091.9 -81.3 3.573830 7.461828 21.17413 shoemake 2024-07-29 19:24:42 
LT2 77 049.4 -64.6 049.4 -64.6 3.22E-03 002.5 099.1 -82.1 5.144418 9.564438 28.39743 shoemake 2024-08-12 13:34:57 
TT  70 068.7 -62.5 068.7 -62.5 3.04E-03 002.0 185.2 -85.5 3.573268 10.45308 21.37990 shoemake 2024-08-22 19:09:26 
TT  70 068.4 -62.6 068.4 -62.6 3.03E-03 002.2 183.6 -85.6 3.895253 11.16729 21.63173 shoemake 2024-08-22 22:41:02 
TT 100 085.8 -59.0 085.8 -59.0 2.89E-03 001.1 233.8 -78.6 3.092015 7.138535 20.43215 shoemake 2024-08-29 14:15:40 
TT 130 132.4 -37.8 132.4 -37.8 2.35E-03 004.0 264.2 -44.2 15.93698 3.375453 4.779801 shoemake 2024-09-02 17:39:19 
TT 160 125.9 -34.5 125.9 -34.5 2.35E-03 004.8 255.6 -43.7 18.60384 6.031049 3.684411 shoemake 2024-09-04 20:00:47 
TT 190 124.3 -34.1 124.3 -34.1 2.23E-03 004.7 253.7 -44.0 17.03867 6.802721 2.932842 shoemake 2024-09-09 17:09:05 
TT 210 134.0 -31.6 134.0 -31.6 1.48E-03 001.9 261.9 -38.1 4.645489 1.577760 1.664941 shoemake 2024-09-16 12:36:58 
TT 240 131.6 -30.2 131.6 -30.2 1.50E-03 000.6 258.7 -37.8 1.161933 1.166307 1.487543 shoemake 2024-09-18 13:52:56 
TT 270 134.6 -31.3 134.6 -31.3 1.49E-03 001.8 262.3 -37.6 4.312324 1.483597 1.258708 shoemake 2024-10-04 21:01:44 
TT 300 131.6 -28.2 131.6 -28.2 1.23E-03 004.3 257.6 -35.9 9.033817 2.359817 0.982979 shoemake 2024-10-15 16:02:22 
TT 330 137.2 -27.0 137.2 -27.0 1.15E-03 007.1 262.4 -32.7 14.23190 2.006595 0.296054 shoemake 2024-10-23 19:54:35 
TT 360 135.2 -26.1 135.2 -26.1 1.15E-03 003.3 260.0 -32.7 6.414850 1.813398 0.411732 shoemake 2025-05-21 11:41:03 
TT 390 138.2 -26.7 138.2 -26.7 1.14E-03 004.4 263.2 -32.1 8.597844 1.714990 0.476250 shoemake 2025-05-22 14:22:53 
TT 420 140.7 -27.7 140.7 -27.7 1.13E-03 004.7 266.1 -32.0 9.328544 1.455574 0.562234 shoemake 2025-05-25 16:35:56 
TT 420 141.9 -28.6 141.9 -28.6 1.13E-03 007.8 267.7 -32.3 15.46635 2.015420 0.536502 shoemake 2025-06-18 16:58:23 
TT 450 136.3 -24.8 136.3 -24.8 7.36E-04 001.3 260.4 -31.1 1.429638 1.266253 0.346164 shoemake 2025-06-30 13:36:21 
