PKSH- 2 sun compass orientation
    770  27.3   5.0   0.0   0.0   1.0
NRM    183.9  12.7 183.9  12.7 9.46E-03 000.9 245.7  10.7 10.06040 6.857812 8.841527 shoemake 2024-07-15 18:13:19 
LT1 77 183.4  11.9 183.4  11.9 9.36E-03 001.4 245.2   9.8 22.99242 7.850250 4.960559 shoemake 2024-07-29 19:51:20 
LT2 77 185.9  11.6 185.9  11.6 9.26E-03 000.7 247.7   9.7 8.994940 6.995351 7.433830 shoemake 2024-08-12 13:57:39 
TT  70 189.3   9.9 189.3   9.9 6.98E-03 005.6 251.2   8.3 64.65576 21.41120 4.825734 shoemake 2024-08-22 19:31:24 
TT  70 188.8   9.8 188.8   9.8 6.93E-03 006.2 250.7   8.2 69.36122 28.59191 5.966292 shoemake 2024-08-22 23:02:57 
TT 100 189.3   9.9 189.3   9.9 6.95E-03 007.0 251.2   8.3 80.90864 27.35214 4.803842 shoemake 2024-08-29 14:37:46 
TT 130 191.7   9.9 191.7   9.9 5.42E-03 000.7 253.6   8.5 4.881793 3.562511 4.061036 shoemake 2024-09-02 18:10:47 
TT 160 190.9   9.8 190.9   9.8 5.37E-03 005.3 252.8   8.4 47.77654 14.15862 3.394836 shoemake 2024-09-04 20:22:47 
TT 190 184.7   9.9 184.7   9.9 4.42E-03 004.2 246.7   8.0 30.13527 12.01754 3.047543 shoemake 2024-09-09 17:31:19 
TT 210 117.6   4.6 117.6   4.6 9.89E-04 069.1 180.3  -0.4 2.845489 267.4088 46.49645 shoemake 2024-09-16 12:59:13 
TT 210 117.8   5.2 117.8   5.2 5.29E-04 077.7 180.5   0.2 3.568097 281.7109 47.49431 shoemake 2024-09-16 16:48:22 
TT 210 186.4  10.8 186.4  10.8 2.73E-03 000.8 248.3   9.0 2.949013 1.262521 1.718180 shoemake 2024-09-16 16:54:02 
TT 240 191.4  10.7 191.4  10.7 2.71E-03 006.6 253.3   9.3 30.55045 8.066990 1.337628 shoemake 2024-09-18 14:15:10 
TT 270 193.3  11.2 193.3  11.2 1.78E-03 002.5 255.1  10.0 7.372793 2.031956 1.296383 shoemake 2024-10-04 21:23:53 
TT 300 191.0  10.4 191.0  10.4 1.20E-03 003.6 252.9   9.0 7.098021 2.200710 1.076307 shoemake 2024-10-15 16:24:53 
TT 330 192.9  10.6 192.9  10.6 1.18E-03 004.8 254.8   9.3 9.637280 2.567549 0.296666 shoemake 2024-10-23 20:24:31 
TT 360 189.4  11.2 189.4  11.2 1.15E-03 008.1 251.2   9.6 15.57454 5.336513 0.584849 shoemake 2025-05-21 12:03:19 
TT 390 190.4  11.7 190.4  11.7 1.12E-03 005.8 252.2  10.2 10.77655 3.559617 0.553613 shoemake 2025-05-22 14:50:04 
TT 420 194.9  10.4 194.9  10.4 1.10E-03 003.3 256.8   9.3 6.088656 1.742703 0.848764 shoemake 2025-05-25 17:05:06 
TT 420 192.4  11.4 192.4  11.4 1.10E-03 003.1 254.2  10.1 5.720430 1.996968 0.777208 shoemake 2025-06-19 11:35:46 
TT 450 150.0  64.2 150.0  64.2 1.21E-05 026.2 207.9  59.9 0.437867 0.440638 0.040116 shoemake 2025-06-30 13:58:39 
TT 450 146.0  65.3 146.0  65.3 1.21E-05 026.3 204.3  60.8 0.437180 0.441790 0.045742 shoemake 2025-06-30 18:35:02 
TT 450 141.3  64.6 141.3  64.6 1.22E-05 026.3 200.4  60.0 0.442688 0.449390 0.042030 shoemake 2025-07-02 17:30:36 
