PKSH- 1 sun compass orientation
    770 337.8  23.0   0.0   0.0   1.0
NRM    141.4 -30.8 141.4 -30.8 5.39E-03 005.9 268.4 -34.5 54.33420 9.376183 12.30817 shoemake 2024-07-15 17:37:28 
LT1 77 139.4 -30.2 139.4 -30.2 5.42E-03 001.2 266.2 -34.7 5.346798 4.527304 9.236262 shoemake 2024-07-29 19:03:59 
LT2 77 139.9 -30.2 139.9 -30.2 5.40E-03 001.7 266.6 -34.5 11.18863 5.563168 10.21590 shoemake 2024-08-12 13:17:15 
TT  70 140.6 -30.8 140.6 -30.8 5.35E-03 007.0 267.6 -34.8 64.84138 6.495236 9.202661 shoemake 2024-08-22 18:52:17 
TT  70 140.1 -30.6 140.1 -30.6 5.34E-03 007.4 267.1 -34.8 68.59866 7.278896 9.300709 shoemake 2024-08-22 22:23:55 
TT 100 138.5 -28.8 138.5 -28.8 4.95E-03 001.8 264.6 -33.8 13.27511 4.941864 7.559928 shoemake 2024-08-29 13:58:22 
TT 130 137.2 -27.6 137.2 -27.6 3.64E-03 001.1 262.7 -33.3 3.427092 3.538038 5.676648 shoemake 2024-09-02 15:12:18 
TT 160 138.8 -28.0 138.8 -28.0 3.47E-03 001.1 264.5 -33.0 3.666102 3.111269 5.281956 shoemake 2024-09-04 19:43:40 
TT 190 133.0 -24.4 133.0 -24.4 3.63E-03 006.8 257.0 -32.0 40.98067 12.02953 6.025244 shoemake 2024-09-09 16:51:49 
TT 210 135.2 -21.4 135.2 -21.4 1.68E-03 002.5 257.7 -28.4 6.925155 2.495219 1.409362 shoemake 2024-09-16 12:19:42 
TT 240 134.5 -22.3 134.5 -22.3 1.62E-03 010.6 257.5 -29.5 29.35329 7.578032 1.755448 shoemake 2024-09-18 13:35:31 
TT 270 133.8 -21.2 133.8 -21.2 1.64E-03 003.1 256.3 -28.7 8.134293 3.091895 1.751181 shoemake 2024-10-04 20:44:39 
TT 300 137.8 -24.0 137.8 -24.0 1.30E-03 000.8 261.5 -29.8 0.871156 1.205297 1.267566 shoemake 2024-10-15 15:45:11 
TT 330 116.8 -15.2 116.8 -15.2 1.01E-03 010.8 236.6 -29.3 15.88230 11.11722 0.897382 shoemake 2024-10-23 19:37:32 
TT 330 135.3 -21.8 135.3 -21.8 1.03E-03 001.6 258.0 -28.7 2.645867 1.003797 0.648760 shoemake 2024-10-24 15:12:31 
TT 360 130.9 -21.7 130.9 -21.7 1.00E-03 007.4 253.7 -30.3 12.41735 4.272011 0.941779 shoemake 2025-05-21 11:23:44 
TT 390 131.6 -20.8 131.6 -20.8 1.01E-03 004.2 254.0 -29.2 6.817972 2.732727 0.957722 shoemake 2025-05-22 14:05:32 
TT 420 136.3 -23.3 136.3 -23.3 1.00E-03 003.9 259.7 -29.7 6.483984 2.087045 0.878074 shoemake 2025-05-25 16:18:35 
TT 420 138.2 -24.3 138.2 -24.3 1.00E-03 008.1 262.0 -29.9 13.91460 2.905777 0.990157 shoemake 2025-06-18 16:41:58 
TT 450 132.5 -21.1 132.5 -21.1 9.55E-04 003.8 255.0 -29.1 5.820835 2.549377 0.907406 shoemake 2025-06-30 13:19:02 
