PKSH- 3 sun compass orientation
    770 244.8  24.5   0.0   0.0   1.0
NRM    212.2  10.9 212.2  10.9 6.50E-03 002.6 064.0  23.1 24.49894 14.18788 10.01367 shoemake 2024-07-15 18:23:42 
LT1 77 217.0  12.3 217.0  12.3 6.58E-03 003.8 069.3  22.5 40.43231 16.43031 4.816413 shoemake 2024-07-29 20:06:07 
LT2 77 211.9  10.0 211.9  10.0 6.51E-03 006.7 063.4  22.3 68.98428 33.89438 6.123169 shoemake 2024-08-12 14:10:16 
TT  70 214.0  10.2 214.0  10.2 6.46E-03 003.7 065.5  21.7 37.93930 17.89298 4.449965 shoemake 2024-08-22 19:43:36 
TT  70 214.4  10.3 214.4  10.3 6.46E-03 003.4 065.9  21.7 34.43989 15.81298 4.596172 shoemake 2024-08-22 23:15:06 
TT 100 207.3   7.8 207.3   7.8 6.41E-03 009.0 057.9  22.0 86.15648 54.64126 4.336335 shoemake 2024-08-29 14:50:07 
TT 130 208.6   8.2 208.6   8.2 6.28E-03 004.0 059.4  21.8 37.20338 22.67024 4.413696 shoemake 2024-09-02 18:38:52 
TT 160 211.2   9.4 211.2   9.4 6.21E-03 009.5 062.4  22.0 92.70062 48.35237 3.761433 shoemake 2024-09-04 20:34:53 
TT 190 208.4   8.2 208.4   8.2 6.01E-03 005.0 059.2  21.9 45.49558 25.61857 3.555167 shoemake 2024-09-09 18:44:36 
TT 210 210.3   8.9 210.3   8.9 5.87E-03 002.7 061.3  21.9 24.70459 13.58468 3.449344 shoemake 2024-09-16 13:11:41 
TT 240 213.6  10.3 213.6  10.3 5.90E-03 002.1 065.2  22.0 19.20564 11.07575 3.525489 shoemake 2024-09-18 14:27:36 
TT 270 215.6  10.7 215.6  10.7 3.07E-03 006.1 067.3  21.6 30.32489 12.84210 1.798517 shoemake 2024-10-04 21:36:09 
TT 300 216.5  11.3 216.5  11.3 2.55E-03 002.1 068.4  21.8 8.551165 3.450956 1.984656 shoemake 2024-10-15 16:37:15 
TT 330 208.4   8.5 208.4   8.5 2.57E-03 000.9 059.3  22.2 3.542242 2.244728 0.812458 shoemake 2024-10-23 20:36:36 
TT 360 210.2   8.8 210.2   8.8 2.55E-03 005.4 061.2  21.8 20.74829 11.98456 1.588864 shoemake 2025-05-21 12:15:34 
TT 390 217.6  11.9 217.6  11.9 2.33E-03 003.3 069.7  21.9 12.68216 4.976856 1.197458 shoemake 2025-05-22 15:02:17 
TT 420 209.5   8.7 209.5   8.7 2.30E-03 002.0 060.5  22.0 7.023167 4.490636 1.029021 shoemake 2025-05-26 13:39:24 
TT 420 208.8   8.5 208.8   8.5 2.29E-03 005.9 059.7  22.1 20.19026 12.57121 1.122961 shoemake 2025-06-19 11:47:25 
TT 450 189.4  64.5 189.4  64.5 1.94E-05 019.4 101.9  75.5 0.501991 0.472141 0.033910 shoemake 2025-06-30 14:10:56 
TT 450 188.6  64.6 188.6  64.6 1.97E-05 018.7 101.8  75.9 0.485615 0.471602 0.017215 shoemake 2025-06-30 18:47:11 
TT 450 188.9  64.7 188.9  64.7 1.96E-05 018.7 102.3  75.8 0.484740 0.470356 0.026866 shoemake 2025-07-02 17:44:48 
