PKSH- 3 sun compass orientation
    770 244.8  24.5   0.0   0.0   1.0
NRM    214.7  13.0 214.7  13.0 7.87E-03 001.3 067.4  24.0 11.45635 10.70947 11.07280 shoemake 2024-07-15 18:25:50 
LT1 77 211.1  10.4 211.1  10.4 8.02E-03 002.1 062.7  23.0 24.94609 15.57154 3.331160 shoemake 2024-07-29 20:09:16 
LT2 77 219.6  13.7 219.6  13.7 7.89E-03 003.5 072.5  22.8 46.22451 14.42007 5.774459 shoemake 2024-08-12 14:12:50 
TT  70 217.3  12.1 217.3  12.1 7.75E-03 007.6 069.5  22.2 95.23879 40.83111 4.320763 shoemake 2024-08-22 19:46:05 
TT  70 216.4  11.7 216.4  11.7 7.74E-03 008.6 068.5  22.2 106.6995 47.17354 4.422246 shoemake 2024-08-22 23:17:35 
TT 100 208.4   8.5 208.4   8.5 7.76E-03 007.2 059.3  22.2 81.78892 55.21503 5.113763 shoemake 2024-08-29 14:52:37 
TT 130 213.1  10.0 213.1  10.0 7.60E-03 000.8 064.5  21.9 8.110178 5.396558 6.339838 shoemake 2024-09-02 18:41:18 
TT 160 210.3   9.2 210.3   9.2 7.51E-03 009.2 061.5  22.2 106.7124 59.37220 6.320523 shoemake 2024-09-04 20:37:18 
TT 190 212.7  10.1 212.7  10.1 7.33E-03 003.3 064.2  22.1 37.39353 18.59386 5.058968 shoemake 2024-09-09 18:47:00 
TT 210 211.7   9.7 211.7   9.7 7.13E-03 004.6 063.0  22.1 50.80651 27.22324 5.661062 shoemake 2024-09-16 13:14:10 
TT 240 212.4  10.2 212.4  10.2 7.15E-03 007.4 063.9  22.3 81.92233 44.89775 4.383810 shoemake 2024-09-18 14:30:05 
TT 270 216.3   9.7 216.3   9.7 3.65E-03 001.3 067.5  20.4 7.041979 3.188110 3.582024 shoemake 2024-10-04 21:38:34 
TT 300 214.8  10.3 214.8  10.3 3.13E-03 000.7 066.3  21.5 2.139909 2.238629 2.793139 shoemake 2024-10-15 16:39:41 
TT 330 212.2   9.8 212.2   9.8 3.16E-03 002.8 063.6  22.0 14.24577 6.331711 2.456915 shoemake 2024-10-23 20:39:00 
TT 360 206.0   6.6 206.0   6.6 3.13E-03 006.5 056.2  21.3 29.70232 20.17271 1.194706 shoemake 2025-05-21 12:18:05 
TT 390 210.4   8.5 210.4   8.5 2.79E-03 006.6 061.3  21.5 28.02398 15.81092 1.176581 shoemake 2025-05-22 15:04:46 
TT 420 211.5   8.8 211.5   8.8 2.76E-03 001.0 062.5  21.3 4.275785 3.258201 1.231214 shoemake 2025-05-26 13:41:52 
TT 420 208.3   7.7 208.3   7.7 2.77E-03 001.0 058.9  21.5 4.029578 4.291089 1.947262 shoemake 2025-06-19 11:49:46 
TT 450 202.0  43.8 202.0  43.8 2.51E-05 018.0 073.3  56.4 0.643145 0.581508 0.047861 shoemake 2025-06-30 14:13:24 
TT 450 207.4  46.5 207.4  46.5 2.57E-05 017.5 081.7  56.4 0.637086 0.581551 0.016000 shoemake 2025-06-30 18:49:37 
TT 450 207.4  46.2 207.4  46.2 2.55E-05 017.6 081.3  56.2 0.640140 0.578847 0.034102 shoemake 2025-07-02 17:47:16 
