PKSH- 1 sun compass orientation
    770 337.8  23.0   0.0   0.0   1.0
NRM    131.7 -31.2 131.7 -31.2 5.18E-03 003.1 259.4 -38.6 25.29148 11.09703 7.885041 shoemake 2024-07-15 17:43:51 
LT1 77 130.5 -30.8 130.5 -30.8 5.30E-03 002.2 258.0 -38.7 20.42313 4.260193 3.499565 shoemake 2024-07-29 19:12:53 
LT2 77 129.4 -30.0 129.4 -30.0 5.26E-03 004.6 256.4 -38.4 41.25260 10.80244 3.787675 shoemake 2024-08-12 13:24:50 
TT  70 127.7 -28.7 127.7 -28.7 5.25E-03 003.0 254.0 -37.9 25.85114 8.288604 3.536205 shoemake 2024-08-22 18:59:40 
TT  70 128.6 -28.9 128.6 -28.9 5.21E-03 002.2 255.0 -37.7 18.14486 8.819618 4.214451 shoemake 2024-08-22 22:31:17 
TT 100 137.0 -30.9 137.0 -30.9 4.93E-03 002.7 264.3 -36.3 23.14091 3.815100 3.001320 shoemake 2024-08-29 14:05:49 
TT 130 132.8 -28.7 132.8 -28.7 3.25E-03 005.9 259.1 -35.9 33.06273 6.292309 1.970751 shoemake 2024-09-02 17:29:23 
TT 160 129.0 -28.4 129.0 -28.4 3.17E-03 006.4 255.2 -37.1 34.44718 8.394147 1.786640 shoemake 2024-09-04 19:50:53 
TT 190 130.4 -27.1 130.4 -27.1 3.22E-03 008.4 255.9 -35.4 46.29002 10.94722 1.684893 shoemake 2024-09-09 16:59:11 
TT 210 131.9 -25.2 131.9 -25.2 1.82E-03 003.0 256.4 -33.1 9.057467 2.033412 2.033209 shoemake 2024-09-16 12:27:11 
TT 240 131.3 -26.1 131.3 -26.1 1.81E-03 010.5 256.2 -34.2 32.69204 6.897744 0.971817 shoemake 2024-09-18 13:43:05 
TT 270 130.6 -25.0 130.6 -25.0 1.80E-03 003.5 255.0 -33.4 10.53757 2.862241 1.029553 shoemake 2024-10-04 20:51:53 
TT 300 132.8 -24.6 132.8 -24.6 1.48E-03 001.1 256.9 -32.2 2.601890 1.073696 1.097310 shoemake 2024-10-15 15:52:29 
TT 330 131.1 -23.5 131.1 -23.5 1.17E-03 009.1 254.7 -31.9 18.09808 4.763674 0.405046 shoemake 2024-10-23 19:44:47 
TT 330 130.7 -22.8 130.7 -22.8 1.19E-03 002.1 254.0 -31.4 4.291669 0.764473 0.538349 shoemake 2024-10-24 15:14:55 
TT 360 129.2 -23.2 129.2 -23.2 1.18E-03 005.4 252.7 -32.3 10.57883 3.490074 0.500220 shoemake 2025-05-21 11:31:03 
TT 390 131.1 -24.1 131.1 -24.1 1.18E-03 001.9 255.0 -32.4 3.659788 1.685533 0.530533 shoemake 2025-05-22 14:12:52 
TT 420 136.8 -26.7 136.8 -26.7 1.18E-03 006.8 261.9 -32.6 13.96341 2.318255 0.572946 shoemake 2025-05-25 16:25:55 
TT 420 131.1 -24.1 131.1 -24.1 1.20E-03 003.8 255.0 -32.4 7.534278 2.605125 0.427159 shoemake 2025-06-18 16:48:54 
TT 450 133.1 -25.5 133.1 -25.5 1.15E-03 007.7 257.7 -32.9 15.10294 3.705875 0.590077 shoemake 2025-06-30 13:26:21 
