PKSH- 1 sun compass orientation
    770 337.8  23.0   0.0   0.0   1.0
NRM    135.0 -40.3 135.0 -40.3 6.15E-03 006.8 268.4 -45.3 72.68423 12.11352 6.981551 shoemake 2024-07-15 17:56:21 
LT1 77 130.3 -37.4 130.3 -37.4 6.17E-03 003.4 261.9 -44.6 36.48963 3.894945 2.136876 shoemake 2024-07-29 19:27:37 
LT2 77 136.6 -39.9 136.6 -39.9 6.12E-03 003.3 269.6 -44.3 35.06151 7.499444 3.054544 shoemake 2024-08-12 13:37:27 
TT  70 133.8 -35.5 133.8 -35.5 5.73E-03 000.9 264.0 -41.6 6.837232 5.603061 2.964930 shoemake 2024-08-22 19:11:50 
TT  70 133.3 -35.3 133.3 -35.3 5.74E-03 001.3 263.4 -41.6 11.23810 5.884679 2.948298 shoemake 2024-08-22 22:43:26 
TT 100 134.8 -34.9 134.8 -34.9 5.44E-03 004.4 264.6 -40.7 41.17556 8.265566 3.532540 shoemake 2024-08-29 14:18:05 
TT 130 135.9 -29.9 135.9 -29.9 3.48E-03 001.9 262.7 -35.8 10.89746 3.530417 2.794217 shoemake 2024-09-02 17:41:48 
TT 160 130.9 -28.5 130.9 -28.5 3.43E-03 004.7 257.1 -36.5 27.22513 7.647260 2.735944 shoemake 2024-09-04 20:03:14 
TT 190 131.0 -28.8 131.0 -28.8 3.21E-03 003.7 257.4 -36.7 19.98385 5.872033 2.163915 shoemake 2024-09-09 17:11:37 
TT 210 130.0 -25.5 130.0 -25.5 2.06E-03 004.9 254.6 -34.1 16.71214 5.667048 1.117486 shoemake 2024-09-16 12:39:26 
TT 240 131.5 -26.6 131.5 -26.6 2.04E-03 006.4 256.7 -34.5 22.20591 6.089218 1.411260 shoemake 2024-09-18 13:55:22 
TT 270 133.1 -26.9 133.1 -26.9 2.05E-03 001.7 258.4 -34.2 5.732192 1.290773 1.501103 shoemake 2024-10-04 21:04:13 
TT 300 130.9 -26.0 130.9 -26.0 1.57E-03 003.9 255.8 -34.2 10.18821 3.439506 1.373419 shoemake 2024-10-15 16:05:07 
TT 330 128.3 -24.0 128.3 -24.0 1.49E-03 005.3 252.2 -33.4 12.76169 4.889385 1.152597 shoemake 2024-10-23 19:57:04 
TT 360 132.1 -25.7 132.1 -25.7 1.47E-03 004.2 256.8 -33.5 10.27300 3.584704 1.026982 shoemake 2025-05-21 11:43:31 
TT 390 132.8 -25.9 132.8 -25.9 1.45E-03 003.1 257.6 -33.4 7.445166 2.821976 0.843917 shoemake 2025-05-22 14:25:20 
TT 420 133.0 -26.1 133.0 -26.1 1.44E-03 004.8 257.9 -33.5 11.54855 3.537606 1.075461 shoemake 2025-05-25 16:38:25 
TT 420 131.6 -25.5 131.6 -25.5 1.45E-03 001.7 256.2 -33.5 3.858867 2.487828 0.940527 shoemake 2025-06-18 17:00:45 
TT 450 125.2 -22.7 125.2 -22.7 5.87E-04 008.5 248.4 -33.3 8.080147 3.576328 0.347876 shoemake 2025-06-30 13:38:50 
