PKSH- 3 sun compass orientation
    770 244.8  24.5   0.0   0.0   1.0
NRM    213.0  14.8 213.0  14.8 7.94E-03 001.4 066.5  26.3 12.33892 10.27305 11.37302 shoemake 2024-07-15 18:21:34 
LT1 77 210.5  12.1 210.5  12.1 8.12E-03 000.6 062.8  24.8 7.101113 5.838010 4.660001 shoemake 2024-07-29 20:03:07 
LT2 77 211.1  12.3 211.1  12.3 8.04E-03 004.8 063.5  24.8 59.48073 30.71356 6.502125 shoemake 2024-08-12 14:07:41 
TT  70 213.9  11.9 213.9  11.9 8.04E-03 005.4 066.1  23.3 68.81541 32.24021 5.137391 shoemake 2024-08-22 19:41:07 
TT  70 214.4  12.1 214.4  12.1 8.05E-03 004.8 066.7  23.3 61.39745 27.83440 5.178991 shoemake 2024-08-22 23:12:37 
TT 100 213.4  11.8 213.4  11.8 8.05E-03 004.9 065.6  23.4 61.33050 30.41751 5.604809 shoemake 2024-08-29 14:47:36 
TT 130 216.7  12.9 216.7  12.9 7.81E-03 002.8 069.3  23.2 34.25312 15.88292 5.531474 shoemake 2024-09-02 18:36:27 
TT 160 208.1   9.7 208.1   9.7 7.73E-03 007.3 059.4  23.4 83.56027 52.23502 6.578114 shoemake 2024-09-04 20:32:28 
TT 190 208.4   9.6 208.4   9.6 7.53E-03 003.1 059.7  23.2 35.02811 21.03514 3.372014 shoemake 2024-09-09 17:41:13 
TT 210 212.1  10.7 212.1  10.7 7.20E-03 005.1 063.9  22.9 57.48707 29.01698 4.926774 shoemake 2024-09-16 13:09:13 
TT 240 210.0  10.0 210.0  10.0 7.23E-03 001.5 061.5  23.0 16.49120 8.453301 5.169769 shoemake 2024-09-18 14:25:05 
TT 270 209.9   9.6 209.9   9.6 3.94E-03 003.0 061.2  22.7 17.75924 10.79785 3.422297 shoemake 2024-10-04 21:33:44 
TT 300 210.6  10.4 210.6  10.4 3.22E-03 007.1 062.3  23.2 35.13922 19.12241 2.919181 shoemake 2024-10-15 16:34:48 
TT 330 214.1  11.6 214.1  11.6 3.24E-03 002.0 066.2  23.0 9.834428 5.935848 0.983094 shoemake 2024-10-23 20:34:13 
TT 360 210.2   9.8 210.2   9.8 3.21E-03 000.6 061.6  22.8 3.145378 3.193067 1.287196 shoemake 2025-05-21 12:13:06 
TT 390 216.0  12.5 216.0  12.5 3.00E-03 002.2 068.4  23.1 10.38054 5.176376 1.312930 shoemake 2025-05-22 14:59:49 
TT 420 209.3   9.7 209.3   9.7 2.97E-03 001.0 060.7  23.0 4.758861 3.394127 1.540855 shoemake 2025-05-26 13:36:57 
TT 420 209.7  10.0 209.7  10.0 2.97E-03 003.4 061.2  23.1 15.32589 9.446341 1.444241 shoemake 2025-06-19 11:45:06 
TT 450 186.4  56.8 186.4  56.8 1.83E-05 024.5 074.8  72.7 0.603513 0.594074 0.029752 shoemake 2025-06-30 14:08:30 
TT 450 185.7  57.1 185.7  57.1 1.88E-05 023.9 074.8  73.2 0.605419 0.593221 0.027490 shoemake 2025-06-30 18:44:46 
TT 450 186.2  57.1 186.2  57.1 1.86E-05 024.0 075.4  73.0 0.604230 0.591718 0.043980 shoemake 2025-07-02 17:42:21 
