PKSH- 2 sun compass orientation
    770  27.3   5.0   0.0   0.0   1.0
NRM    205.2  12.6 205.2  12.6 6.50E-03 002.7 266.8  12.4 27.71098 6.070879 11.26391 shoemake 2024-07-15 18:04:50 
LT1 77 192.7  13.4 192.7  13.4 6.56E-03 000.9 254.3  12.1 8.368862 3.270395 6.677298 shoemake 2024-07-29 19:39:28 
LT2 77 202.8  12.4 202.8  12.4 6.49E-03 001.3 264.4  12.0 12.02522 4.887268 7.343738 shoemake 2024-08-12 13:47:33 
TT  70 194.6  12.1 194.6  12.1 5.56E-03 004.8 256.3  11.0 45.61241 10.12049 5.871152 shoemake 2024-08-22 19:21:38 
TT  70 195.2  12.1 195.2  12.1 5.57E-03 004.2 256.9  11.0 40.11436 8.582901 5.824202 shoemake 2024-08-22 22:53:14 
TT 100 194.0  12.1 194.0  12.1 5.57E-03 001.8 255.7  10.9 15.70755 4.539983 5.773422 shoemake 2024-08-29 14:27:56 
TT 130 194.7  11.5 194.7  11.5 4.71E-03 002.3 256.5  10.4 17.82067 5.891619 5.405202 shoemake 2024-09-02 18:00:49 
TT 160 190.2  11.8 190.2  11.8 4.68E-03 002.5 252.0  10.3 18.74542 5.694368 5.161180 shoemake 2024-09-04 20:12:53 
TT 190 197.1  10.6 197.1  10.6 3.97E-03 011.9 258.9   9.7 81.95090 15.27558 3.607883 shoemake 2024-09-09 17:21:26 
TT 210 192.7  11.5 192.7  11.5 2.10E-03 008.7 254.5  10.2 31.14608 8.122602 2.933938 shoemake 2024-09-16 12:49:26 
TT 240 197.4  10.5 197.4  10.5 2.11E-03 005.6 259.2   9.6 20.19293 3.529438 2.758905 shoemake 2024-09-18 14:05:21 
TT 270 194.5  11.2 194.5  11.2 1.93E-03 001.8 256.3  10.1 5.370904 2.123685 2.142162 shoemake 2024-10-04 21:14:01 
TT 300 188.0  10.2 188.0  10.2 1.12E-03 007.4 249.9   8.5 13.67563 5.074712 1.225636 shoemake 2024-10-15 16:14:56 
TT 330 189.2  10.9 189.2  10.9 1.07E-03 015.1 251.1   9.3 27.24489 9.503000 0.715508 shoemake 2024-10-23 20:14:45 
TT 330 192.2  10.5 192.2  10.5 1.10E-03 003.5 254.1   9.2 6.366910 1.807334 0.999532 shoemake 2024-10-24 15:18:02 
TT 360 193.0  10.3 193.0  10.3 1.09E-03 002.7 254.9   9.0 4.986671 1.457261 0.872488 shoemake 2025-05-21 11:53:16 
TT 390 189.5  10.6 189.5  10.6 1.09E-03 003.3 251.4   9.0 5.861716 2.045302 0.853214 shoemake 2025-05-22 14:35:09 
TT 420 202.4   9.4 202.4   9.4 1.07E-03 006.7 264.3   8.9 12.37457 1.412006 0.938676 shoemake 2025-05-25 16:48:14 
TT 420 197.8   9.8 197.8   9.8 1.06E-03 008.2 259.7   8.9 15.04920 2.777281 0.841705 shoemake 2025-06-18 17:10:01 
TT 450 160.9  65.8 160.9  65.8 1.73E-05 015.4 217.0  62.0 0.363068 0.340641 0.014990 shoemake 2025-06-30 13:48:36 
