PKSH- 2 sun compass orientation
    770  27.3   5.0   0.0   0.0   1.0
NRM    015.1   3.0 015.1   3.0 2.00E-03 009.5 078.1   4.0 24.32137 16.89035 24.61490 shoemake 2024-07-15 18:07:00 
LT1 77 012.3  -0.2 012.3  -0.2 1.58E-03 008.8 075.0   1.1 15.79509 9.226715 20.06093 shoemake 2024-07-29 19:42:28 
LT2 77 004.3  -0.9 004.3  -0.9 1.56E-03 016.0 067.0   1.1 16.22138 13.41974 42.52765 shoemake 2024-08-12 13:50:08 
LT2 77 011.0  -0.8 011.0  -0.8 1.57E-03 016.0 073.7   0.6 13.06285 15.60402 42.91473 shoemake 2024-08-12 15:46:48 
LT2 77 012.5 -16.0 012.5 -16.0 1.51E-03 005.9 073.9 -14.7 16.50314 8.844720 7.249513 shoemake 2024-08-12 16:01:29 
TT  70 183.6  13.2 183.6  13.2 1.41E-03 008.3 245.3  11.1 9.728910 10.42987 15.43348 shoemake 2024-08-22 19:24:06 
TT  70 186.0  13.0 186.0  13.0 1.41E-03 009.8 247.7  11.1 14.37001 12.63379 15.50807 shoemake 2024-08-22 22:55:42 
TT 100 184.1  12.6 184.1  12.6 1.42E-03 010.3 245.9  10.6 14.20161 3.807760 21.78319 shoemake 2024-08-29 14:30:26 
TT 130 187.3  11.4 187.3  11.4 3.14E-03 003.4 249.1   9.7 14.57728 3.440747 12.00804 shoemake 2024-09-02 18:03:17 
TT 160 191.1  11.1 191.1  11.1 3.20E-03 008.5 252.9   9.7 45.79734 10.33372 11.09173 shoemake 2024-09-04 20:15:19 
TT 190 186.1  11.1 186.1  11.1 2.86E-03 013.0 248.0   9.3 62.06359 21.39142 7.164790 shoemake 2024-09-09 17:23:51 
TT 210 190.1  10.9 190.1  10.9 2.04E-03 005.4 251.9   9.4 18.74015 4.930658 2.384176 shoemake 2024-09-16 12:51:54 
TT 240 193.0  10.7 193.0  10.7 2.06E-03 004.2 254.8   9.4 14.68167 3.446272 2.654858 shoemake 2024-09-18 14:07:50 
TT 270 189.9  11.6 189.9  11.6 1.81E-03 002.0 251.7  10.1 5.736897 1.604714 2.136676 shoemake 2024-10-04 21:16:27 
TT 300 194.6   9.6 194.6   9.6 1.21E-03 005.8 256.5   8.5 12.04132 2.556847 1.362180 shoemake 2024-10-15 16:17:23 
TT 330 192.1  10.6 192.1  10.6 1.18E-03 003.1 254.0   9.3 6.170703 1.559241 0.294925 shoemake 2024-10-23 20:17:09 
TT 360 192.7  10.4 192.7  10.4 1.17E-03 000.8 254.6   9.1 1.525130 1.024236 0.707448 shoemake 2025-05-21 11:55:45 
TT 390 193.0  10.4 193.0  10.4 1.15E-03 009.5 254.9   9.1 18.60564 4.956140 0.675830 shoemake 2025-05-22 14:37:39 
TT 420 198.3   9.4 198.3   9.4 1.14E-03 003.4 260.2   8.6 6.678671 1.390420 0.704115 shoemake 2025-05-25 16:50:41 
TT 420 186.5  10.5 186.5  10.5 1.14E-03 004.3 248.4   8.7 7.979108 3.070592 0.765098 shoemake 2025-06-18 17:12:22 
TT 450 193.7  48.2 193.7  48.2 2.14E-05 013.1 251.2  46.8 0.401571 0.384965 0.024400 shoemake 2025-06-30 13:51:04 
